 180,  4.285004617209208
    10  -0.356552E+03  0.122592E+03  0.884991E+02  0.340933E+02  1.212
     0.544832    1.000000    1.716710   -5.092201    0.640686
     0.544832    1.000000    0.101662   -1.155774   -1.071116
     0.544832    1.000000    2.156221    1.065619   -0.096568
     0.544832    1.000000    3.797584   -3.991416    3.959648
     0.544832    1.000000   -0.887567   -0.821185   -2.009413
     0.544832    1.000000    0.195410   -0.846418   -2.690715
     0.544832    1.000000    8.548422    2.112381    8.371234
     0.544832    1.000000    8.021615    4.728154   -0.459288
     0.544832    1.000000   -1.365081    6.420994   -7.684381
     0.544832    1.000000   -2.864978    6.514574   -4.251602
     0.544832    1.000000   -4.639999   -0.578088   -0.623420
     0.544832    1.000000   -0.682106    0.248323   -1.375398
     0.544832    1.000000   -0.311901    1.195363   -5.925908
     0.544832    1.000000    3.740844   -3.368525   -4.698630
     0.544832    1.000000   -3.454398   -6.838814   -0.662359
     0.544832    1.000000    2.537110   -4.790621   -5.439965
     0.544832    1.000000   -4.374809    2.416230   -3.017288
     0.544832    1.000000   -2.656175    1.285697   -0.675994
     0.544832    1.000000    3.888818   -1.371942   -0.363540
     0.544832    1.000000   -6.638262   -7.740798    7.004170
     0.544832    1.000000    1.089426    1.000065   -1.197069
     0.544832    1.000000    6.569426   -2.402242    1.450944
     0.544832    1.000000    5.487894    3.848761    3.910939
     0.544832    1.000000   -2.711179    0.128893    0.564114
     0.544832    1.000000    0.047567   -0.013141   -0.740044
     0.544832    1.000000    0.022329   -2.277946    1.332811
     0.544832    1.000000   -7.973482    0.231883   -3.817966
     0.544832    1.000000   -0.127539   -1.177216    1.012004
     0.544832    1.000000    2.665441   -0.229192   -2.972783
     0.544832    1.000000   -0.937587    2.901622    0.855780
     0.544832    1.000000    1.172656    1.472919   -1.519101
     0.544832    1.000000    2.045527   -7.713566   -5.726580
     0.544832    1.000000   -7.592997    5.528657   -7.729793
     0.544832    1.000000    1.591796   -0.490786    2.539599
     0.544832    1.000000   -6.005644    3.935776   -0.710004
     0.544832    1.000000   -1.276199   -2.085743   -1.071240
     0.544832    1.000000   -1.463587   -2.789344   -0.617395
     0.544832    1.000000   -5.997214   -5.002404   -4.764447
     0.544832    1.000000    5.984535   -0.845779   -3.105029
     0.544832    1.000000   -3.080067    4.004212    0.251788
     0.544832    1.000000   -6.878620    7.404543   -4.386509
     0.544832    1.000000    0.898634    0.836800    2.420461
     0.544832    1.000000   -6.011537   -1.625585    5.375732
     0.544832    1.000000    7.640821   -6.734471   -1.932403
     0.544832    1.000000   -2.018864   -3.793416    3.953830
     0.544832    1.000000    0.875624    3.303461   -4.444361
     0.544832    1.000000   -1.791073    2.714033   -1.646513
     0.544832    1.000000    5.915537   -5.621299   -2.339123
     0.544832    1.000000   -6.364404    5.788409    7.690617
     0.544832    1.000000    6.963641    3.497252   -1.373006
     0.544832    1.000000    0.054916   -2.943863   -2.809990
     0.544832    1.000000    0.314760   -1.864537    0.707103
     0.544832    1.000000   -2.561120    0.746080    1.516140
     0.544832    1.000000    2.909614   -2.074299   -6.878560
     0.544832    1.000000   -4.791604    7.750604    2.790277
     0.544832    1.000000   -0.882149    0.970275    1.349567
     0.544832    1.000000    0.558324   -1.590745    1.310683
     0.544832    1.000000    4.520167    2.180873   -6.891095
     0.544832    1.000000   -1.983193   -1.516806    1.413333
     0.544832    1.000000    0.668773    0.259434   -1.065359
     0.544832    1.000000    3.684356    5.328339    5.118485
     0.544832    1.000000    2.821429   -0.229711    0.608643
     0.544832    1.000000   -0.214521    5.674734    2.338175
     0.544832    1.000000   -5.551453    3.249552    6.064928
     0.544832    1.000000    5.232337    0.345899    0.988734
     0.544832    1.000000    1.405784   -3.472576    1.844106
     0.544832    1.000000   -0.858909    0.152843   -1.982802
     0.544832    1.000000   -0.158647   -2.123888    0.427214
     0.544832    1.000000   -3.220495    8.007986    7.385781
     0.544832    1.000000   -1.625148    7.748412    4.055670
     0.544832    1.000000   -3.045314   -1.667690    5.515106
     0.544832    1.000000   -3.639305   -3.405218    6.926382
     0.544832    1.000000    1.390972    0.805331    0.695868
     0.544832    1.000000   -4.016380    4.551717    4.057138
     0.544832    1.000000    6.079421    3.218939   -0.231059
     0.544832    1.000000    5.808298    7.800803    3.957327
     0.544832    1.000000   -3.840366   -8.404648   -6.625514
     0.544832    1.000000   -3.677844   -3.201155   -4.671404
     0.544832    1.000000    1.856821   -2.674343    2.966983
     0.544832    1.000000    7.895106    8.380124   -6.340543
     0.544832    1.000000   -0.254219    0.314066    1.343104
     0.544832    1.000000    4.811842    1.055988    4.461662
     0.544832    1.000000    0.908360   -2.059033   -5.025348
     0.544832    1.000000    1.446156    2.096367    0.636577
     0.544832    1.000000    3.612317    1.171554   -1.657531
     0.544832    1.000000   -0.696699    2.355388    1.514460
     0.544832    1.000000    4.687552   -6.343852    7.587663
     0.544832    1.000000   -1.210837    0.782719   -0.926554
     0.544832    1.000000    0.999109    2.021280   -1.213480
     0.544832    1.000000    7.455593    4.785179    2.755929
     0.544832    1.000000    0.142263   -1.889537   -0.815399
     0.544832    1.000000   -3.309443   -1.009460   -0.618448
     0.544832    1.000000    7.250652    6.794308   -3.535469
     0.544832    1.000000    2.267427    2.336869    7.435824
     0.544832    1.000000    2.282768    4.831903    1.194219
     0.544832    1.000000    0.057309    3.864950   -0.987041
     0.544832    1.000000   -3.134930   -2.193616    4.251180
     0.544832    1.000000   -2.269122    1.659673   -1.132644
     0.544832    1.000000    3.112668   -0.999661   -0.300758
     0.544832    1.000000   -3.938308   -6.495541    3.487186
     0.544832    1.000000   -1.825544   -5.235077    4.093763
     0.544832    1.000000   -0.523900   -7.743887    8.412201
     0.544832    1.000000    2.699603    5.618339   -3.033117
     0.544832    1.000000   -0.141551   -3.351763   -7.391268
     0.544832    1.000000    4.721166   -6.112734    4.136945
     0.544832    1.000000   -1.340355    0.572236    1.201808
     0.544832    1.000000    0.652446   -0.543844    1.857011
     0.544832    1.000000    1.113995   -0.134620    5.458057
     0.544832    1.000000   -4.159540   -0.400125    7.574699
     0.544832    1.000000   -2.729165   -1.933254    0.453463
     0.544832    1.000000   -7.275801   -1.553582   -5.358567
     0.544832    1.000000    1.659377    1.412862    0.164831
     0.544832    1.000000   -5.886476   -2.753648    1.717342
     0.544832    1.000000   -5.425513   -6.511764   -5.983268
     0.544832    1.000000   -1.432929    2.617020    8.561110
     0.544832    1.000000   -1.634564    0.791000    0.393968
     0.544832    1.000000   -5.322185    4.897716    8.363954
     0.544832    1.000000    1.739402   -3.889840   -1.277143
     0.544832    1.000000    2.059906   -7.189972    6.626287
     0.544832    1.000000    0.039569   -0.244694    1.257712
     0.544832   -1.000000   -6.591364   -5.715477   -2.927580
     0.544832   -1.000000    6.899510    0.559881   -8.243591
     0.544832   -1.000000    1.817510   -7.651459   -5.226213
     0.544832   -1.000000   -2.491621   -4.343311    6.238575
     0.544832   -1.000000   -6.772619    4.012271    7.147872
     0.544832   -1.000000   -2.702244    7.047255   -2.576997
     0.544832   -1.000000    2.574747   -2.767193   -5.167608
     0.544832   -1.000000   -8.186323    7.464644    8.079321
     0.544832   -1.000000   -3.771987    2.507548   -7.618945
     0.544832   -1.000000   -5.906276    6.017914    5.102160
     0.544832   -1.000000    3.812011   -0.607039    6.041475
     0.544832   -1.000000    5.635343   -8.550771    1.450910
     0.544832   -1.000000   -1.585152   -2.589360    4.278546
     0.544832   -1.000000    7.361723   -0.724274   -1.336319
     0.544832   -1.000000   -0.639188    6.386586    5.093775
     0.544832   -1.000000   -1.677476   -3.023312   -7.883951
     0.544832   -1.000000   -5.167067    4.915758   -5.956220
     0.544832   -1.000000   -8.241244   -7.122041    0.254136
     0.544832   -1.000000    0.619739   -6.432112   -5.506087
     0.544832   -1.000000   -5.459268    3.802145   -1.325922
     0.544832   -1.000000   -7.134273    1.059663   -7.682310
     0.544832   -1.000000    4.599105    1.214804   -4.167027
     0.544832   -1.000000    7.202440    4.583438    1.850002
     0.544832   -1.000000   -7.065740   -8.511908    1.884099
     0.544832   -1.000000   -1.716255   -7.231382    3.225409
     0.544832   -1.000000   -3.083100   -5.395308   -6.561249
     0.544832   -1.000000    2.800858    7.710464    3.891743
     0.544832   -1.000000   -6.211382    7.750095   -6.162998
     0.544832   -1.000000   -2.164112   -8.462785   -6.849529
     0.544832   -1.000000    4.214524    5.358400    6.557187
     0.544832   -1.000000   -6.792284    3.842800   -1.622303
     0.544832   -1.000000   -1.586679    7.453256   -7.272597
     0.544832   -1.000000    7.400413   -1.354701    8.206180
     0.544832   -1.000000    6.620184    3.159786    5.042122
     0.544832   -1.000000   -4.973837    0.165819    7.117111
     0.544832   -1.000000    4.499612   -4.777425   -4.735550
     0.544832   -1.000000    5.150791   -0.325020    3.548732
     0.544832   -1.000000    0.536802   -6.987698    1.778377
     0.544832   -1.000000    7.506915    8.547465   -8.188113
     0.544832   -1.000000   -8.060018   -5.660843    7.385531
     0.544832   -1.000000   -7.167306    0.092873   -2.838460
     0.544832   -1.000000    7.392745    5.461971    3.516465
     0.544832   -1.000000    3.892261   -7.426460   -6.818017
     0.544832   -1.000000   -3.136995   -4.946911   -4.604241
     0.544832   -1.000000    4.187208    2.671527    7.727668
     0.544832   -1.000000   -6.878484    7.410659   -2.546981
     0.544832   -1.000000    6.754316    7.097865   -3.179289
     0.544832   -1.000000   -7.845620    1.167519    7.145789
     0.544832   -1.000000   -6.971610    2.587304    4.630887
     0.544832   -1.000000    1.522345    0.967837   -3.010382
     0.544832   -1.000000   -6.731667   -2.586501    2.149380
     0.544832   -1.000000    8.517655   -0.196155    1.465540
     0.544832   -1.000000    5.969781    1.550814    7.570423
     0.544832   -1.000000    7.164753   -7.362034   -1.582081
     0.544832   -1.000000   -4.443769   -2.456953    1.639808
     0.544832   -1.000000    2.100362   -7.097917   -6.344449
     0.544832   -1.000000   -1.435576    8.077631   -4.388733
     0.544832   -1.000000   -0.531935    2.768505    8.478666
     0.544832   -1.000000   -3.562772    8.495755    7.625024
     0.544832   -1.000000   -6.964703   -4.312824    5.858751
