 180,  4.285004617209208
    10  -0.369068E+03  0.531102E+02  0.304979E+02  0.226124E+02  0.337
     0.544832    1.000000    2.637415   -1.868532   -0.721940
     0.544832    1.000000    3.246127   -1.045583    0.542470
     0.544832    1.000000    7.145683    8.039303   -7.816362
     0.544832    1.000000   -5.054351    0.773718   -1.986812
     0.544832    1.000000    1.279751   -2.277822   -0.854878
     0.544832    1.000000   -0.508842    3.004057    1.286525
     0.544832    1.000000    0.048026   -0.076041    2.270445
     0.544832    1.000000   -1.997484    3.681934   -6.392268
     0.544832    1.000000   -0.304619    0.462540    1.572326
     0.544832    1.000000    0.048675   -1.406030    0.654613
     0.544832    1.000000   -4.568721   -6.091788    3.619881
     0.544832    1.000000   -2.489305   -1.901304    1.301874
     0.544832    1.000000    1.590979   -5.240576    7.022896
     0.544832    1.000000   -1.447379   -2.193912    1.237417
     0.544832    1.000000   -1.210251    0.619734   -0.820568
     0.544832    1.000000    7.406469   -2.713410   -0.086232
     0.544832    1.000000    6.207464   -4.960141   -0.310139
     0.544832    1.000000   -6.053493   -0.611948    3.631247
     0.544832    1.000000   -1.250644    0.855391    2.516046
     0.544832    1.000000   -4.844577    4.041550    5.794113
     0.544832    1.000000    1.884323   -3.762694   -1.866439
     0.544832    1.000000    2.470095    0.899468    0.939591
     0.544832    1.000000    6.884880    5.692877    4.675178
     0.544832    1.000000   -1.172661    7.175918   -7.705757
     0.544832    1.000000   -0.591610    8.061671    4.795891
     0.544832    1.000000    0.798858    0.232978    1.077576
     0.544832    1.000000   -2.395902    0.229132    0.902145
     0.544832    1.000000   -0.311635    1.855573    1.595348
     0.544832    1.000000   -7.850961   -0.191170    6.706609
     0.544832    1.000000    2.585913   -2.184969   -1.488678
     0.544832    1.000000    6.645629   -0.972792   -6.920020
     0.544832    1.000000   -0.935621   -3.260070   -2.076617
     0.544832    1.000000    8.499674   -6.972694    8.431984
     0.544832    1.000000   -8.262316    7.211655   -4.992910
     0.544832    1.000000    3.562517   -2.368983    4.357866
     0.544832    1.000000   -1.140632    0.707679    0.707948
     0.544832    1.000000    4.383236    6.196126   -6.171999
     0.544832    1.000000    6.508415    7.106394   -6.306787
     0.544832    1.000000   -1.266068   -0.230635   -1.801171
     0.544832    1.000000    3.312548    2.620882   -1.499007
     0.544832    1.000000   -1.842402    5.154574    2.575704
     0.544832    1.000000    1.827370   -1.170091    1.586434
     0.544832    1.000000   -5.523378   -6.329739    7.753993
     0.544832    1.000000    8.224635    3.766907    4.997693
     0.544832    1.000000   -2.206961   -1.039177    1.574418
     0.544832    1.000000    3.976527   -0.351911   -2.578890
     0.544832    1.000000    0.125066   -0.092870   -0.804308
     0.544832    1.000000    0.428295   -1.968212    0.750492
     0.544832    1.000000   -0.352376    0.284242    0.860202
     0.544832    1.000000   -1.969470   -7.394880    2.916744
     0.544832    1.000000    8.009479   -3.450269   -5.956062
     0.544832    1.000000   -5.320920    3.672176    1.346555
     0.544832    1.000000   -0.771672   -1.153542    1.500684
     0.544832    1.000000   -0.180888   -0.599917   -1.444624
     0.544832    1.000000    2.158712    7.104805    2.402418
     0.544832    1.000000   -1.635861    1.114492    0.181926
     0.544832    1.000000    6.936388   -4.386423    6.879659
     0.544832    1.000000    1.439761    0.092200   -1.627479
     0.544832    1.000000   -0.835931    3.443419   -0.106456
     0.544832    1.000000   -0.456028   -2.137127   -0.209346
     0.544832    1.000000    8.256858   -5.097771    1.099686
     0.544832    1.000000    7.123592    2.268854    1.604905
     0.544832    1.000000   -7.193459   -2.057716   -1.339443
     0.544832    1.000000   -3.699893   -3.632549   -0.326507
     0.544832    1.000000   -0.622325   -1.905377   -4.171881
     0.544832    1.000000   -7.433698    6.479533    5.045217
     0.544832    1.000000   -2.106385    2.071515    7.101523
     0.544832    1.000000   -1.373400   -8.544224   -5.582365
     0.544832    1.000000   -2.634914    3.186956    1.037296
     0.544832    1.000000    1.555933    1.021031   -0.158793
     0.544832    1.000000   -3.135460   -3.344247   -4.570304
     0.544832    1.000000   -3.159159   -5.294753   -5.849647
     0.544832    1.000000   -2.539395   -1.037322   -3.840203
     0.544832    1.000000   -3.269809   -1.811481    1.960102
     0.544832    1.000000    3.803048    1.642307   -6.720415
     0.544832    1.000000   -2.632279   -0.252514   -1.258608
     0.544832    1.000000   -1.463743    1.979262    0.991409
     0.544832    1.000000   -6.912773   -7.126848   -4.015053
     0.544832    1.000000    1.289765   -4.577832    7.415340
     0.544832    1.000000    3.631653   -2.139745   -6.622258
     0.544832    1.000000   -8.133003    1.591020   -3.678744
     0.544832    1.000000    2.840857   -2.688259    0.993207
     0.544832    1.000000    4.336534    4.214682   -5.885243
     0.544832    1.000000    0.099952   -1.705050   -0.476988
     0.544832    1.000000   -2.027954   -4.657897    2.023535
     0.544832    1.000000   -1.435470    2.608603   -0.948498
     0.544832    1.000000   -0.072465    0.438588   -1.276445
     0.544832    1.000000   -1.292661   -2.872147    2.925562
     0.544832    1.000000    1.019562    3.858692    2.495095
     0.544832    1.000000   -8.241195    4.273047    2.007310
     0.544832    1.000000   -3.043610   -0.871266    0.262330
     0.544832    1.000000    4.662799   -2.712775   -3.941913
     0.544832    1.000000    2.901535   -1.283186   -0.847625
     0.544832    1.000000    3.247022   -0.627179    0.028154
     0.544832    1.000000   -0.846006    2.087914   -3.650453
     0.544832    1.000000    0.337490    0.997994   -1.547263
     0.544832    1.000000    1.216957   -0.814337   -2.265422
     0.544832    1.000000    0.004255    0.019219    0.179598
     0.544832    1.000000   -3.557053    7.309062    6.767687
     0.544832    1.000000    2.802948    1.399153   -3.378986
     0.544832    1.000000    7.218697    7.790973   -2.592301
     0.544832    1.000000   -2.165628    1.377109   -0.916192
     0.544832    1.000000    5.762879    3.980859    6.917874
     0.544832    1.000000    2.657799    0.775237    1.639680
     0.544832    1.000000   -2.194879   -1.517445    2.173883
     0.544832    1.000000   -3.914379    2.622514    8.099790
     0.544832    1.000000   -6.954493    1.159231   -8.451503
     0.544832    1.000000   -6.420344   -3.850575    8.059939
     0.544832    1.000000    4.042597    3.818254   -5.049486
     0.544832    1.000000    2.117791   -2.049224    1.386046
     0.544832    1.000000   -3.969937    2.579156    6.833848
     0.544832    1.000000    0.751622    3.428874    0.534217
     0.544832    1.000000    0.847966    3.626787    5.011196
     0.544832    1.000000   -5.889800    1.091521    6.710153
     0.544832    1.000000   -6.079524    2.474474    0.418119
     0.544832    1.000000    1.417524    0.630214    2.271527
     0.544832    1.000000    5.453913    5.279383   -7.527320
     0.544832    1.000000    1.174989   -0.198430    1.589368
     0.544832    1.000000   -1.993919   -1.299216   -3.398472
     0.544832    1.000000    7.395315    5.875134    2.180759
     0.544832   -1.000000    5.177617    5.916314   -8.269871
     0.544832   -1.000000    0.481829    1.496809    2.532422
     0.544832   -1.000000   -6.917567    3.946477    1.467400
     0.544832   -1.000000    2.534066   -3.992347   -6.050668
     0.544832   -1.000000   -5.496407    4.363857    5.275418
     0.544832   -1.000000    2.052208   -7.222693    8.342228
     0.544832   -1.000000    6.644988    6.679949    2.997791
     0.544832   -1.000000   -7.383772   -4.078265    8.369555
     0.544832   -1.000000   -4.074089   -1.297798    5.080412
     0.544832   -1.000000    7.796750    0.768780    4.193785
     0.544832   -1.000000    5.381993    1.422883   -7.207945
     0.544832   -1.000000    8.261174    4.121055   -3.787327
     0.544832   -1.000000   -1.656244    0.487210   -7.509726
     0.544832   -1.000000   -8.420072    7.116272   -5.522403
     0.544832   -1.000000   -7.658661   -2.333494    6.981740
     0.544832   -1.000000    0.908575   -7.305677    2.855912
     0.544832   -1.000000   -4.746895    6.731453   -1.682000
     0.544832   -1.000000   -5.301462    8.557917    4.913900
     0.544832   -1.000000    3.603511   -3.323759   -5.496113
     0.544832   -1.000000   -5.234410    4.001424    7.042987
     0.544832   -1.000000   -3.699022   -6.207323    2.629981
     0.544832   -1.000000   -1.675270    5.019274   -5.822961
     0.544832   -1.000000    7.828511    4.198460    8.051404
     0.544832   -1.000000    5.480678    5.778336   -2.928958
     0.544832   -1.000000    5.332366    4.048728   -2.838860
     0.544832   -1.000000    3.597745   -2.621679    5.505955
     0.544832   -1.000000   -2.437420   -7.532485    4.030851
     0.544832   -1.000000    7.040257   -6.685028   -0.912977
     0.544832   -1.000000   -5.951026    0.860125    2.737743
     0.544832   -1.000000    3.933455    6.616034   -5.288227
     0.544832   -1.000000    0.776926    2.339080    7.124114
     0.544832   -1.000000   -8.106999    5.770241    5.273979
     0.544832   -1.000000    7.902247   -6.285762   -8.561052
     0.544832   -1.000000   -7.133437    7.565418   -0.515322
     0.544832   -1.000000    8.520808   -3.423553   -5.489932
     0.544832   -1.000000    6.782434    3.272443   -0.208859
     0.544832   -1.000000   -5.460831    0.373185   -5.604130
     0.544832   -1.000000   -8.017804    0.003663    0.049938
     0.544832   -1.000000    7.841012   -7.849667    1.436572
     0.544832   -1.000000   -7.018042    4.755997    7.548914
     0.544832   -1.000000   -5.961439   -5.047405    8.492083
     0.544832   -1.000000    4.623912   -1.745273   -0.633810
     0.544832   -1.000000    4.056114    4.821850   -5.062124
     0.544832   -1.000000   -3.223718   -8.265461   -6.906958
     0.544832   -1.000000    1.980365    1.962080   -6.488139
     0.544832   -1.000000    2.949762    1.962456   -6.222632
     0.544832   -1.000000   -1.295149    8.010385   -6.009378
     0.544832   -1.000000    6.710467    7.487536    4.090725
     0.544832   -1.000000   -6.932747   -1.968749    4.272271
     0.544832   -1.000000    0.493645   -6.085763   -7.886991
     0.544832   -1.000000   -7.187645   -2.841667   -1.973433
     0.544832   -1.000000   -0.739244   -2.487221   -5.022736
     0.544832   -1.000000   -7.548848   -1.720961   -2.009534
     0.544832   -1.000000    4.672557   -4.926766   -2.799004
     0.544832   -1.000000    5.416536   -0.528692   -8.274687
     0.544832   -1.000000    5.159387   -8.388144   -2.292302
     0.544832   -1.000000   -4.154516   -2.062834    1.768362
     0.544832   -1.000000    3.546853    3.874183   -7.062425
     0.544832   -1.000000    4.208433   -0.722305    3.523911
     0.544832   -1.000000    6.728583    8.434085    7.981372
