 180,  4.285004617209208
    10  -0.363249E+03 -0.115666E+02 -0.723554E+01 -0.433100E+01  0.038
     0.544832    1.000000   -7.534394   -2.423284   -1.271494
     0.544832    1.000000   -2.933891    6.304073   -5.355133
     0.544832    1.000000   -4.118246   -2.697973   -5.975984
     0.544832    1.000000   -0.644456    3.552465   -1.340445
     0.544832    1.000000    1.459370   -4.569722   -5.681281
     0.544832    1.000000   -8.527640   -2.391637   -0.767564
     0.544832    1.000000   -5.741481    6.546233    2.108328
     0.544832    1.000000   -5.520314   -3.124943   -0.438063
     0.544832    1.000000    7.784507   -5.398200    1.001232
     0.544832    1.000000   -0.953141    1.516548   -0.401556
     0.544832    1.000000   -6.499345    2.625878   -5.213916
     0.544832    1.000000   -7.988076   -2.332575    1.447788
     0.544832    1.000000   -3.664655    1.680076   -2.645703
     0.544832    1.000000   -5.536409   -2.063413    1.442682
     0.544832    1.000000   -8.099515   -3.059539   -5.257347
     0.544832    1.000000    6.476707    4.957855   -7.523896
     0.544832    1.000000    3.723277    3.072444   -2.384731
     0.544832    1.000000    0.653781    4.956606   -0.017726
     0.544832    1.000000   -7.738032   -4.771842   -0.171532
     0.544832    1.000000    0.619390    2.125258   -1.777874
     0.544832    1.000000    5.310799   -6.109971    1.167354
     0.544832    1.000000    4.479736   -0.720324    7.479194
     0.544832    1.000000    7.144594   -1.085390    1.969618
     0.544832    1.000000    1.977804   -7.995802    7.771371
     0.544832    1.000000    5.411394   -7.515341   -7.922634
     0.544832    1.000000    8.228116   -1.273574   -1.340454
     0.544832    1.000000    1.801107   -3.464791    7.808693
     0.544832    1.000000    8.512801   -2.374806    0.777524
     0.544832    1.000000   -1.036247    3.969701    1.234994
     0.544832    1.000000   -2.903538    2.767523   -3.663635
     0.544832    1.000000   -1.633717    4.277803    0.067883
     0.544832    1.000000   -0.580385    3.901413   -3.830727
     0.544832    1.000000   -1.149470   -2.662627   -2.437651
     0.544832    1.000000   -1.049269    8.264431   -7.220974
     0.544832    1.000000    1.615040    6.383044    5.957842
     0.544832    1.000000    4.153633    2.622515    6.398344
     0.544832    1.000000    1.280900   -7.131901    6.075754
     0.544832    1.000000    3.440589    1.140476    5.710788
     0.544832    1.000000    1.651003    0.387847   -7.533036
     0.544832    1.000000    7.815692   -2.964553   -0.875868
     0.544832    1.000000    0.776324    3.622157   -4.894833
     0.544832    1.000000   -7.019950   -3.530315   -1.737914
     0.544832    1.000000    4.843500   -4.596962   -4.208142
     0.544832    1.000000    8.516407   -1.382699   -0.739988
     0.544832    1.000000   -3.282434    2.871209   -0.327682
     0.544832    1.000000    6.470792   -0.855475    1.465590
     0.544832    1.000000    1.542362   -0.483647    0.244529
     0.544832    1.000000    6.806603   -0.019650   -0.925437
     0.544832    1.000000   -0.199243    0.249531   -4.594414
     0.544832    1.000000    0.313781   -5.657962   -2.466429
     0.544832    1.000000   -6.968860   -3.220724    0.022854
     0.544832    1.000000    2.187992   -0.726546    4.214049
     0.544832    1.000000   -8.032121   -0.963105   -1.335564
     0.544832    1.000000    3.507714    0.250041   -4.743200
     0.544832    1.000000    6.279690   -4.106707    2.465897
     0.544832    1.000000   -4.230596    6.112390    3.569978
     0.544832    1.000000   -0.420360    1.240475   -1.175967
     0.544832    1.000000    8.234315    0.148118   -4.451769
     0.544832    1.000000   -1.371174   -0.011499    4.105488
     0.544832    1.000000    5.923577   -2.569503   -7.039683
     0.544832    1.000000    7.606935    5.023929   -4.457066
     0.544832    1.000000   -5.322079    0.767413    3.657563
     0.544832    1.000000    8.047228   -0.856356    1.717303
     0.544832    1.000000   -2.429439    6.289598    8.294893
     0.544832    1.000000   -7.837471    0.234078   -6.217995
     0.544832    1.000000    3.792994    8.353528    4.932603
     0.544832    1.000000    4.540459    3.629622    4.732514
     0.544832    1.000000    8.310223   -3.305556   -0.711509
     0.544832    1.000000    8.239577    0.943329    0.453999
     0.544832    1.000000   -5.129700    1.900763    2.972497
     0.544832    1.000000   -7.249897    2.977737    7.008087
     0.544832    1.000000    5.067344   -0.733072    1.176028
     0.544832    1.000000   -5.465877   -2.269925    0.859103
     0.544832    1.000000    1.937597   -7.725357    0.066229
     0.544832    1.000000    6.315625   -1.851320    1.654322
     0.544832    1.000000   -4.896396    1.403001   -3.982940
     0.544832    1.000000   -0.193430    4.519405    1.087662
     0.544832    1.000000   -2.750380    4.665873    4.134637
     0.544832    1.000000   -6.625556   -1.721977    7.062015
     0.544832    1.000000    5.536431    5.893383    0.079683
     0.544832    1.000000   -7.262789    3.052695   -4.041430
     0.544832    1.000000    5.613814   -0.643383   -0.407513
     0.544832    1.000000   -4.850001   -6.118089   -6.333391
     0.544832    1.000000   -1.514212    6.337306   -7.915999
     0.544832    1.000000   -6.913343    0.788096   -0.654236
     0.544832    1.000000   -5.400222    1.697673   -6.496695
     0.544832    1.000000   -2.078677    3.353029    1.097052
     0.544832    1.000000   -0.030626    1.362543    1.464690
     0.544832    1.000000    4.750989   -2.788686   -0.454513
     0.544832    1.000000    0.757647    4.315850   -0.585247
     0.544832    1.000000   -7.883723    6.725209    1.043552
     0.544832    1.000000    8.480051    8.337476    5.712906
     0.544832    1.000000   -7.441678   -1.353844    6.313175
     0.544832    1.000000   -6.566479    3.435576    1.901733
     0.544832    1.000000    7.678487   -0.274901   -1.089766
     0.544832    1.000000   -0.889900    5.375641    4.626124
     0.544832    1.000000   -2.135811    2.559869    1.473199
     0.544832    1.000000   -2.093258    1.946663   -2.038557
     0.544832    1.000000    4.165491   -2.062908   -0.262684
     0.544832    1.000000    3.231861   -5.134765    7.668746
     0.544832    1.000000   -1.588426    7.316043   -5.535839
     0.544832    1.000000    7.338018    7.117677   -2.807330
     0.544832    1.000000   -7.665732    3.879066   -6.490836
     0.544832    1.000000    1.212722    2.801924    1.773267
     0.544832    1.000000    1.273182   -6.406950   -0.129098
     0.544832    1.000000   -8.267439   -1.120361    1.098445
     0.544832    1.000000   -6.832999   -7.905962    4.378426
     0.544832    1.000000   -0.695078   -1.950857    4.601862
     0.544832    1.000000   -7.470739    0.765507   -3.722838
     0.544832    1.000000   -0.580846    2.488752    1.504546
     0.544832    1.000000   -2.868798   -5.787345   -6.747674
     0.544832    1.000000    7.299872   -2.789174   -2.121569
     0.544832    1.000000    6.980439    0.268196    0.608268
     0.544832    1.000000    0.534567    2.459977   -2.206939
     0.544832    1.000000    2.409634    2.647467   -2.350845
     0.544832    1.000000   -7.195847    0.135575    0.807210
     0.544832    1.000000    5.492177   -0.520846    5.931579
     0.544832    1.000000   -5.105199    6.167452   -4.089370
     0.544832    1.000000    5.861686   -6.475810   -2.796686
     0.544832    1.000000   -5.278437    6.942148    8.307520
     0.544832   -1.000000    6.055089    4.698272   -7.756744
     0.544832   -1.000000    3.340703   -7.743714   -3.951150
     0.544832   -1.000000   -2.508761    5.972867    3.618615
     0.544832   -1.000000   -3.356645    1.454840   -5.964729
     0.544832   -1.000000   -4.920394   -6.683216    3.677704
     0.544832   -1.000000    5.025269   -3.920710   -4.829246
     0.544832   -1.000000   -7.237481   -3.962023    3.949495
     0.544832   -1.000000    2.824392    7.695631    0.236490
     0.544832   -1.000000    4.663679    4.076470   -0.807448
     0.544832   -1.000000    6.178779   -5.815217    3.965601
     0.544832   -1.000000   -4.524643    5.558736    8.295225
     0.544832   -1.000000   -0.025161   -6.126580    6.403365
     0.544832   -1.000000    4.348825    8.326230    5.594364
     0.544832   -1.000000   -0.720229    6.415074    2.509690
     0.544832   -1.000000    7.466303   -6.144954    0.661694
     0.544832   -1.000000   -5.036906    7.243086    3.835019
     0.544832   -1.000000   -7.147249    0.010862   -4.790709
     0.544832   -1.000000   -4.341478    1.888027    2.408102
     0.544832   -1.000000   -2.246100    7.579305   -5.139405
     0.544832   -1.000000    3.343950   -0.893250   -4.068665
     0.544832   -1.000000   -5.623497    4.256066   -6.538804
     0.544832   -1.000000    3.442809   -0.600171   -8.321588
     0.544832   -1.000000    4.750283    1.480705   -4.394574
     0.544832   -1.000000   -7.081474    4.405615   -4.194457
     0.544832   -1.000000   -4.275884    4.138340   -5.075676
     0.544832   -1.000000    0.232844    4.744015   -8.502466
     0.544832   -1.000000   -3.989132   -0.038768    1.439869
     0.544832   -1.000000   -4.186623   -7.445141    2.268983
     0.544832   -1.000000   -7.887876    4.386351   -3.083850
     0.544832   -1.000000    6.038130    4.361987    8.393021
     0.544832   -1.000000   -8.318310    1.793248   -5.423050
     0.544832   -1.000000    3.466760   -5.905147    7.904693
     0.544832   -1.000000   -4.118392   -5.015443    1.477243
     0.544832   -1.000000   -7.151832   -7.924076    6.474759
     0.544832   -1.000000   -0.361109    3.226165   -5.562180
     0.544832   -1.000000    3.215151   -1.135576    0.931572
     0.544832   -1.000000   -6.871565    2.532525   -6.077080
     0.544832   -1.000000   -4.648147    5.234149   -5.275863
     0.544832   -1.000000   -7.462068   -1.830254    5.035190
     0.544832   -1.000000    1.858129   -2.345061    5.077993
     0.544832   -1.000000    7.013662    4.831785   -1.711274
     0.544832   -1.000000   -3.722892   -5.349090   -3.109094
     0.544832   -1.000000    0.934844    8.547718   -7.690114
     0.544832   -1.000000    0.763927   -0.519028   -4.260093
     0.544832   -1.000000   -1.726866   -3.959928   -4.700617
     0.544832   -1.000000    0.446128    1.281673    7.197421
     0.544832   -1.000000   -0.717122    0.797974    5.206882
     0.544832   -1.000000    7.131817    5.773245    4.370954
     0.544832   -1.000000   -4.666603   -2.649762   -6.691571
     0.544832   -1.000000    2.142259   -8.060132   -4.420476
     0.544832   -1.000000    2.712154   -7.521041    6.758548
     0.544832   -1.000000   -8.358953   -0.454481   -5.753783
     0.544832   -1.000000    0.900215   -7.344036    4.151103
     0.544832   -1.000000   -3.402249    2.321370   -0.497473
     0.544832   -1.000000    1.001744    2.233561    2.537937
     0.544832   -1.000000    5.476603   -7.346786   -0.525371
     0.544832   -1.000000   -7.861161   -3.953611   -5.431072
     0.544832   -1.000000    2.662311   -4.904711   -4.846774
     0.544832   -1.000000    8.389488   -0.149622    7.613339
     0.544832   -1.000000    4.746853    2.941797   -5.699025
