 180,  4.285004617209208
    10  -0.356455E+03 -0.122548E+03 -0.884843E+02 -0.340634E+02  1.200
     0.544832    1.000000   -0.167405    0.642335    1.107477
     0.544832    1.000000    2.216076    6.731248   -7.502128
     0.544832    1.000000    6.701319    4.769409    2.662265
     0.544832    1.000000    1.149129   -1.228901   -2.636111
     0.544832    1.000000   -0.381122    0.841435   -1.720046
     0.544832    1.000000    6.007087   -7.055952    2.726639
     0.544832    1.000000    0.572830   -2.257611   -5.422609
     0.544832    1.000000   -8.530353    4.568958   -6.140614
     0.544832    1.000000   -0.063324    0.357474   -0.911115
     0.544832    1.000000    7.481070   -0.626010    7.817837
     0.544832    1.000000    1.800903   -5.314013   -1.162806
     0.544832    1.000000   -8.085339    1.841081   -2.195033
     0.544832    1.000000    2.388786   -1.742161   -0.164872
     0.544832    1.000000    1.560169    0.359607    1.937877
     0.544832    1.000000    1.420920    2.230332   -0.804770
     0.544832    1.000000    7.594085   -8.140813    8.381926
     0.544832    1.000000   -1.778946   -1.455154    0.357498
     0.544832    1.000000   -6.806037   -0.119119    3.883852
     0.544832    1.000000   -1.472187    2.545294   -0.487653
     0.544832    1.000000   -2.778732    4.714456    3.042298
     0.544832    1.000000    4.423978    2.351616    4.063325
     0.544832    1.000000   -0.734673   -1.299773   -2.080580
     0.544832    1.000000   -1.064508   -1.059776    1.298637
     0.544832    1.000000   -0.571259    2.193690    0.259139
     0.544832    1.000000    0.987067    1.449781   -1.527300
     0.544832    1.000000    3.587930    3.721432    0.560459
     0.544832    1.000000   -2.360509    0.713829    3.041810
     0.544832    1.000000    4.313472   -0.867605   -7.174663
     0.544832    1.000000    5.351782   -7.483606    6.022002
     0.544832    1.000000    1.146828   -0.684025   -0.903668
     0.544832    1.000000   -2.503341   -0.525753   -0.486241
     0.544832    1.000000    4.661511   -0.738345    2.281600
     0.544832    1.000000   -4.349943    3.373208   -0.795363
     0.544832    1.000000    1.699098   -1.547303   -0.432689
     0.544832    1.000000   -0.664705    2.470619    6.660352
     0.544832    1.000000    6.520451   -6.442386    6.957447
     0.544832    1.000000   -6.681797   -6.174063    3.818423
     0.544832    1.000000   -8.298457   -4.222826    7.705424
     0.544832    1.000000   -3.081421    4.970737    5.176129
     0.544832    1.000000    1.605255   -0.856590   -0.331190
     0.544832    1.000000    4.214033    3.776267   -2.945065
     0.544832    1.000000    8.318503    6.061784   -6.280369
     0.544832    1.000000   -4.236784   -1.065938   -7.164597
     0.544832    1.000000   -0.629651   -7.584735    2.395916
     0.544832    1.000000    0.400426    0.731677   -1.967634
     0.544832    1.000000   -2.010374    1.437898    1.664509
     0.544832    1.000000    1.846285    6.869896    0.406615
     0.544832    1.000000    3.652126   -3.505851   -2.432089
     0.544832    1.000000   -1.168448   -0.659403    0.743906
     0.544832    1.000000   -6.436588   -5.962966    5.194879
     0.544832    1.000000   -1.046060    0.996970   -7.230316
     0.544832    1.000000   -0.078721   -4.344803    4.446028
     0.544832    1.000000   -1.303004   -1.818702   -1.170280
     0.544832    1.000000   -1.348116   -6.017106    0.428042
     0.544832    1.000000   -0.420881   -0.017074   -1.637401
     0.544832    1.000000    1.567331   -1.567380    0.911700
     0.544832    1.000000    2.269170   -1.472255   -1.830759
     0.544832    1.000000   -5.822242    5.342733    3.526775
     0.544832    1.000000   -2.761289   -2.946566   -0.703838
     0.544832    1.000000    3.384950   -3.556428    4.045589
     0.544832    1.000000    6.718852   -0.574021    6.294062
     0.544832    1.000000   -1.062462   -0.671373   -0.978681
     0.544832    1.000000    3.029046    6.860118   -0.542762
     0.544832    1.000000    0.144208   -5.725888   -3.286448
     0.544832    1.000000   -1.352805   -0.098568   -1.818646
     0.544832    1.000000    6.432059   -2.126831   -1.715366
     0.544832    1.000000    0.025664    1.576466    0.600637
     0.544832    1.000000   -0.924639    2.107795    1.267370
     0.544832    1.000000    0.847662   -0.544649    0.994751
     0.544832    1.000000    1.629909   -0.581645    1.727794
     0.544832    1.000000   -2.402445   -5.762504   -1.793069
     0.544832    1.000000   -0.426063   -2.099987    2.967161
     0.544832    1.000000    0.070205    0.172670    0.796311
     0.544832    1.000000   -3.699857   -1.062569    2.950470
     0.544832    1.000000    0.445918    4.948209   -5.713942
     0.544832    1.000000    1.176299    0.435761   -1.709865
     0.544832    1.000000   -5.601323   -3.067738    6.034095
     0.544832    1.000000    1.861690    3.670150   -8.268568
     0.544832    1.000000   -3.328129    0.052586    1.402778
     0.544832    1.000000    1.105994    0.233906    2.704906
     0.544832    1.000000    8.071013   -1.531346   -0.981398
     0.544832    1.000000    3.275262    1.024496    0.533500
     0.544832    1.000000    3.874124   -1.278397    0.560451
     0.544832    1.000000    1.709436   -2.895752   -1.921395
     0.544832    1.000000    0.256993    2.677588    6.902248
     0.544832    1.000000   -4.350245   -3.716692   -8.431401
     0.544832    1.000000    2.006924   -8.321285   -5.672897
     0.544832    1.000000   -1.579503   -0.836885    0.147533
     0.544832    1.000000    1.356773    1.994662    1.508020
     0.544832    1.000000   -0.127155   -0.114215    4.104450
     0.544832    1.000000   -0.586481    3.214168   -7.871869
     0.544832    1.000000   -6.142131   -2.498628    1.626623
     0.544832    1.000000   -3.288273    0.751392   -0.036935
     0.544832    1.000000    2.373626    0.321027   -1.411477
     0.544832    1.000000   -6.003107    5.830866    3.124176
     0.544832    1.000000    1.602142   -0.910176    0.214860
     0.544832    1.000000    0.555740    2.048039   -0.957940
     0.544832    1.000000    0.561100   -3.017568    0.716667
     0.544832    1.000000   -6.354410   -3.493137   -2.928808
     0.544832    1.000000   -2.154999   -0.828047    1.747046
     0.544832    1.000000   -0.398793   -0.301126    1.432576
     0.544832    1.000000   -1.619535    6.739801    3.557423
     0.544832    1.000000    7.735732    2.183022    1.511241
     0.544832    1.000000    7.548633   -6.019549    1.670880
     0.544832    1.000000    2.220047    0.881352    2.441824
     0.544832    1.000000    3.802522    5.312783    4.544625
     0.544832    1.000000   -2.107546   -0.063100   -1.332862
     0.544832    1.000000    0.112238    2.490761   -3.697080
     0.544832    1.000000    0.742647    2.661695    0.180029
     0.544832    1.000000   -7.077175   -2.436024    7.575348
     0.544832    1.000000   -7.367687   -6.610070   -1.294400
     0.544832    1.000000    5.031257    8.463376    2.017493
     0.544832    1.000000   -5.765287   -7.732924   -3.980793
     0.544832    1.000000   -5.107563   -4.506531   -5.892052
     0.544832    1.000000   -2.411328    4.242443    6.249398
     0.544832    1.000000   -3.482324    5.139986    1.531299
     0.544832    1.000000    1.835565   -1.996796   -7.833486
     0.544832    1.000000   -0.577138   -2.291523    5.401885
     0.544832    1.000000   -8.550822    5.137614    7.110861
     0.544832    1.000000   -2.185037   -5.981498   -5.695391
     0.544832   -1.000000   -8.438935   -8.122831    7.940378
     0.544832   -1.000000   -4.764601    6.238586   -1.010782
     0.544832   -1.000000    4.481835    4.152896   -8.124791
     0.544832   -1.000000    5.917857   -7.743915    4.195233
     0.544832   -1.000000   -4.554890    2.581137    5.995880
     0.544832   -1.000000   -8.190375   -4.064758    0.163779
     0.544832   -1.000000   -0.297232   -5.017977    6.585270
     0.544832   -1.000000   -2.597105    7.404105   -7.607976
     0.544832   -1.000000   -0.963239    3.992326    5.831608
     0.544832   -1.000000   -3.789099   -7.490350   -1.240457
     0.544832   -1.000000   -1.711808   -5.564586   -3.368108
     0.544832   -1.000000    4.644421   -7.889455    3.444862
     0.544832   -1.000000   -4.080715    6.457396   -2.352198
     0.544832   -1.000000    3.757331   -2.551051   -3.443860
     0.544832   -1.000000   -3.776893    1.491361   -8.062317
     0.544832   -1.000000   -5.236377   -0.472327    6.298577
     0.544832   -1.000000   -8.469533   -7.860316    6.161749
     0.544832   -1.000000    4.053204   -6.661010   -4.515962
     0.544832   -1.000000    6.449319   -2.237031    2.891808
     0.544832   -1.000000    5.436435   -3.404427   -1.270263
     0.544832   -1.000000   -3.558488    1.626759    5.565656
     0.544832   -1.000000   -0.994857   -2.760365    5.710285
     0.544832   -1.000000    2.016235   -5.669022   -0.777709
     0.544832   -1.000000   -5.294720   -2.000030    8.058189
     0.544832   -1.000000    6.738212   -7.183051   -1.786841
     0.544832   -1.000000    3.968705    4.758811   -2.546981
     0.544832   -1.000000    6.067780   -6.173065    7.408064
     0.544832   -1.000000    6.242439    2.937281   -3.426811
     0.544832   -1.000000    4.246404   -4.350786    3.639338
     0.544832   -1.000000    0.987110    3.756629    2.197831
     0.544832   -1.000000   -8.413870   -4.400605    8.290149
     0.544832   -1.000000   -1.768756   -1.245795    2.686346
     0.544832   -1.000000    0.880814    6.398551   -7.641360
     0.544832   -1.000000    8.053781    2.117086    7.978075
     0.544832   -1.000000   -7.926822   -7.092931   -4.866223
     0.544832   -1.000000    7.728910   -0.952485   -1.847189
     0.544832   -1.000000   -3.156414    6.830651   -7.782565
     0.544832   -1.000000   -3.782975   -3.601272    7.296093
     0.544832   -1.000000   -0.049429    5.364427   -5.951224
     0.544832   -1.000000    1.640221    7.851371    6.993792
     0.544832   -1.000000   -6.747912   -5.801838    6.882917
     0.544832   -1.000000    7.785350   -0.853088    4.630965
     0.544832   -1.000000    2.932933   -3.746889   -0.136290
     0.544832   -1.000000   -3.666120    0.541512   -6.173936
     0.544832   -1.000000   -4.211327   -7.207024   -2.589017
     0.544832   -1.000000   -4.201936   -3.205452    8.317067
     0.544832   -1.000000   -3.885441    8.122953    7.063712
     0.544832   -1.000000    4.692648    5.043089    7.401515
     0.544832   -1.000000    6.741173    5.025961    1.420966
     0.544832   -1.000000    3.184803    3.439699    6.966791
     0.544832   -1.000000    3.580708   -8.147940    7.278060
     0.544832   -1.000000    7.714282    1.860542    5.194009
     0.544832   -1.000000   -6.532494   -5.027289    5.152566
     0.544832   -1.000000    6.385720   -3.234152    4.764026
     0.544832   -1.000000   -7.616554   -7.756594   -1.992956
     0.544832   -1.000000    4.036891   -0.437770   -7.831601
     0.544832   -1.000000   -4.974291   -5.023736   -6.135660
     0.544832   -1.000000   -5.756348   -1.233720    3.292265
     0.544832   -1.000000    2.447114    6.967115   -3.739664
     0.544832   -1.000000    1.739489    1.241954    6.445534
