 180,  4.285004617209208
    10  -0.370100E+03  0.425793E+01  0.296880E+01  0.128913E+01  0.006
     0.544832    1.000000   -3.560368   -8.412465   -0.952604
     0.544832    1.000000   -1.785580    3.176522   -1.303439
     0.544832    1.000000   -5.553419   -0.721465    0.695072
     0.544832    1.000000    5.830792   -1.715421   -3.510427
     0.544832    1.000000    2.814262    0.373644   -5.703953
     0.544832    1.000000    4.638268    4.871099   -2.984578
     0.544832    1.000000   -7.685530    6.187513   -1.267185
     0.544832    1.000000    3.494733   -0.220609   -0.297603
     0.544832    1.000000   -0.811302    5.280341    0.621205
     0.544832    1.000000    3.596365   -1.337580    0.485396
     0.544832    1.000000   -2.967616   -0.005738    2.032475
     0.544832    1.000000   -7.752503    2.941478    1.533813
     0.544832    1.000000    5.181651   -7.800138   -6.892780
     0.544832    1.000000    6.234520   -1.430630    0.975330
     0.544832    1.000000    3.020840    7.675686   -3.153524
     0.544832    1.000000   -1.321643    0.561266   -4.442809
     0.544832    1.000000    6.596298    0.761697    4.824512
     0.544832    1.000000    5.822151   -3.015143    5.290407
     0.544832    1.000000    4.683800   -2.072087   -0.572290
     0.544832    1.000000   -1.269796    0.165994    0.753195
     0.544832    1.000000    0.035455    4.014606    0.208757
     0.544832    1.000000    0.230789    2.732600   -1.967907
     0.544832    1.000000    4.412420    0.556736    5.926341
     0.544832    1.000000   -0.742893   -3.429670   -1.474139
     0.544832    1.000000    1.861743    2.957529   -1.790956
     0.544832    1.000000   -1.091224   -1.215802   -1.415537
     0.544832    1.000000   -1.445789    0.886954    8.399842
     0.544832    1.000000    1.665631    1.708295    0.291482
     0.544832    1.000000    1.595894   -1.541001    3.193585
     0.544832    1.000000    6.945097    3.338689    7.824152
     0.544832    1.000000    2.150300    0.798735   -7.598557
     0.544832    1.000000   -0.452228   -3.762934   -6.326194
     0.544832    1.000000    2.041773    5.214510    3.832304
     0.544832    1.000000    2.521972   -1.565235   -2.002535
     0.544832    1.000000   -2.944111   -7.055587    8.111431
     0.544832    1.000000   -4.144358   -0.988085    2.998696
     0.544832    1.000000    3.664598    8.203335    2.668512
     0.544832    1.000000   -3.938209    6.550522   -6.048161
     0.544832    1.000000    5.620757   -7.540667   -3.435580
     0.544832    1.000000   -6.852630   -1.766879   -7.256547
     0.544832    1.000000   -4.151608   -8.196350    4.328378
     0.544832    1.000000    0.718427    3.286182   -1.736326
     0.544832    1.000000    0.395937   -1.579621    0.053271
     0.544832    1.000000   -3.962766   -1.162133    0.235468
     0.544832    1.000000    1.675115    0.178068    0.936553
     0.544832    1.000000    4.587251    2.169938    2.795106
     0.544832    1.000000   -1.250308    1.117506   -0.866414
     0.544832    1.000000    0.842256   -0.268205   -0.689450
     0.544832    1.000000   -2.857038   -4.291981    2.939738
     0.544832    1.000000   -3.764260   -4.421041   -4.033876
     0.544832    1.000000    1.104207    1.926115    1.425424
     0.544832    1.000000   -3.643455    5.909196    3.563947
     0.544832    1.000000   -3.791088   -0.671836   -0.555296
     0.544832    1.000000   -1.347018   -8.130336    3.629722
     0.544832    1.000000    3.601212    0.303329   -1.392361
     0.544832    1.000000   -2.668395   -4.816279    1.684247
     0.544832    1.000000    0.082666   -0.349326   -0.216232
     0.544832    1.000000   -0.694424   -5.387463    2.043144
     0.544832    1.000000    2.212027    0.611418    0.162975
     0.544832    1.000000   -5.147636    8.321837    4.074103
     0.544832    1.000000   -0.400081   -3.100610   -5.354543
     0.544832    1.000000    1.055888    4.181434    0.067677
     0.544832    1.000000    1.709356   -7.572854   -4.335474
     0.544832    1.000000    8.223189    8.118661   -6.547587
     0.544832    1.000000    2.816472   -2.035018   -1.313043
     0.544832    1.000000   -0.148716    3.212872    7.247702
     0.544832    1.000000   -2.283959   -1.825111    1.549603
     0.544832    1.000000    1.052125   -2.518549    0.797682
     0.544832    1.000000    0.629116    0.956940    0.574493
     0.544832    1.000000   -0.331676    3.012312   -2.486272
     0.544832    1.000000    1.774706    3.905170    7.856068
     0.544832    1.000000    4.617231   -8.058972   -2.025550
     0.544832    1.000000   -0.484256   -1.274677   -4.422375
     0.544832    1.000000   -0.679540   -1.928184    0.971492
     0.544832    1.000000    1.538418   -4.161281   -5.537509
     0.544832    1.000000   -5.761911   -3.529598    2.998554
     0.544832    1.000000    1.709719   -8.519496   -5.539553
     0.544832    1.000000    1.120076    1.328916   -4.823272
     0.544832    1.000000    4.025693    7.662717    5.446378
     0.544832    1.000000    1.974912    1.299315    1.147861
     0.544832    1.000000    6.777255   -3.832966    6.197605
     0.544832    1.000000    2.128860   -1.474329    1.732673
     0.544832    1.000000   -6.295164   -7.144652   -4.083420
     0.544832    1.000000   -8.369157    5.740094   -4.571544
     0.544832    1.000000   -3.629636    4.379833   -0.612623
     0.544832    1.000000   -0.431323   -1.530529    0.005211
     0.544832    1.000000   -5.124869    0.514392    7.809266
     0.544832    1.000000    0.102268   -1.776512   -0.679587
     0.544832    1.000000    6.056402   -0.071557   -3.774981
     0.544832    1.000000    0.997228   -1.985339    4.568813
     0.544832    1.000000   -0.048693   -0.140714    3.183090
     0.544832    1.000000    0.679348   -0.732063    1.030747
     0.544832    1.000000   -0.925693    0.959780    0.234917
     0.544832    1.000000   -3.525097    1.077051    1.548257
     0.544832    1.000000    1.826096   -3.651590    1.642724
     0.544832    1.000000    3.203514   -5.015571    7.835942
     0.544832    1.000000   -1.469924    1.710359    1.666086
     0.544832    1.000000   -6.226055   -8.284006   -7.834139
     0.544832    1.000000    2.359085    2.858818   -0.852896
     0.544832    1.000000    0.437110    2.047788   -1.546778
     0.544832    1.000000    3.093068   -0.979076   -6.905010
     0.544832    1.000000   -0.107888    0.770485   -0.715884
     0.544832    1.000000   -2.750350   -0.655510   -1.640915
     0.544832    1.000000   -5.689679    2.575621   -3.187212
     0.544832    1.000000   -2.474409   -1.972455   -1.593964
     0.544832    1.000000    3.305736   -2.271575    1.112528
     0.544832    1.000000    2.431112   -5.874693    5.509672
     0.544832    1.000000    2.497955    8.053142    2.369321
     0.544832    1.000000   -7.414197   -8.439713    2.790612
     0.544832    1.000000   -5.585305   -0.997086   -5.647839
     0.544832    1.000000   -1.582499    1.734487   -0.026146
     0.544832    1.000000   -1.818713   -1.825101   -2.136612
     0.544832    1.000000   -4.113010    4.903027   -4.662680
     0.544832    1.000000    1.427052   -0.459458   -1.592375
     0.544832    1.000000   -7.131470    2.148150   -1.118132
     0.544832    1.000000   -0.632102   -4.790943   -0.425470
     0.544832    1.000000   -0.840608   -2.353021    0.349508
     0.544832    1.000000   -0.446906    4.217500   -0.547012
     0.544832    1.000000    0.746145   -0.902770   -1.186050
     0.544832    1.000000   -1.096082    3.067288    4.827856
     0.544832   -1.000000    2.338715   -1.203077    4.460851
     0.544832   -1.000000   -7.564119    8.029509   -6.575244
     0.544832   -1.000000   -4.114341   -6.874560   -1.743407
     0.544832   -1.000000   -7.002021    0.240705   -8.163814
     0.544832   -1.000000   -3.594671    7.507221   -8.092496
     0.544832   -1.000000   -7.791257   -1.882191   -7.626969
     0.544832   -1.000000    0.000861    5.284980    4.942006
     0.544832   -1.000000   -5.823463    0.459617    0.677497
     0.544832   -1.000000   -6.821329   -7.070818   -8.568946
     0.544832   -1.000000    2.700398    7.416380    2.167088
     0.544832   -1.000000    7.095265    2.024628    5.525088
     0.544832   -1.000000   -2.232041   -7.584073   -6.281734
     0.544832   -1.000000   -4.421027    7.000656   -2.463398
     0.544832   -1.000000    4.807714    4.449674    7.370318
     0.544832   -1.000000    2.562715    0.890141   -4.998560
     0.544832   -1.000000   -4.105844   -4.472568    3.714699
     0.544832   -1.000000   -3.244820    1.673063   -8.046627
     0.544832   -1.000000    0.398289   -3.712863   -2.170798
     0.544832   -1.000000   -7.985827    5.203169    6.843045
     0.544832   -1.000000   -1.762285   -2.743607   -4.776925
     0.544832   -1.000000    6.953788    1.674327    2.664332
     0.544832   -1.000000    4.085368    5.271535   -2.304310
     0.544832   -1.000000   -6.779210   -3.772825    0.542725
     0.544832   -1.000000   -2.657694   -5.993690   -0.402027
     0.544832   -1.000000    0.124264    4.545590   -5.061944
     0.544832   -1.000000    3.663298    7.351301    4.248754
     0.544832   -1.000000   -8.382029    5.443903   -1.503436
     0.544832   -1.000000    3.727915   -6.325669    8.300344
     0.544832   -1.000000   -6.032124   -4.373916   -3.252004
     0.544832   -1.000000    0.374640   -6.104139   -4.178875
     0.544832   -1.000000   -0.717753    5.002515    7.680556
     0.544832   -1.000000   -6.438394   -1.504044   -8.014976
     0.544832   -1.000000   -4.502701    7.819080   -3.272535
     0.544832   -1.000000    5.796904    2.033454   -8.237956
     0.544832   -1.000000   -1.642642   -4.232280    6.324456
     0.544832   -1.000000    2.599631    3.201700    0.883852
     0.544832   -1.000000    1.991769    1.454236    8.199058
     0.544832   -1.000000    5.134735    8.002106   -6.220117
     0.544832   -1.000000   -0.230901    6.266026   -8.097132
     0.544832   -1.000000    2.271983   -2.988647    1.962123
     0.544832   -1.000000    6.866368   -4.782436   -3.472772
     0.544832   -1.000000    3.029107   -0.936829    8.270828
     0.544832   -1.000000   -7.121704   -7.998001   -6.195658
     0.544832   -1.000000    1.496829    1.992546   -7.267380
     0.544832   -1.000000    0.846843    8.158042    0.568044
     0.544832   -1.000000   -1.065256    6.754113   -5.467488
     0.544832   -1.000000    8.125234   -5.989046    2.866679
     0.544832   -1.000000    0.509274    4.290163    7.279175
     0.544832   -1.000000    3.487131    0.556988   -2.104073
     0.544832   -1.000000    2.585643   -6.403553   -0.977443
     0.544832   -1.000000   -6.412647    6.157488    7.124854
     0.544832   -1.000000    5.855392    7.625313   -7.252987
     0.544832   -1.000000    5.044539    5.195766   -7.222778
     0.544832   -1.000000    5.319368    4.094446   -6.482160
     0.544832   -1.000000    3.291708    1.401203    5.139422
     0.544832   -1.000000    6.369595   -1.452671   -8.103317
     0.544832   -1.000000    7.602909    6.940884    8.557672
     0.544832   -1.000000   -7.521133   -7.251939    2.749388
     0.544832   -1.000000   -0.299863   -6.423700    7.629889
     0.544832   -1.000000   -0.395507   -6.301300    8.323398
