 180,  4.285004617209208
    10  -0.356332E+03  0.751359E+00  0.587853E+00  0.163505E+00  0.004
     0.544832    1.000000   -4.358397   -6.280667    8.031324
     0.544832    1.000000    8.379829   -5.372084   -7.092911
     0.544832    1.000000   -7.860020   -1.593109    2.251738
     0.544832    1.000000    2.071409   -2.920668   -0.905393
     0.544832    1.000000   -5.018421   -4.148442    6.676720
     0.544832    1.000000    1.682115    4.094878    0.488514
     0.544832    1.000000   -2.323618   -7.436994    2.750224
     0.544832    1.000000   -3.300117   -7.496387   -1.749116
     0.544832    1.000000   -7.562150    1.649423    7.600932
     0.544832    1.000000   -0.360587    4.201128   -4.370316
     0.544832    1.000000    6.568324   -6.653257   -2.634136
     0.544832    1.000000    0.560791   -5.582889    1.947639
     0.544832    1.000000   -5.246086   -5.297144    1.463239
     0.544832    1.000000   -5.490915    4.300882    7.885081
     0.544832    1.000000   -4.009146    7.205483    4.045214
     0.544832    1.000000   -3.263282   -1.605892    2.391281
     0.544832    1.000000    2.869531   -6.399860    7.110479
     0.544832    1.000000   -5.204555   -2.354394    4.876617
     0.544832    1.000000   -1.648705    4.405682    0.111549
     0.544832    1.000000   -4.125934    6.680876    5.316472
     0.544832    1.000000   -4.207890   -2.365842   -2.386386
     0.544832    1.000000    2.724236   -0.776323   -1.183710
     0.544832    1.000000    4.594819    2.793612    4.513095
     0.544832    1.000000   -4.699221   -2.964575   -0.380320
     0.544832    1.000000   -0.124457   -3.363680   -5.915311
     0.544832    1.000000   -4.154098   -4.724941   -7.291649
     0.544832    1.000000   -5.842108   -0.840134    0.574565
     0.544832    1.000000   -4.996019   -1.938965   -1.026852
     0.544832    1.000000   -1.489329   -3.428656    1.604359
     0.544832    1.000000   -7.384322   -1.011840   -2.538156
     0.544832    1.000000    5.331443    0.188620    2.124950
     0.544832    1.000000    5.274622   -1.872063    0.211468
     0.544832    1.000000   -2.703652    3.730772   -0.181792
     0.544832    1.000000    2.178308   -1.776010   -4.212253
     0.544832    1.000000    5.478095    2.041170   -2.008194
     0.544832    1.000000   -7.944108    6.299491   -5.909944
     0.544832    1.000000   -2.667222    2.683746   -1.813919
     0.544832    1.000000    4.166958   -0.482937   -0.705957
     0.544832    1.000000    2.542783    4.436282   -1.062232
     0.544832    1.000000   -6.694315   -1.031426   -8.243326
     0.544832    1.000000    2.911770   -7.914278   -3.939415
     0.544832    1.000000    3.698290    0.848084    1.466212
     0.544832    1.000000   -1.018630   -3.230894    7.342444
     0.544832    1.000000    5.982930   -0.994221    5.545695
     0.544832    1.000000   -1.283071    3.184439    0.735104
     0.544832    1.000000   -3.774286    4.130026   -1.626034
     0.544832    1.000000    0.830658    4.144178   -1.394366
     0.544832    1.000000   -1.798662    2.626176   -5.675637
     0.544832    1.000000    7.407470   -7.612435   -1.426613
     0.544832    1.000000    1.066010   -7.834219    1.662524
     0.544832    1.000000   -5.747826    1.601152   -6.725163
     0.544832    1.000000   -3.883478   -0.048107   -1.172393
     0.544832    1.000000   -0.153313   -8.077098   -5.466493
     0.544832    1.000000   -1.591156   -1.790794    1.323949
     0.544832    1.000000    0.697710    1.482429   -0.383460
     0.544832    1.000000    0.679769    2.162262    1.004070
     0.544832    1.000000   -7.564531    2.065935   -5.726437
     0.544832    1.000000   -2.092930    5.760222   -1.156453
     0.544832    1.000000    4.048631    1.622226   -5.411433
     0.544832    1.000000   -0.625480    5.191173    0.894910
     0.544832    1.000000   -1.761732   -4.431488   -2.423633
     0.544832    1.000000    0.534434    3.969394    1.907768
     0.544832    1.000000    0.525021    4.515430   -1.653156
     0.544832    1.000000   -0.425214    1.641451   -1.247005
     0.544832    1.000000    2.410664   -2.463995   -6.330901
     0.544832    1.000000    7.433537   -4.347566    8.553590
     0.544832    1.000000    3.699946    8.506809    5.841258
     0.544832    1.000000    6.390907    1.512622   -2.694250
     0.544832    1.000000   -5.641043    6.549664    2.688597
     0.544832    1.000000    6.565115    6.022500    2.174549
     0.544832    1.000000    7.773257   -1.724499   -5.299533
     0.544832    1.000000   -8.260124    2.540174    0.852008
     0.544832    1.000000   -3.907625   -7.054464   -7.575436
     0.544832    1.000000    7.690924    1.602494   -2.138266
     0.544832    1.000000    4.390127   -6.023720    3.236365
     0.544832    1.000000    1.288626   -6.384777   -2.834703
     0.544832    1.000000   -0.299190    1.394134   -0.025511
     0.544832    1.000000   -5.939111    8.514865    5.966193
     0.544832    1.000000   -4.271314   -3.550994   -0.993033
     0.544832    1.000000   -0.533968    2.991834   -1.501248
     0.544832    1.000000   -8.066377   -6.410800    0.606002
     0.544832    1.000000    1.342848   -1.494683    6.711733
     0.544832    1.000000   -1.955812    1.039842   -6.743951
     0.544832    1.000000   -4.445464   -2.288897    1.263071
     0.544832    1.000000    8.505465   -7.049351   -6.033087
     0.544832    1.000000    5.556781   -0.355100   -5.570891
     0.544832    1.000000   -1.463389    2.420328    5.137420
     0.544832    1.000000   -0.775975    3.688020    1.439018
     0.544832    1.000000   -3.919895   -8.214100   -3.903682
     0.544832    1.000000    3.326159   -3.166312   -1.467004
     0.544832    1.000000    4.522174    1.784023   -3.378329
     0.544832    1.000000   -3.580497   -0.244085    1.459761
     0.544832    1.000000    4.188613   -0.856120    1.151866
     0.544832    1.000000    3.218596   -1.679536    2.069888
     0.544832    1.000000    0.836387    5.249878   -0.754587
     0.544832    1.000000    4.717544   -0.599829   -2.554495
     0.544832    1.000000   -7.621817    0.804537    7.527848
     0.544832    1.000000    1.772523    0.378434    1.665203
     0.544832    1.000000    5.387207   -2.106768   -0.613138
     0.544832    1.000000    1.102439    5.087420    7.705364
     0.544832    1.000000    2.349684    7.808831   -6.563475
     0.544832    1.000000    3.580221   -2.291779   -1.743003
     0.544832    1.000000   -2.539181   -5.790385   -3.409155
     0.544832    1.000000   -1.864875   -1.058179    0.209919
     0.544832    1.000000    3.440951   -2.939602    1.467880
     0.544832    1.000000   -5.099928   -1.406246    0.232625
     0.544832    1.000000   -8.091887   -3.210423    4.426531
     0.544832    1.000000    7.275759   -4.500246   -2.892653
     0.544832    1.000000    1.874746   -1.148952    0.430992
     0.544832    1.000000    7.821794   -5.943901    4.128794
     0.544832    1.000000    1.804651   -2.297217   -0.825434
     0.544832    1.000000    2.406308    4.686848   -5.403739
     0.544832    1.000000   -2.946880   -2.737827   -4.256969
     0.544832    1.000000   -5.206863   -7.440569   -8.130006
     0.544832    1.000000   -2.921232   -2.400560   -2.303674
     0.544832    1.000000   -0.809363   -3.736431    4.577379
     0.544832    1.000000    8.402127    3.312979    6.064055
     0.544832    1.000000   -1.659439    1.301602    2.861525
     0.544832    1.000000    0.733825    5.574795    0.733538
     0.544832    1.000000   -0.149374    6.120341   -5.671563
     0.544832   -1.000000    0.864808   -6.027424   -4.493501
     0.544832   -1.000000   -0.604234    5.557707   -6.805507
     0.544832   -1.000000    8.460096   -7.526298    2.118508
     0.544832   -1.000000    5.091840   -6.842415    7.467715
     0.544832   -1.000000   -0.388137    6.369958    7.582591
     0.544832   -1.000000   -5.356390    4.962253   -2.334622
     0.544832   -1.000000    4.824603   -1.210538   -5.323297
     0.544832   -1.000000    3.556430   -5.971462   -8.358345
     0.544832   -1.000000   -5.005253   -8.247915    5.430062
     0.544832   -1.000000    7.982001    1.680773    5.004873
     0.544832   -1.000000   -2.789771    4.284609   -4.000240
     0.544832   -1.000000   -3.961506    2.061092   -8.315842
     0.544832   -1.000000   -5.837032   -5.255145   -3.814070
     0.544832   -1.000000    2.354000   -6.701252    7.311572
     0.544832   -1.000000    1.642069   -0.498596    6.799840
     0.544832   -1.000000   -0.480149   -3.883982   -7.809249
     0.544832   -1.000000   -7.396013    2.601837   -8.187612
     0.544832   -1.000000   -6.678512   -7.278760   -0.595337
     0.544832   -1.000000   -3.237362   -5.989335   -2.989719
     0.544832   -1.000000   -5.170090   -6.569295   -7.969069
     0.544832   -1.000000   -5.438556    1.585727   -6.155851
     0.544832   -1.000000   -2.569538   -1.618195   -8.214393
     0.544832   -1.000000    0.148782   -6.444347   -5.628462
     0.544832   -1.000000    5.889896    7.702617   -3.302506
     0.544832   -1.000000   -3.986334   -4.148077   -7.761973
     0.544832   -1.000000   -7.169955    0.516371    4.021992
     0.544832   -1.000000    2.634384    7.600812   -5.934661
     0.544832   -1.000000    5.638311    3.682552   -1.481835
     0.544832   -1.000000   -4.458579    2.563769   -8.218104
     0.544832   -1.000000    3.199930   -8.523270   -1.781911
     0.544832   -1.000000    2.684459   -0.993777   -2.572426
     0.544832   -1.000000   -6.763061   -4.136994    4.710644
     0.544832   -1.000000   -6.311528    3.795333    8.090657
     0.544832   -1.000000    0.099021   -6.880672    5.487637
     0.544832   -1.000000    5.708939   -5.313890    7.148313
     0.544832   -1.000000   -5.456813   -4.959579   -4.663838
     0.544832   -1.000000    6.633347   -2.660133   -5.677144
     0.544832   -1.000000    4.657229    1.637298   -5.070683
     0.544832   -1.000000   -4.046570    3.542971    0.494067
     0.544832   -1.000000    1.512867   -3.196261   -2.658081
     0.544832   -1.000000   -0.180609   -6.921022    0.723577
     0.544832   -1.000000   -2.466799    6.820051   -6.290504
     0.544832   -1.000000    5.169169   -3.925224    6.173983
     0.544832   -1.000000   -3.984074    6.188442    4.702096
     0.544832   -1.000000    8.222003    1.301592   -0.786423
     0.544832   -1.000000   -6.670299   -0.531112   -1.106095
     0.544832   -1.000000   -3.464769    5.399038    2.997145
     0.544832   -1.000000   -6.412432    7.356420    3.581123
     0.544832   -1.000000    3.677511    7.646940   -4.212919
     0.544832   -1.000000   -2.684681   -1.462710    5.009510
     0.544832   -1.000000    1.132986   -7.588136    8.341007
     0.544832   -1.000000    7.143676    6.567094    1.961748
     0.544832   -1.000000   -2.290457   -7.705381    3.339096
     0.544832   -1.000000   -1.785475    0.090142   -7.414907
     0.544832   -1.000000   -6.689985    8.241673   -2.587353
     0.544832   -1.000000   -1.958910   -4.775340    4.839123
     0.544832   -1.000000    6.020833    7.819826    8.461268
     0.544832   -1.000000    0.599314   -0.050544   -8.380557
     0.544832   -1.000000   -6.958258    5.982838    3.229742
     0.544832   -1.000000   -2.228134   -6.590082   -5.786049
