 180,  4.285004617209208
    10  -0.370505E+03  0.474738E+02  0.264882E+02  0.209858E+02  0.245
     0.544832    1.000000   -7.489596    2.839353    4.815403
     0.544832    1.000000    1.355368    1.715301   -1.336628
     0.544832    1.000000   -1.384419    0.498751    2.025706
     0.544832    1.000000   -1.204379    0.849336    0.885878
     0.544832    1.000000   -2.410876   -6.554085    1.893291
     0.544832    1.000000   -4.806889   -3.230185   -0.958598
     0.544832    1.000000    3.497461    7.708902    5.714690
     0.544832    1.000000   -1.694206   -1.991341   -1.561303
     0.544832    1.000000    7.028052    6.243340    2.111940
     0.544832    1.000000   -1.000877    7.226407    3.849765
     0.544832    1.000000   -1.021909    0.882524   -2.919601
     0.544832    1.000000   -0.132726    3.804012    0.090323
     0.544832    1.000000   -2.221349   -0.504181   -2.155567
     0.544832    1.000000   -4.804210   -1.435615   -3.767499
     0.544832    1.000000    0.013686    0.864901    1.434151
     0.544832    1.000000   -2.508310    5.091149    5.367412
     0.544832    1.000000   -5.812718    8.463570   -7.476677
     0.544832    1.000000    0.292857   -0.868684   -1.267466
     0.544832    1.000000   -0.325179   -2.040034    1.584748
     0.544832    1.000000    1.647809    1.010566    0.238522
     0.544832    1.000000    8.093083    5.028044   -6.974918
     0.544832    1.000000   -1.722501    5.776563    0.969946
     0.544832    1.000000   -0.992921   -3.231567    0.297778
     0.544832    1.000000   -0.701702   -2.269549   -0.446430
     0.544832    1.000000    4.693108   -2.143510   -0.822903
     0.544832    1.000000    1.731447   -1.117660   -1.653221
     0.544832    1.000000    1.561294    0.940751   -0.555401
     0.544832    1.000000   -0.094677   -1.260506    0.933574
     0.544832    1.000000    0.207795    2.689628   -2.301992
     0.544832    1.000000    6.931751   -3.173986   -6.222825
     0.544832    1.000000   -3.165860   -1.521716   -0.663111
     0.544832    1.000000   -0.945986    0.482808   -0.974621
     0.544832    1.000000   -2.526971    1.885097   -2.985384
     0.544832    1.000000   -3.266175   -3.981389   -6.794233
     0.544832    1.000000   -0.869904   -0.124557   -5.959099
     0.544832    1.000000   -1.937161    0.853478    0.571445
     0.544832    1.000000    1.139013   -0.146566   -1.502243
     0.544832    1.000000    8.473068   -7.827121    0.189518
     0.544832    1.000000    7.492676   -1.741521   -6.473061
     0.544832    1.000000    0.089801   -1.271623   -0.909823
     0.544832    1.000000    0.283087   -2.297335    0.278043
     0.544832    1.000000   -1.870899    3.660015    6.233759
     0.544832    1.000000   -7.471042   -4.547639   -4.754672
     0.544832    1.000000   -3.257331    2.561921    0.666919
     0.544832    1.000000    1.766909    0.073455   -1.513716
     0.544832    1.000000   -4.510790   -8.545391    7.883015
     0.544832    1.000000   -0.148860    0.250504    0.992745
     0.544832    1.000000   -5.643120   -5.892451    7.878700
     0.544832    1.000000    0.940158   -3.907171    4.828971
     0.544832    1.000000   -4.471346   -0.305288    4.831019
     0.544832    1.000000   -5.280599   -6.487057   -0.372811
     0.544832    1.000000    8.112796   -5.597523    4.272334
     0.544832    1.000000   -3.142972    0.879779   -1.013992
     0.544832    1.000000    5.516910    1.488995   -4.058429
     0.544832    1.000000    7.003043    0.464318   -3.329725
     0.544832    1.000000   -0.694690   -1.963108   -0.955544
     0.544832    1.000000    0.817261   -2.258959    0.736029
     0.544832    1.000000   -0.331109   -6.747695    7.429840
     0.544832    1.000000    1.922292    2.274983   -0.184930
     0.544832    1.000000    2.346990   -7.580018    4.463765
     0.544832    1.000000    5.833883   -2.740426   -2.772925
     0.544832    1.000000    2.506293    0.271376   -1.306842
     0.544832    1.000000   -1.732714    0.853189   -0.729718
     0.544832    1.000000   -5.920393    0.969390   -5.064970
     0.544832    1.000000    4.809082   -8.560993    4.644124
     0.544832    1.000000    2.434045    3.864325    0.712836
     0.544832    1.000000    3.656461   -3.314636    1.439407
     0.544832    1.000000   -2.717399   -2.318118    1.517312
     0.544832    1.000000   -1.703383    1.507045   -0.660219
     0.544832    1.000000    2.431604   -4.022211    2.387947
     0.544832    1.000000   -1.943838   -0.354666    1.544219
     0.544832    1.000000   -5.908773    8.042631   -4.069768
     0.544832    1.000000    0.116378    6.353083   -1.916696
     0.544832    1.000000    1.934982   -0.360979   -6.180892
     0.544832    1.000000   -4.064570    1.863943    1.905310
     0.544832    1.000000   -0.564679    8.080160    6.323841
     0.544832    1.000000   -7.990028   -7.588413    0.569870
     0.544832    1.000000   -0.244032    0.819771    1.970885
     0.544832    1.000000    0.996628   -0.091191    1.520643
     0.544832    1.000000    4.701801    7.107424   -6.843120
     0.544832    1.000000   -4.977875    2.763144   -0.846676
     0.544832    1.000000    0.728286    0.402056   -0.804275
     0.544832    1.000000   -3.001336    3.172227   -6.931815
     0.544832    1.000000   -2.676528    0.377789   -0.238241
     0.544832    1.000000   -5.235608    3.358723   -5.451655
     0.544832    1.000000    0.480470    1.767933    1.611594
     0.544832    1.000000   -0.192573    6.445527    7.827083
     0.544832    1.000000   -2.679304   -5.760269   -6.567089
     0.544832    1.000000   -1.274159    3.801907   -0.062356
     0.544832    1.000000    0.981899    7.543403   -2.772223
     0.544832    1.000000    1.843245    8.018037   -4.608410
     0.544832    1.000000    1.346473    2.804652    2.119078
     0.544832    1.000000   -4.637802   -0.835244   -7.660358
     0.544832    1.000000   -0.273232   -5.385888   -2.612806
     0.544832    1.000000    1.259062   -2.565495   -2.418807
     0.544832    1.000000    4.390897   -0.941141   -2.882018
     0.544832    1.000000   -0.023723   -0.060452   -0.618010
     0.544832    1.000000    7.689592    2.345352   -6.248838
     0.544832    1.000000   -1.030465   -1.091751    2.837708
     0.544832    1.000000    7.379617   -2.630930    6.017563
     0.544832    1.000000   -0.276872    2.975839    2.299305
     0.544832    1.000000   -0.393987   -5.311561    0.567233
     0.544832    1.000000    0.843620    0.720957    1.092735
     0.544832    1.000000   -4.883668    4.181344   -4.046765
     0.544832    1.000000    2.220337    5.536144    1.617334
     0.544832    1.000000    7.905910   -5.280682    2.532411
     0.544832    1.000000    3.237853   -1.765156    2.919116
     0.544832    1.000000    3.304566    5.183770    4.200266
     0.544832    1.000000   -4.964781    2.371387   -6.102796
     0.544832    1.000000    4.177107   -1.934523    4.931964
     0.544832    1.000000   -0.256043    1.703595   -1.833302
     0.544832    1.000000   -0.142276   -0.506060    1.113794
     0.544832    1.000000    2.607892    0.244544    0.570090
     0.544832    1.000000   -7.240525    0.314216    4.440548
     0.544832    1.000000   -5.580171   -4.729696    4.673403
     0.544832    1.000000   -2.771595    6.803603   -1.621215
     0.544832    1.000000   -2.274691   -7.399559   -7.216864
     0.544832    1.000000    3.510941   -8.174916   -0.982470
     0.544832    1.000000    5.656516   -0.106992    3.630145
     0.544832    1.000000   -8.221591    1.929550   -6.520656
     0.544832   -1.000000    6.519497    8.178326    7.929113
     0.544832   -1.000000   -7.640693   -3.688222   -6.721224
     0.544832   -1.000000    1.291269   -8.141715    8.016778
     0.544832   -1.000000   -0.394792   -6.039488   -4.488937
     0.544832   -1.000000    1.391692    4.999294    0.592857
     0.544832   -1.000000   -8.173047   -2.613778   -0.030905
     0.544832   -1.000000    0.478082    7.172472    4.157938
     0.544832   -1.000000    3.820151   -3.791903   -8.251194
     0.544832   -1.000000   -8.084213   -2.628894    6.201695
     0.544832   -1.000000    2.213948   -6.996186    2.971640
     0.544832   -1.000000   -8.051967   -5.284724   -1.980270
     0.544832   -1.000000    0.297882    6.657842   -3.209592
     0.544832   -1.000000    1.616367   -4.766837    5.228874
     0.544832   -1.000000   -8.475628    0.279771   -5.365111
     0.544832   -1.000000    5.115727   -6.367196    6.531628
     0.544832   -1.000000   -4.136129    8.181724    7.617772
     0.544832   -1.000000    5.579343    5.383676    4.813548
     0.544832   -1.000000    5.658984    1.747558   -3.450517
     0.544832   -1.000000   -3.316309    6.927144   -0.096156
     0.544832   -1.000000   -0.309841    3.211711    3.029275
     0.544832   -1.000000   -4.391991   -4.747410   -2.339830
     0.544832   -1.000000   -5.159491    6.317615    5.355447
     0.544832   -1.000000    7.116478    6.529518    1.579944
     0.544832   -1.000000   -5.520022   -1.123197   -0.053505
     0.544832   -1.000000   -3.664327   -3.078443    3.173328
     0.544832   -1.000000   -1.743964   -6.614152   -8.342134
     0.544832   -1.000000    7.394132    0.150488    6.863102
     0.544832   -1.000000   -5.321415    3.192406   -1.134793
     0.544832   -1.000000   -6.699335   -1.400209   -6.058857
     0.544832   -1.000000   -0.561204   -7.280919    3.305898
     0.544832   -1.000000   -1.801214    6.989694   -7.028654
     0.544832   -1.000000   -3.676526   -5.412710    0.938459
     0.544832   -1.000000    5.491422   -5.796860   -2.609615
     0.544832   -1.000000    6.439865   -7.915078    0.174439
     0.544832   -1.000000   -4.401335    4.581108   -8.335518
     0.544832   -1.000000    1.365408    5.393541    4.910095
     0.544832   -1.000000   -1.912768    2.919820   -6.404862
     0.544832   -1.000000    3.094028   -5.687280   -2.610136
     0.544832   -1.000000    0.383115   -1.999261   -7.740566
     0.544832   -1.000000   -3.453110   -4.331360   -7.325474
     0.544832   -1.000000   -0.986460    6.213467   -0.115873
     0.544832   -1.000000   -7.047930    5.409568    4.942594
     0.544832   -1.000000   -8.467302   -7.752155   -6.733764
     0.544832   -1.000000   -6.794333    7.776389    7.206272
     0.544832   -1.000000    0.095997    5.273197    7.250614
     0.544832   -1.000000   -3.966762    5.501339   -4.174587
     0.544832   -1.000000   -6.857828    5.517324   -0.413894
     0.544832   -1.000000   -0.107194    1.561459   -6.721543
     0.544832   -1.000000    7.922754    6.912263   -0.711519
     0.544832   -1.000000   -6.483203    2.451197   -6.237256
     0.544832   -1.000000   -5.586547    2.241339    4.870684
     0.544832   -1.000000   -7.020856    3.371797   -7.834877
     0.544832   -1.000000    3.903489    7.981587    3.963603
     0.544832   -1.000000   -7.974977   -8.295131    7.113394
     0.544832   -1.000000   -8.543493   -7.706939   -0.426960
     0.544832   -1.000000    5.723691    3.338633    8.337690
     0.544832   -1.000000   -7.966444    1.244676    0.991118
     0.544832   -1.000000    0.920104    8.414522   -2.722990
     0.544832   -1.000000    3.308207   -5.089278    6.259850
     0.544832   -1.000000   -7.299583   -3.561467    8.371451
