 180,  4.285004617209208
    10  -0.371859E+03  0.442672E+02  0.248816E+02  0.193856E+02  0.204
     0.544832    1.000000    0.788711    1.947720    1.441178
     0.544832    1.000000   -1.034908   -0.701713   -1.584355
     0.544832    1.000000   -3.810382    8.438107    1.598234
     0.544832    1.000000    3.989857    6.052578   -0.871189
     0.544832    1.000000   -5.709496   -4.387278    5.680743
     0.544832    1.000000    2.109593    1.286399   -0.137324
     0.544832    1.000000   -2.295470   -2.074325    5.542512
     0.544832    1.000000   -3.710516    6.903702    5.644886
     0.544832    1.000000   -2.757650   -2.122774   -0.999351
     0.544832    1.000000    2.348550   -0.636286    1.420923
     0.544832    1.000000   -7.972566   -1.032804   -5.639218
     0.544832    1.000000    2.716390   -0.998917    1.176906
     0.544832    1.000000    8.514577   -2.037928   -7.956196
     0.544832    1.000000    2.627423   -6.022253    2.650462
     0.544832    1.000000    5.258439    8.129838   -7.494017
     0.544832    1.000000   -0.490266    0.299839    1.974930
     0.544832    1.000000   -0.044544   -1.874355   -0.015766
     0.544832    1.000000    5.515990   -1.462957    2.378541
     0.544832    1.000000    1.466191   -7.277944   -1.357960
     0.544832    1.000000    0.151809    0.307744   -1.444142
     0.544832    1.000000   -0.901113    4.955848   -3.736481
     0.544832    1.000000   -1.862805    0.666869    0.615878
     0.544832    1.000000    4.566933   -2.558515   -3.006659
     0.544832    1.000000   -0.121723   -0.346513    1.138532
     0.544832    1.000000   -1.751753   -3.520263   -2.458500
     0.544832    1.000000   -6.377920    1.030679   -0.308358
     0.544832    1.000000   -1.525154    1.040117    2.255249
     0.544832    1.000000    1.903549   -0.075254   -1.521557
     0.544832    1.000000   -7.623367   -1.821022   -3.793519
     0.544832    1.000000    6.968253    0.321216   -7.105067
     0.544832    1.000000    2.914943   -2.178581    0.145805
     0.544832    1.000000    0.468567    0.222669    0.817919
     0.544832    1.000000    0.034774   -0.057487    0.304334
     0.544832    1.000000   -5.559032   -1.812114   -4.070730
     0.544832    1.000000    0.180612    3.363188   -0.799528
     0.544832    1.000000    3.448734    0.666863   -0.594095
     0.544832    1.000000    4.723989   -1.933660    7.017750
     0.544832    1.000000   -5.786693    2.540936   -1.107721
     0.544832    1.000000    6.539375    8.074698    2.842001
     0.544832    1.000000   -3.117222   -7.099731   -0.885308
     0.544832    1.000000   -1.578598   -4.268984   -5.987840
     0.544832    1.000000    0.972193    5.151523    2.263962
     0.544832    1.000000   -1.162725   -2.888947    7.554571
     0.544832    1.000000   -0.014398   -4.355991    4.116167
     0.544832    1.000000    1.506863    0.710895   -1.165301
     0.544832    1.000000   -2.231336   -2.166664    0.811223
     0.544832    1.000000    1.682455    2.231592   -0.090405
     0.544832    1.000000    0.701228    2.159274    3.462247
     0.544832    1.000000    1.178722    3.430669   -7.249366
     0.544832    1.000000   -1.718462    1.315634    0.362533
     0.544832    1.000000   -7.271398   -8.064141    4.996759
     0.544832    1.000000   -7.488328   -6.654629    7.306975
     0.544832    1.000000   -3.033957   -3.038099   -4.317323
     0.544832    1.000000   -0.843826   -2.295624   -0.811775
     0.544832    1.000000   -0.579076    0.465766   -0.948365
     0.544832    1.000000   -4.593610   -3.888586   -5.806766
     0.544832    1.000000   -1.569402   -4.486164    1.533265
     0.544832    1.000000   -1.061753    2.675175   -6.963570
     0.544832    1.000000   -0.132516    0.885721    1.492541
     0.544832    1.000000   -1.399512   -4.742633   -3.966707
     0.544832    1.000000   -5.342782    6.715476   -5.366979
     0.544832    1.000000    5.400276   -0.767791    5.334153
     0.544832    1.000000   -4.479548    0.333744   -6.022068
     0.544832    1.000000   -7.574804    2.585580   -6.498995
     0.544832    1.000000    0.083670    3.197296    1.184738
     0.544832    1.000000   -1.234909    0.724964    4.407483
     0.544832    1.000000   -1.782544    1.775463   -0.067992
     0.544832    1.000000    7.658180   -6.169529    7.017545
     0.544832    1.000000   -0.697654   -1.445367    1.857809
     0.544832    1.000000    1.364431    7.940026   -6.896796
     0.544832    1.000000    7.513954    8.157784   -3.958338
     0.544832    1.000000    1.662524    1.470254    0.503906
     0.544832    1.000000    2.838130   -4.009967    6.996624
     0.544832    1.000000    0.023837   -1.453882   -0.499353
     0.544832    1.000000   -7.473440   -0.392941    2.598222
     0.544832    1.000000   -0.660219   -2.797303    1.003545
     0.544832    1.000000    0.020917    0.047550   -0.429648
     0.544832    1.000000    2.307782    3.508972   -0.622988
     0.544832    1.000000   -0.183822    5.435895   -0.987893
     0.544832    1.000000    0.689947   -1.798204   -1.231267
     0.544832    1.000000   -0.311347    0.187577    0.788969
     0.544832    1.000000   -2.334685    2.659405    3.549034
     0.544832    1.000000   -7.009113   -1.727671   -1.273222
     0.544832    1.000000    3.118647   -0.391218    2.840849
     0.544832    1.000000    0.164732    4.185160   -7.184787
     0.544832    1.000000    2.462426    5.588977   -0.147967
     0.544832    1.000000   -0.864291   -1.811757    1.376050
     0.544832    1.000000    6.491649    3.492580    7.724938
     0.544832    1.000000   -0.753156    5.483033    4.566815
     0.544832    1.000000   -6.292784   -7.872232   -7.665280
     0.544832    1.000000    1.595744   -1.049480   -1.675603
     0.544832    1.000000   -2.679634   -1.610648    1.726645
     0.544832    1.000000    6.248930    2.762229    1.926977
     0.544832    1.000000    5.461062   -0.064616   -0.650110
     0.544832    1.000000   -0.885861   -2.981117    6.272451
     0.544832    1.000000   -3.165331    2.440898   -1.981795
     0.544832    1.000000    5.364721   -7.869379   -1.375231
     0.544832    1.000000    1.514692   -5.299138   -1.808667
     0.544832    1.000000    0.706235    2.737120   -1.109623
     0.544832    1.000000   -5.931529    6.953331   -3.413148
     0.544832    1.000000    7.644185    4.651206   -4.283235
     0.544832    1.000000   -0.055256   -1.598967   -1.811351
     0.544832    1.000000   -4.282882    4.367987    7.401868
     0.544832    1.000000    1.429190    0.868686   -0.409670
     0.544832    1.000000    1.679996   -2.517631   -1.556436
     0.544832    1.000000    5.855036   -5.884427   -7.888549
     0.544832    1.000000    0.155478    2.298242   -1.742254
     0.544832    1.000000    0.819000    0.426370   -1.151163
     0.544832    1.000000    4.974164   -3.836023   -1.128514
     0.544832    1.000000    3.866340    3.474774    8.459546
     0.544832    1.000000    2.203708   -2.805559   -7.178246
     0.544832    1.000000   -3.967775    1.800294   -1.252557
     0.544832    1.000000   -5.660239    1.577945    7.309944
     0.544832    1.000000   -1.497943    1.376594   -1.112429
     0.544832    1.000000   -1.600391    1.126798   -0.356012
     0.544832    1.000000    5.025030    0.688015    0.467231
     0.544832    1.000000   -2.991558   -0.984265   -0.701036
     0.544832    1.000000   -5.418590   -3.007413    4.799177
     0.544832    1.000000    4.397334    6.780864    7.317151
     0.544832    1.000000    0.027153   -3.350320    8.337453
     0.544832   -1.000000   -4.638066    2.703024    6.998152
     0.544832   -1.000000    4.897567    2.052324    6.748919
     0.544832   -1.000000    3.599953    3.971009   -8.198086
     0.544832   -1.000000   -3.249416    4.720692    0.963485
     0.544832   -1.000000   -2.776291   -4.068158    7.838652
     0.544832   -1.000000    5.048404    1.109659   -0.234549
     0.544832   -1.000000    0.613410    8.086283   -2.016426
     0.544832   -1.000000    5.025705    5.609369   -0.799011
     0.544832   -1.000000   -2.071000   -6.654721   -7.195749
     0.544832   -1.000000    2.361673   -6.630098    2.247098
     0.544832   -1.000000   -1.932851    6.695439   -2.539071
     0.544832   -1.000000    3.649122   -6.789105   -6.417365
     0.544832   -1.000000    7.033912    4.374425   -4.389272
     0.544832   -1.000000   -0.712278   -6.274524    3.399625
     0.544832   -1.000000    1.752580   -3.157950   -6.781722
     0.544832   -1.000000    5.415828   -4.142484    6.064891
     0.544832   -1.000000    6.083775   -8.224891    2.247361
     0.544832   -1.000000    3.921537    1.113695    3.283737
     0.544832   -1.000000   -3.385694    6.633518    2.009658
     0.544832   -1.000000   -5.425174    1.862717    6.403458
     0.544832   -1.000000    4.907009   -2.759978    4.078174
     0.544832   -1.000000   -7.492145   -2.374999    7.643424
     0.544832   -1.000000   -1.701422   -4.879251   -3.524905
     0.544832   -1.000000    0.352586   -0.644365   -8.163578
     0.544832   -1.000000    2.125294   -2.637509    6.768575
     0.544832   -1.000000    0.182867   -8.531732   -0.317618
     0.544832   -1.000000   -6.192085   -3.099592   -0.854264
     0.544832   -1.000000   -5.710084    1.182108   -1.635752
     0.544832   -1.000000    6.220933   -3.477721    8.400260
     0.544832   -1.000000    7.122653   -4.274299   -4.627953
     0.544832   -1.000000   -4.095197    8.562023   -0.864240
     0.544832   -1.000000    4.616882    7.062008   -6.940679
     0.544832   -1.000000    4.302916    6.880073   -0.937215
     0.544832   -1.000000    2.997475    1.846928    3.634873
     0.544832   -1.000000   -3.624330   -6.192139   -7.483308
     0.544832   -1.000000    2.596409    3.498573    1.462439
     0.544832   -1.000000    6.067587   -8.432348   -7.571040
     0.544832   -1.000000   -6.317100   -7.881189    4.179398
     0.544832   -1.000000   -4.380346    5.622198   -3.966170
     0.544832   -1.000000   -3.474855   -3.457453   -6.585579
     0.544832   -1.000000   -6.463168   -1.524190    0.964302
     0.544832   -1.000000    5.767877    5.337497   -4.808352
     0.544832   -1.000000    5.684725   -2.150086   -2.277670
     0.544832   -1.000000   -0.853115    4.079859   -5.119515
     0.544832   -1.000000    8.381924   -5.809860   -4.316708
     0.544832   -1.000000   -7.280896   -5.858145    7.316256
     0.544832   -1.000000    4.654171    7.313385   -7.822477
     0.544832   -1.000000   -1.588537    0.040223    6.695265
     0.544832   -1.000000    8.333335    2.611101   -5.558032
     0.544832   -1.000000    2.622643    0.133033    1.770893
     0.544832   -1.000000    0.128743    2.449555   -7.330983
     0.544832   -1.000000   -6.138445   -4.284785    3.127942
     0.544832   -1.000000   -8.239999   -8.418757    6.197141
     0.544832   -1.000000    3.612692   -6.317068   -8.449682
     0.544832   -1.000000   -5.206579    8.130520   -6.359613
     0.544832   -1.000000   -2.823216   -3.439035   -3.300372
     0.544832   -1.000000   -0.240195   -3.258470    6.719729
     0.544832   -1.000000   -5.522187   -8.138721    1.771611
     0.544832   -1.000000    2.598562    7.740289    6.990541
     0.544832   -1.000000    0.892938   -0.705951    4.909948
