 180,  4.285004617209208
    10  -0.373696E+03  0.415610E+02  0.238035E+02  0.177574E+02  0.186
     0.544832    1.000000   -1.486126    1.132792   -0.870996
     0.544832    1.000000   -1.699575    0.595150    0.774379
     0.544832    1.000000   -5.707784   -6.984657   -0.206716
     0.544832    1.000000    0.378047   -2.383486   -0.226328
     0.544832    1.000000    5.898175    7.356984   -2.762330
     0.544832    1.000000    3.684883    0.560983   -0.626949
     0.544832    1.000000    0.017714   -0.258860    1.144122
     0.544832    1.000000    7.901665   -6.817491    2.884577
     0.544832    1.000000    4.931575    3.832140    1.453976
     0.544832    1.000000   -4.815900    4.453849   -8.204841
     0.544832    1.000000    1.811415    6.069410    6.029195
     0.544832    1.000000   -4.139605   -4.826596   -7.793930
     0.544832    1.000000    0.460215   -2.025946    0.661413
     0.544832    1.000000   -8.477111    6.054042    1.561445
     0.544832    1.000000   -0.306877   -2.559641    0.517723
     0.544832    1.000000    4.877396    8.458652    5.718735
     0.544832    1.000000    3.507025    7.471591   -5.664866
     0.544832    1.000000   -0.780545   -5.585398   -6.177690
     0.544832    1.000000    3.835613   -1.614745    0.948931
     0.544832    1.000000    1.314657   -2.170490   -1.237528
     0.544832    1.000000    2.923127   -4.238067    5.090790
     0.544832    1.000000    4.267894   -7.551891   -1.700313
     0.544832    1.000000   -6.399191   -4.461740    5.107064
     0.544832    1.000000    6.782925    1.068810    6.289865
     0.544832    1.000000    1.439195    0.933395    1.076562
     0.544832    1.000000    0.886101    5.433183   -0.496273
     0.544832    1.000000    0.721396   -0.438101   -2.604592
     0.544832    1.000000   -2.684391   -2.272203   -0.505304
     0.544832    1.000000    2.485272   -1.541967    1.353434
     0.544832    1.000000   -1.928490   -0.451903    2.407619
     0.544832    1.000000   -0.891297    1.311228   -1.407832
     0.544832    1.000000   -0.734847    0.639442    1.071750
     0.544832    1.000000    4.723206   -7.745054   -7.017237
     0.544832    1.000000    6.372011   -5.405140   -7.935892
     0.544832    1.000000    1.584584   -2.764676   -0.549805
     0.544832    1.000000    0.015305    3.872530    0.680811
     0.544832    1.000000    3.319460    0.000675    0.971864
     0.544832    1.000000   -5.778242    2.918760    6.181904
     0.544832    1.000000   -0.138835    0.030325    0.582443
     0.544832    1.000000   -3.090886    0.220639   -6.737959
     0.544832    1.000000    1.913238   -1.787583   -2.098300
     0.544832    1.000000   -3.635999   -0.659392    0.201085
     0.544832    1.000000   -4.296769   -2.658371    0.993139
     0.544832    1.000000   -5.163550   -7.378386    3.293611
     0.544832    1.000000    1.725104    1.586417    7.856773
     0.544832    1.000000    8.197926    4.577816   -0.792146
     0.544832    1.000000   -3.699824    1.971654   -1.372248
     0.544832    1.000000    0.455321    0.403599   -1.022893
     0.544832    1.000000   -0.727098    2.028258   -7.963674
     0.544832    1.000000   -2.784937    0.857094    7.394591
     0.544832    1.000000    2.104536   -2.195124    0.710950
     0.544832    1.000000    4.137529   -1.636229    7.515323
     0.544832    1.000000   -6.434612   -3.799280   -0.028427
     0.544832    1.000000   -0.634565   -1.588561    1.260075
     0.544832    1.000000    4.798421   -1.901131   -6.982023
     0.544832    1.000000   -8.159949    4.560647    7.046745
     0.544832    1.000000   -1.922789   -1.746001   -1.563926
     0.544832    1.000000   -2.041446    1.750506    0.810900
     0.544832    1.000000    0.374430    3.243631   -0.590767
     0.544832    1.000000   -1.980533   -7.960018   -6.776672
     0.544832    1.000000   -1.923506    0.515607   -1.581211
     0.544832    1.000000   -6.600224    1.143399    3.062455
     0.544832    1.000000    7.043871   -0.940441    5.210391
     0.544832    1.000000    6.168478   -2.013897    1.172722
     0.544832    1.000000   -3.059355    0.102382   -0.395036
     0.544832    1.000000    7.258720    5.675735    5.087467
     0.544832    1.000000    8.227101    5.311088    5.698012
     0.544832    1.000000   -6.288627    1.860508    4.790976
     0.544832    1.000000    5.781148   -4.667763    3.729552
     0.544832    1.000000   -4.806905    0.015933   -1.527715
     0.544832    1.000000    1.351478   -1.572827   -1.526240
     0.544832    1.000000   -2.120519    7.483806   -0.805524
     0.544832    1.000000    0.272438   -4.801313    0.765237
     0.544832    1.000000    1.808739    0.539259    1.597058
     0.544832    1.000000    7.859181    4.693839   -7.021435
     0.544832    1.000000    7.836982   -7.888798   -1.559820
     0.544832    1.000000    3.022415    5.960040    4.279819
     0.544832    1.000000    0.940581   -0.814575   -1.721833
     0.544832    1.000000    2.895079   -5.656997    5.738682
     0.544832    1.000000    0.646056    0.743130    1.309063
     0.544832    1.000000    2.648778    0.578378   -0.923104
     0.544832    1.000000    0.358013   -0.741550   -1.532816
     0.544832    1.000000    1.002273   -5.338512    0.779365
     0.544832    1.000000   -3.740707   -6.934966   -5.729702
     0.544832    1.000000   -5.503525    3.503122    0.330927
     0.544832    1.000000   -1.547039   -0.763574    1.636764
     0.544832    1.000000    2.648905    1.796564   -0.349131
     0.544832    1.000000   -0.688625   -4.813318    2.686514
     0.544832    1.000000   -2.877339    0.737698   -0.109086
     0.544832    1.000000    0.076074    0.016184   -0.038574
     0.544832    1.000000    7.850865    3.023147   -1.683384
     0.544832    1.000000   -0.832781    4.737276   -3.933823
     0.544832    1.000000   -1.025756    3.293962   -1.306172
     0.544832    1.000000    6.506731    0.702045    1.847220
     0.544832    1.000000    1.719523    4.723332    8.460719
     0.544832    1.000000    1.000647   -0.625009    2.413322
     0.544832    1.000000   -2.412985   -0.024203    1.626404
     0.544832    1.000000    4.892748    0.434185   -4.347796
     0.544832    1.000000   -2.038137   -1.257241   -5.975886
     0.544832    1.000000   -7.864935   -5.666701   -6.142968
     0.544832    1.000000    0.257878   -6.709884    6.693359
     0.544832    1.000000   -2.800519   -2.779986    3.735615
     0.544832    1.000000   -5.950927   -6.089893    8.510896
     0.544832    1.000000    5.987873    7.474629    5.896824
     0.544832    1.000000    4.146677   -7.570769   -0.100170
     0.544832    1.000000   -1.647352    2.223240    0.096813
     0.544832    1.000000   -0.056109    0.150672   -0.727049
     0.544832    1.000000   -6.440330   -6.920315   -4.041349
     0.544832    1.000000    2.733623    1.124101    0.091415
     0.544832    1.000000    2.864936   -1.328006   -0.965660
     0.544832    1.000000   -0.433025   -1.752952   -1.013386
     0.544832    1.000000    1.141786    0.259729   -1.197421
     0.544832    1.000000   -6.112786   -7.108413    5.300224
     0.544832    1.000000    1.788761    4.526811   -6.822796
     0.544832    1.000000    8.569902    7.786157   -6.282486
     0.544832    1.000000    0.002340   -1.216572   -0.798377
     0.544832    1.000000   -0.953532    0.267595   -1.129332
     0.544832    1.000000    4.042481    1.759082    3.650785
     0.544832    1.000000   -5.120133   -2.981047    2.997013
     0.544832    1.000000    3.119936    1.853542   -2.747171
     0.544832   -1.000000    6.060857    0.025934    8.305707
     0.544832   -1.000000    0.897905    8.302256    3.229683
     0.544832   -1.000000   -8.013883   -6.238515   -6.777258
     0.544832   -1.000000   -5.795432   -1.301854    2.140747
     0.544832   -1.000000    2.732414   -7.697369    3.656103
     0.544832   -1.000000   -3.548420    7.611528   -4.675444
     0.544832   -1.000000   -3.238831   -0.358715   -5.071846
     0.544832   -1.000000    8.254235    0.561002    2.197764
     0.544832   -1.000000    1.375365   -5.673620    8.369158
     0.544832   -1.000000    6.301032   -0.860243   -4.297511
     0.544832   -1.000000    2.535040    3.716065   -7.438820
     0.544832   -1.000000    6.841116    5.823599    3.808706
     0.544832   -1.000000    5.888834   -0.939352    1.358061
     0.544832   -1.000000   -6.760972    6.357786   -7.839285
     0.544832   -1.000000    5.175086   -5.319732   -0.391955
     0.544832   -1.000000    8.159002    5.647967    2.033977
     0.544832   -1.000000   -5.637140   -8.466240    7.976203
     0.544832   -1.000000   -4.742761   -2.792464   -5.282268
     0.544832   -1.000000    0.653467    5.567537   -5.746338
     0.544832   -1.000000   -8.061447    3.733619    4.205464
     0.544832   -1.000000   -7.979152    5.783079   -0.937590
     0.544832   -1.000000   -0.565450    5.627353   -0.730732
     0.544832   -1.000000    7.986047   -7.735246   -7.343284
     0.544832   -1.000000    5.453300   -8.273357    6.189623
     0.544832   -1.000000    2.670800   -4.184377    6.994392
     0.544832   -1.000000   -3.728681   -6.129909   -7.195340
     0.544832   -1.000000    7.838583   -4.175709   -3.763723
     0.544832   -1.000000    5.107691    4.182245   -5.579543
     0.544832   -1.000000    5.349739   -4.040641   -5.848962
     0.544832   -1.000000   -2.829371   -1.420188   -5.566218
     0.544832   -1.000000    8.549613   -7.838532   -2.955212
     0.544832   -1.000000   -4.216799   -3.197396    4.289459
     0.544832   -1.000000    0.280098   -5.452464    2.791213
     0.544832   -1.000000   -0.711347   -6.939770   -2.799942
     0.544832   -1.000000    0.027661    2.607095   -5.604552
     0.544832   -1.000000    7.087322    8.197446    7.394910
     0.544832   -1.000000   -6.288549    4.776042    7.812327
     0.544832   -1.000000   -6.626676   -5.966604    3.195006
     0.544832   -1.000000   -8.343833    5.048705    7.251576
     0.544832   -1.000000    3.497362    7.432204    7.094685
     0.544832   -1.000000   -8.101289    4.767424    0.318719
     0.544832   -1.000000    2.362235   -7.893987   -5.360100
     0.544832   -1.000000    4.571023   -0.974321    6.855389
     0.544832   -1.000000    5.982063   -3.252063    1.781043
     0.544832   -1.000000    3.123380   -6.255344   -0.720700
     0.544832   -1.000000    7.972648    4.455336    8.009181
     0.544832   -1.000000    8.278320    1.861713    4.070672
     0.544832   -1.000000   -1.909472    6.433755    8.376035
     0.544832   -1.000000    2.886148    0.483322   -7.611487
     0.544832   -1.000000   -2.059820    7.831428   -6.194141
     0.544832   -1.000000    2.521933   -5.023121   -7.517044
     0.544832   -1.000000   -6.326552   -5.126370    4.236543
     0.544832   -1.000000   -1.198278   -6.751857   -3.481453
     0.544832   -1.000000    4.438295    5.880553    5.368015
     0.544832   -1.000000    8.030329   -1.189812   -1.722715
     0.544832   -1.000000   -8.380776   -7.592272   -3.480885
     0.544832   -1.000000    1.214459   -7.261141   -2.617344
     0.544832   -1.000000   -6.294500   -3.764671   -6.247877
     0.544832   -1.000000    6.670382    2.042770    8.529374
     0.544832   -1.000000    8.171581   -1.840824   -6.381162
