 180,  4.285004617209208
    10  -0.374282E+03  0.395647E+02  0.229219E+02  0.166427E+02  0.176
     0.544832    1.000000   -4.575435    7.005141    4.195067
     0.544832    1.000000    0.769672    0.508051   -0.861371
     0.544832    1.000000   -0.644945   -6.354657   -8.157352
     0.544832    1.000000    3.979608   -1.321740   -0.025157
     0.544832    1.000000   -6.767872    1.143601    4.442347
     0.544832    1.000000    3.293248   -7.045827    8.048441
     0.544832    1.000000   -2.653422   -0.876567   -6.532819
     0.544832    1.000000    7.261653   -4.204013   -0.854914
     0.544832    1.000000    0.170359    6.548297   -5.410794
     0.544832    1.000000   -0.496089    4.526429    2.125659
     0.544832    1.000000   -1.114706    4.263827    1.512684
     0.544832    1.000000    7.309292    3.172465    4.737620
     0.544832    1.000000    4.435869    3.077987    7.943521
     0.544832    1.000000    8.025693   -5.063668    6.485549
     0.544832    1.000000   -0.412606    8.404014    6.008843
     0.544832    1.000000   -0.012940   -0.648168   -0.742841
     0.544832    1.000000   -1.389213   -6.009638   -1.784460
     0.544832    1.000000    0.663176   -2.486559   -0.224837
     0.544832    1.000000   -0.451850    0.770237    7.066225
     0.544832    1.000000    7.880290   -5.653111   -2.689360
     0.544832    1.000000   -3.103666    1.830207    6.217825
     0.544832    1.000000   -3.918869    4.780826   -3.716475
     0.544832    1.000000    3.692453   -0.687507    0.179730
     0.544832    1.000000    2.917835   -1.357757    2.639341
     0.544832    1.000000   -1.661440   -0.858346    1.688816
     0.544832    1.000000   -7.109110   -6.024094   -2.386508
     0.544832    1.000000    3.219544   -8.427050   -7.110699
     0.544832    1.000000   -0.823342   -1.642335   -1.578656
     0.544832    1.000000    1.597361   -2.557404    0.730964
     0.544832    1.000000    1.635855    0.657341    1.562443
     0.544832    1.000000    1.711071    1.521554    4.315656
     0.544832    1.000000   -1.498550    2.348324   -0.529333
     0.544832    1.000000    1.508798   -2.535761   -6.360055
     0.544832    1.000000   -0.033567    1.378352    2.326424
     0.544832    1.000000    3.697585    1.862549   -0.799147
     0.544832    1.000000    1.285895    8.001605   -2.795706
     0.544832    1.000000    4.110871   -6.983557   -7.015854
     0.544832    1.000000   -2.282954   -8.172456   -7.815226
     0.544832    1.000000   -5.728949    4.536313   -3.576975
     0.544832    1.000000    3.198429    1.070780   -0.252604
     0.544832    1.000000    5.953882   -5.118143   -6.473512
     0.544832    1.000000   -3.245058    0.276510    0.113148
     0.544832    1.000000    6.700408   -1.498999   -4.950832
     0.544832    1.000000   -5.368341   -5.872133   -7.465330
     0.544832    1.000000    1.556713    0.681240    0.674930
     0.544832    1.000000    7.844434   -0.203889   -7.761581
     0.544832    1.000000    1.758806   -6.951467   -0.778008
     0.544832    1.000000   -7.406567    4.870953    2.725252
     0.544832    1.000000    1.553834    1.871244   -5.854344
     0.544832    1.000000   -6.820281    5.045450   -5.147833
     0.544832    1.000000   -4.742897   -0.857313   -1.621784
     0.544832    1.000000    0.857572   -2.259992    0.813410
     0.544832    1.000000   -2.991582   -0.517755    0.662547
     0.544832    1.000000   -5.049397   -7.443783   -0.392218
     0.544832    1.000000   -1.112447    2.494150    1.646845
     0.544832    1.000000    2.004643   -3.755001   -3.042830
     0.544832    1.000000    1.941704    1.057222   -2.179205
     0.544832    1.000000   -1.422699   -5.872670   -8.209728
     0.544832    1.000000   -1.067023   -3.650872   -5.804645
     0.544832    1.000000   -0.121669   -0.457645    1.615784
     0.544832    1.000000    3.224961   -7.459635   -2.083587
     0.544832    1.000000   -7.845423   -3.849579   -6.320522
     0.544832    1.000000    0.704107   -1.382256    1.513490
     0.544832    1.000000   -1.167145    2.907770   -0.923268
     0.544832    1.000000   -2.569578   -0.377205    1.195608
     0.544832    1.000000    2.507427   -1.702521    1.203585
     0.544832    1.000000    4.460807   -8.283530    6.442439
     0.544832    1.000000   -3.141066   -0.361897   -0.466346
     0.544832    1.000000    5.260045   -8.393745   -3.214314
     0.544832    1.000000   -6.611413   -1.076485    1.911637
     0.544832    1.000000    2.937332    0.152058    0.660096
     0.544832    1.000000   -4.384339    2.868036   -3.370153
     0.544832    1.000000   -8.460269    8.159095    1.585219
     0.544832    1.000000    2.376699    3.546124   -7.260695
     0.544832    1.000000    1.705995    6.246550    0.331962
     0.544832    1.000000   -1.196848    1.088307    0.930638
     0.544832    1.000000   -0.732160    0.287299    3.582192
     0.544832    1.000000    8.413421    4.389729   -3.947732
     0.544832    1.000000    0.723225    2.902425   -0.894661
     0.544832    1.000000    6.405245   -4.578393    0.354189
     0.544832    1.000000    3.435932   -2.881706    0.616805
     0.544832    1.000000   -3.684705   -7.240071    4.290196
     0.544832    1.000000    1.042095    0.381911   -1.858184
     0.544832    1.000000    1.012321   -2.815595   -2.640380
     0.544832    1.000000   -3.762355   -2.565315    6.640471
     0.544832    1.000000   -3.214704    3.128750    0.166899
     0.544832    1.000000   -0.441656    0.808033   -1.365566
     0.544832    1.000000   -0.831273    0.361349   -0.872362
     0.544832    1.000000   -6.633430   -2.223603   -2.635908
     0.544832    1.000000   -0.028995   -0.246127    0.629906
     0.544832    1.000000    2.696250    1.805230   -2.785952
     0.544832    1.000000   -3.860580    1.728719    0.072220
     0.544832    1.000000    1.496207    5.778494   -6.271667
     0.544832    1.000000   -5.650807    2.490435   -4.092338
     0.544832    1.000000   -0.922494    0.108682    1.533466
     0.544832    1.000000   -0.031656    1.114501    1.625130
     0.544832    1.000000    0.406303   -2.667933   -3.122900
     0.544832    1.000000    1.698152    1.093346   -3.474873
     0.544832    1.000000    7.187002    6.536981   -1.072756
     0.544832    1.000000   -0.510344   -2.779216   -0.994925
     0.544832    1.000000   -0.602447   -2.235722    0.420615
     0.544832    1.000000    1.294664   -1.533813   -7.728942
     0.544832    1.000000    0.050163    0.045748   -0.195083
     0.544832    1.000000   -3.484466    7.554507   -5.711554
     0.544832    1.000000   -7.177678   -6.579821   -4.835391
     0.544832    1.000000    2.906415    2.540884    0.254055
     0.544832    1.000000    6.150145    8.264171    6.782224
     0.544832    1.000000    1.026292   -0.917812   -2.574959
     0.544832    1.000000   -0.072353    0.334058    0.970281
     0.544832    1.000000   -3.495065   -4.329441    3.042623
     0.544832    1.000000    1.764903    0.793109   -0.453278
     0.544832    1.000000   -0.154865   -4.079750    2.356916
     0.544832    1.000000   -1.887600    0.220954   -2.763289
     0.544832    1.000000   -0.156055   -1.329285    1.078357
     0.544832    1.000000    0.865356    2.381303    7.614419
     0.544832    1.000000   -0.177891   -1.211986    1.644033
     0.544832    1.000000   -0.512962   -2.226192    5.113052
     0.544832    1.000000    0.156333    0.194446   -0.829484
     0.544832    1.000000    1.732092    0.298625   -1.428027
     0.544832    1.000000   -4.716647   -7.899836   -4.231063
     0.544832   -1.000000    6.855772    4.765533   -3.954657
     0.544832   -1.000000    6.162896   -8.331817   -3.238493
     0.544832   -1.000000    4.734504   -5.130457   -7.918258
     0.544832   -1.000000   -3.422081   -8.484416   -4.424996
     0.544832   -1.000000    7.139550   -0.744376   -0.546475
     0.544832   -1.000000   -0.006606    5.863684   -4.095050
     0.544832   -1.000000    3.004587   -6.831763   -2.120170
     0.544832   -1.000000   -4.950713    5.074885   -2.823345
     0.544832   -1.000000   -4.836001    8.359241   -7.294365
     0.544832   -1.000000   -5.858495    0.925621    7.357927
     0.544832   -1.000000    6.431448   -8.224473    5.645258
     0.544832   -1.000000    3.756955   -3.674558   -4.413389
     0.544832   -1.000000    6.285027   -0.892722    0.152453
     0.544832   -1.000000   -7.808362   -6.062447    6.083670
     0.544832   -1.000000   -3.781533    2.992854   -3.799078
     0.544832   -1.000000   -7.487647   -1.335541   -7.204413
     0.544832   -1.000000   -4.909016   -8.379254    0.394864
     0.544832   -1.000000    1.439273    6.970903    4.227840
     0.544832   -1.000000   -3.756137   -2.383069   -8.470976
     0.544832   -1.000000   -4.655707   -2.116795   -5.160250
     0.544832   -1.000000   -2.831181    7.062044   -7.443927
     0.544832   -1.000000    0.175530   -3.386288    4.315633
     0.544832   -1.000000   -0.396730   -4.744310    1.281553
     0.544832   -1.000000    2.604718    6.090430   -4.109823
     0.544832   -1.000000    0.507988   -4.692375   -1.449392
     0.544832   -1.000000   -7.231917   -4.987820   -0.230729
     0.544832   -1.000000   -5.872446   -8.516166   -5.722579
     0.544832   -1.000000   -1.594515   -6.002596    1.564589
     0.544832   -1.000000   -4.668367    4.490004   -7.790720
     0.544832   -1.000000   -7.826991   -6.484623   -5.443891
     0.544832   -1.000000   -3.371638    3.403210    5.960137
     0.544832   -1.000000    5.551646   -5.989607    7.343603
     0.544832   -1.000000    7.106648    7.587226   -2.754589
     0.544832   -1.000000   -8.088209   -7.660759    6.029703
     0.544832   -1.000000    5.757473    2.650664    0.807896
     0.544832   -1.000000    1.031730   -3.257130   -3.503258
     0.544832   -1.000000   -0.156157    1.124039    6.420531
     0.544832   -1.000000   -3.259289   -6.703858   -7.955833
     0.544832   -1.000000   -4.964713    7.458753   -1.385555
     0.544832   -1.000000    2.594219   -6.933286   -0.899599
     0.544832   -1.000000    8.528411   -0.873226   -3.770935
     0.544832   -1.000000    2.696631   -2.993368    1.334429
     0.544832   -1.000000   -3.084064    2.426949    6.123112
     0.544832   -1.000000   -0.840925   -8.501597   -5.451446
     0.544832   -1.000000   -6.357175    4.769976    0.078277
     0.544832   -1.000000    4.704348    7.367431    5.853413
     0.544832   -1.000000   -0.608152   -1.030551   -6.823773
     0.544832   -1.000000    3.656367    0.314843   -3.792104
     0.544832   -1.000000   -7.665823    5.040660    0.228542
     0.544832   -1.000000    7.267842   -4.520630    8.508068
     0.544832   -1.000000    4.097166    8.072831    8.122463
     0.544832   -1.000000   -8.203889   -4.714385   -5.485340
     0.544832   -1.000000    2.223539    3.431113    5.530491
     0.544832   -1.000000    5.487381    7.802296   -0.044571
     0.544832   -1.000000   -1.833873   -3.470354   -6.869272
     0.544832   -1.000000    8.254744    6.871166   -5.795466
     0.544832   -1.000000    0.754028   -0.137345    8.278554
     0.544832   -1.000000    4.496903    0.747283   -5.896060
     0.544832   -1.000000   -4.581446    4.499488   -6.464848
     0.544832   -1.000000   -0.753956    3.089106    8.190164
