 180,  4.285004617209208
    10  -0.375154E+03  0.370911E+02  0.217277E+02  0.153635E+02  0.165
     0.544832    1.000000    2.119226    3.388929   -2.573805
     0.544832    1.000000    7.933315    5.338432   -0.887101
     0.544832    1.000000   -3.847430    0.868956    0.681857
     0.544832    1.000000    2.951301   -8.079931    4.135732
     0.544832    1.000000    4.478257    3.338280   -8.358008
     0.544832    1.000000   -0.134163    2.298251   -2.541665
     0.544832    1.000000   -5.797036   -2.800364    2.512963
     0.544832    1.000000   -6.720596   -7.792205   -7.031256
     0.544832    1.000000    6.967573   -5.955593    2.600443
     0.544832    1.000000   -1.956168    1.434102    0.260154
     0.544832    1.000000   -1.460590    2.829371   -5.068366
     0.544832    1.000000   -3.388145    1.388511   -2.607902
     0.544832    1.000000    5.470266    2.310114   -0.219534
     0.544832    1.000000    3.435187    7.528179   -3.703423
     0.544832    1.000000    1.658232   -5.998514   -3.182872
     0.544832    1.000000   -0.340754    2.931773   -1.142744
     0.544832    1.000000   -2.302766   -3.181294    5.875798
     0.544832    1.000000    3.365391   -7.786158    6.921005
     0.544832    1.000000    5.448749    6.404328   -7.947745
     0.544832    1.000000    7.398713   -6.368140   -7.362136
     0.544832    1.000000    2.051254   -8.395042   -2.310548
     0.544832    1.000000   -5.248199    3.103635   -5.823674
     0.544832    1.000000   -4.926020    6.668762   -0.554730
     0.544832    1.000000   -0.635550   -2.238022   -2.629058
     0.544832    1.000000    5.258795    2.030127    3.783282
     0.544832    1.000000   -0.868995   -5.106350   -6.758017
     0.544832    1.000000    1.140198   -7.347591   -5.538192
     0.544832    1.000000    4.327728   -6.520690    5.651330
     0.544832    1.000000   -4.253800    7.049336    7.918490
     0.544832    1.000000   -3.853038   -5.097327   -3.324862
     0.544832    1.000000   -5.655590    7.317757    2.624888
     0.544832    1.000000    2.894676   -2.773304   -3.425246
     0.544832    1.000000    2.353980    3.204073   -0.691833
     0.544832    1.000000    2.343297   -5.067216    8.323335
     0.544832    1.000000    1.120682   -1.992339   -1.188988
     0.544832    1.000000   -2.013994    3.160121    2.848029
     0.544832    1.000000   -4.734577   -4.961138    0.847299
     0.544832    1.000000    6.061340   -5.702847    0.621434
     0.544832    1.000000    0.058895   -1.459926    0.945397
     0.544832    1.000000   -2.181418   -6.258395    7.891952
     0.544832    1.000000   -8.457313    6.368176    5.541385
     0.544832    1.000000    1.815722    6.846625    1.964324
     0.544832    1.000000   -1.294978   -2.030061    1.726056
     0.544832    1.000000   -0.824116   -1.280195    1.524867
     0.544832    1.000000    3.249703   -0.993918   -0.786308
     0.544832    1.000000   -1.653253   -1.489006   -1.562766
     0.544832    1.000000    1.100341    0.506706    0.881952
     0.544832    1.000000   -6.163258   -4.380844    5.433715
     0.544832    1.000000    0.401471    0.189233   -0.646860
     0.544832    1.000000    2.449228    0.642310   -0.969554
     0.544832    1.000000   -1.212585   -1.794417    3.885075
     0.544832    1.000000    0.050820   -0.208030   -0.511183
     0.544832    1.000000    5.246055    1.543115   -6.859802
     0.544832    1.000000   -3.746825   -2.322572    0.160507
     0.544832    1.000000   -2.227501    3.447115   -7.955298
     0.544832    1.000000   -0.938101    0.507481   -1.926131
     0.544832    1.000000    1.321084    1.366662   -1.593556
     0.544832    1.000000    3.030797   -4.236560    5.672502
     0.544832    1.000000    0.055649   -0.337538    0.626273
     0.544832    1.000000   -7.654072   -3.106207   -3.991347
     0.544832    1.000000    1.657276   -1.920015   -3.005600
     0.544832    1.000000    3.290423    1.378629    2.179698
     0.544832    1.000000   -2.752854   -1.958716   -0.003049
     0.544832    1.000000   -1.208095    1.526191   -1.085137
     0.544832    1.000000    7.551446    1.254021    4.207205
     0.544832    1.000000    2.165363    1.560523    2.652809
     0.544832    1.000000    1.877240    1.900996    1.047960
     0.544832    1.000000   -7.431910   -1.930273    4.220191
     0.544832    1.000000   -5.577311    7.851008   -4.796451
     0.544832    1.000000   -1.399328    2.540495   -0.500046
     0.544832    1.000000   -5.201085   -0.647129   -1.498846
     0.544832    1.000000   -2.001320    0.210231   -1.370702
     0.544832    1.000000   -3.846184   -6.071965    4.731356
     0.544832    1.000000   -4.958112    3.240387    6.994978
     0.544832    1.000000    2.910993   -2.885265    0.713919
     0.544832    1.000000    0.580574    4.028486   -0.436410
     0.544832    1.000000   -1.089303   -0.085508    5.700598
     0.544832    1.000000   -5.525934    4.267115   -2.293668
     0.544832    1.000000   -1.342763    2.431068   -7.134629
     0.544832    1.000000   -0.818559    0.878164    1.245730
     0.544832    1.000000   -0.566155    0.766662   -2.749282
     0.544832    1.000000   -3.195653   -0.089973    0.084144
     0.544832    1.000000    0.717282    1.046783   -1.614779
     0.544832    1.000000    0.615112   -0.431172    1.825130
     0.544832    1.000000    1.549988   -4.481119   -2.594579
     0.544832    1.000000   -0.033628   -0.024707    0.188359
     0.544832    1.000000    0.493797   -1.262104   -1.271898
     0.544832    1.000000   -0.829816    2.102864    1.568202
     0.544832    1.000000    0.164329    0.818363    1.702911
     0.544832    1.000000    2.973847   -1.623564    0.433058
     0.544832    1.000000    5.336737   -0.547190    0.019622
     0.544832    1.000000   -1.691624    0.811812   -0.431702
     0.544832    1.000000    3.771189   -3.665159   -0.028978
     0.544832    1.000000    3.909578    4.301647    0.562590
     0.544832    1.000000   -0.784457    6.806672   -7.694875
     0.544832    1.000000    3.360910   -0.387358   -4.136025
     0.544832    1.000000   -5.650450   -4.672323    1.231742
     0.544832    1.000000    2.399183    0.061209    1.039505
     0.544832    1.000000   -2.841090    6.665227   -5.740538
     0.544832    1.000000    2.401836    3.751501   -4.035186
     0.544832    1.000000    1.537758   -2.460624    0.857945
     0.544832    1.000000    0.774506    2.992525    1.058716
     0.544832    1.000000   -2.034527    0.570017    1.083463
     0.544832    1.000000   -0.464359    0.268869    0.714717
     0.544832    1.000000    0.147923   -7.235104    6.003234
     0.544832    1.000000    2.842613   -2.448981   -0.606055
     0.544832    1.000000   -7.429430   -7.526010    5.509452
     0.544832    1.000000    6.868247    8.080548   -5.494378
     0.544832    1.000000    1.639089    0.250902   -1.326132
     0.544832    1.000000   -3.763369    3.268793    4.634041
     0.544832    1.000000   -5.544424   -5.080838    6.586100
     0.544832    1.000000   -1.224058    8.184054   -7.790448
     0.544832    1.000000    1.394313    2.070495   -0.961093
     0.544832    1.000000    5.060596   -7.303406   -1.418821
     0.544832    1.000000    0.856914   -2.566051    4.529489
     0.544832    1.000000   -4.239538   -1.399043    1.449949
     0.544832    1.000000    5.315269   -1.983227   -5.014519
     0.544832    1.000000    0.062751    5.719864    6.324626
     0.544832    1.000000    1.426158    2.243849   -4.331762
     0.544832    1.000000   -1.559676    0.737604   -6.176501
     0.544832   -1.000000    3.126914    6.621366    4.647386
     0.544832   -1.000000   -5.938869    3.656109    3.080720
     0.544832   -1.000000   -0.403537   -7.466949    3.297014
     0.544832   -1.000000    2.448608    0.849752   -7.253845
     0.544832   -1.000000   -6.601842   -6.685262    6.146204
     0.544832   -1.000000    3.464558   -6.429725    2.473757
     0.544832   -1.000000   -1.747702    5.461477    7.638453
     0.544832   -1.000000   -8.356860   -6.715378   -3.831434
     0.544832   -1.000000    1.502565    7.211731    1.527914
     0.544832   -1.000000   -7.318388    3.023477   -4.531362
     0.544832   -1.000000   -3.608665   -7.098233    3.991081
     0.544832   -1.000000    2.417098    2.654708   -3.624346
     0.544832   -1.000000    6.472997   -5.168606   -6.395411
     0.544832   -1.000000   -3.386885    6.224635    2.114727
     0.544832   -1.000000   -7.324604   -4.526238   -0.085459
     0.544832   -1.000000    4.673593   -6.911015   -7.692126
     0.544832   -1.000000   -4.850718    7.841089   -4.351543
     0.544832   -1.000000    5.866179   -2.413038    4.900018
     0.544832   -1.000000   -5.388737    6.367415    4.901672
     0.544832   -1.000000   -5.007945   -0.764660    2.740514
     0.544832   -1.000000    0.065753    3.280005    6.044209
     0.544832   -1.000000    4.600966   -6.152892   -3.387096
     0.544832   -1.000000    7.207125   -3.221007   -6.498749
     0.544832   -1.000000    4.153264   -0.734789   -3.325838
     0.544832   -1.000000   -2.032012    1.020227   -8.538156
     0.544832   -1.000000   -3.929831   -7.020164    8.496281
     0.544832   -1.000000    5.276985    1.734227   -1.200877
     0.544832   -1.000000   -0.913798   -5.695001   -7.562983
     0.544832   -1.000000   -7.049839    4.750105   -3.841861
     0.544832   -1.000000    6.048153    7.427538   -6.325293
     0.544832   -1.000000   -1.515692    2.273325   -5.456656
     0.544832   -1.000000    3.526766   -5.753855    6.001981
     0.544832   -1.000000   -7.131609   -0.910477    4.340410
     0.544832   -1.000000   -3.342458   -0.083344    6.618401
     0.544832   -1.000000   -8.154770   -7.811344    7.522155
     0.544832   -1.000000    1.710958    5.603176   -7.616746
     0.544832   -1.000000    8.549612   -4.269111   -0.795028
     0.544832   -1.000000   -7.033196   -3.491105   -3.764724
     0.544832   -1.000000    8.286063   -1.238049    7.269696
     0.544832   -1.000000   -1.099460   -7.883860   -4.360157
     0.544832   -1.000000    8.197646   -3.214871    7.650241
     0.544832   -1.000000   -8.412308    5.584349   -1.671680
     0.544832   -1.000000   -3.907919    4.340712    6.761212
     0.544832   -1.000000   -3.634613   -3.167073   -7.818339
     0.544832   -1.000000    0.888650   -6.892257   -0.899073
     0.544832   -1.000000    5.574824   -4.433433    6.527950
     0.544832   -1.000000   -2.205026    4.460519   -6.749553
     0.544832   -1.000000   -4.765094    4.048715    0.768609
     0.544832   -1.000000   -0.259978   -4.700043   -6.153605
     0.544832   -1.000000    5.590609   -1.877238   -6.671256
     0.544832   -1.000000   -0.902968   -1.596885   -3.388533
     0.544832   -1.000000    0.516366   -7.315695   -1.864695
     0.544832   -1.000000    2.110992    7.488693   -7.163859
     0.544832   -1.000000   -7.106148   -4.382956    4.388200
     0.544832   -1.000000    7.891473    1.493868   -8.548536
     0.544832   -1.000000   -7.787050    2.728780   -2.869544
     0.544832   -1.000000   -0.836887    3.177496   -8.207922
     0.544832   -1.000000    7.297196    4.887872    0.541838
     0.544832   -1.000000    6.639984    6.187199   -1.786376
     0.544832   -1.000000   -1.688317    4.233464    7.968125
