 180,  4.285004617209208
    10  -0.378799E+03  0.298120E+02  0.202809E+02  0.953100E+01  0.131
     0.544832    1.000000    3.309526   -0.759866   -2.187099
     0.544832    1.000000   -0.781688    0.042441   -3.002810
     0.544832    1.000000    6.314197    5.023096    3.403939
     0.544832    1.000000   -0.973661    3.023500   -0.528658
     0.544832    1.000000    1.594526    2.276419   -1.554390
     0.544832    1.000000   -1.985092    2.394048    1.092509
     0.544832    1.000000   -2.364403    3.026315    3.070040
     0.544832    1.000000   -0.880676    2.702911   -1.572676
     0.544832    1.000000   -1.911191   -2.031898   -1.680486
     0.544832    1.000000   -8.448713    7.059050   -7.047098
     0.544832    1.000000    0.154214   -0.629654   -0.876190
     0.544832    1.000000    2.493169    0.362451    5.219450
     0.544832    1.000000    7.827682    2.525525   -6.444769
     0.544832    1.000000    1.269118    1.208464    2.008203
     0.544832    1.000000   -0.154156    0.121947    0.300046
     0.544832    1.000000    6.609489   -5.231506    4.458974
     0.544832    1.000000    5.102602    0.217138   -0.036280
     0.544832    1.000000    0.889385    0.419244   -0.843457
     0.544832    1.000000    0.303274   -1.380516   -0.923439
     0.544832    1.000000   -2.988835   -0.615097   -0.885324
     0.544832    1.000000    0.520609   -5.598870    1.313819
     0.544832    1.000000    3.059940   -1.846961    0.005949
     0.544832    1.000000   -3.448709    1.333874    2.606734
     0.544832    1.000000   -5.284473   -4.719168    4.703115
     0.544832    1.000000    3.950829   -1.673248    6.981260
     0.544832    1.000000    0.915770   -5.225661    4.443400
     0.544832    1.000000    8.345613    3.477890   -4.219679
     0.544832    1.000000   -1.659688    2.025020   -0.382974
     0.544832    1.000000    8.253663   -7.365826    5.907435
     0.544832    1.000000    2.285437    0.125352    1.239990
     0.544832    1.000000    8.499209    6.620679    3.164866
     0.544832    1.000000    1.560723    0.859777   -0.562361
     0.544832    1.000000    5.776962    1.024202   -4.692822
     0.544832    1.000000   -1.846585    2.903454   -7.622444
     0.544832    1.000000    7.932772   -3.826698   -2.902209
     0.544832    1.000000    5.689017    3.758230    7.302907
     0.544832    1.000000   -1.955535    0.159497   -1.313628
     0.544832    1.000000   -4.745551   -1.150778   -7.392715
     0.544832    1.000000    1.653439    1.243798    0.124602
     0.544832    1.000000   -1.355596    0.277532   -1.437883
     0.544832    1.000000    8.360515    1.366160    2.939699
     0.544832    1.000000    7.202788    3.313480    3.969312
     0.544832    1.000000   -6.337817    1.831277   -0.656056
     0.544832    1.000000    8.045440   -4.529945    4.427193
     0.544832    1.000000    2.822512   -8.174438    3.430101
     0.544832    1.000000   -1.657997   -2.776132    5.179384
     0.544832    1.000000    1.386833   -4.765293    6.701846
     0.544832    1.000000   -2.064640    0.494803    0.938751
     0.544832    1.000000    0.198912    1.749104   -1.936765
     0.544832    1.000000   -0.214308   -2.109874   -0.516923
     0.544832    1.000000   -5.773599   -0.598851   -7.154019
     0.544832    1.000000   -0.030547    0.459581    1.086040
     0.544832    1.000000   -1.189064    0.256698    1.159694
     0.544832    1.000000    2.269312   -2.313670    1.097679
     0.544832    1.000000   -0.603270    3.106197    7.239817
     0.544832    1.000000   -7.529405   -4.992547   -4.057835
     0.544832    1.000000    5.542143   -8.279322    4.039002
     0.544832    1.000000    6.603169   -1.348838    4.616219
     0.544832    1.000000   -6.136761   -5.539881    4.649812
     0.544832    1.000000    4.203469    2.437143    4.199205
     0.544832    1.000000    1.636057    2.850939    3.221400
     0.544832    1.000000    6.282699    0.945583    6.616993
     0.544832    1.000000   -1.095122   -2.957054   -0.787856
     0.544832    1.000000    1.555640   -0.397913    6.689011
     0.544832    1.000000    5.894026   -5.584273   -4.696434
     0.544832    1.000000   -5.694577   -3.459832   -3.270259
     0.544832    1.000000    0.334324    2.323556    4.066065
     0.544832    1.000000   -7.621758   -8.321893   -4.490038
     0.544832    1.000000    2.229683   -2.426751    0.540054
     0.544832    1.000000   -3.459648   -4.082015   -0.103419
     0.544832    1.000000    0.340244   -0.737298    1.235172
     0.544832    1.000000    2.298811   -2.840610   -1.328994
     0.544832    1.000000   -3.100465   -1.548353   -0.116660
     0.544832    1.000000   -5.758463   -8.035664    0.259955
     0.544832    1.000000    0.616252    0.127561    0.905183
     0.544832    1.000000    0.182398    0.043843   -0.153062
     0.544832    1.000000   -3.580145   -4.151824    7.147466
     0.544832    1.000000    7.908223    2.796476    1.313049
     0.544832    1.000000    3.148846   -1.706680    3.395019
     0.544832    1.000000   -0.775587    5.185217    6.714127
     0.544832    1.000000    7.962145    4.348632    3.582308
     0.544832    1.000000    3.689238    5.653037   -2.689276
     0.544832    1.000000   -8.458083    4.605828    7.161490
     0.544832    1.000000    5.538500   -3.064637   -7.352037
     0.544832    1.000000   -0.111304   -0.160289    0.842256
     0.544832    1.000000    0.925196    0.666638    1.238443
     0.544832    1.000000    0.127449    5.901561   -7.941609
     0.544832    1.000000    0.381242    4.812595    1.097944
     0.544832    1.000000    0.221257   -2.308597    1.274028
     0.544832    1.000000    2.698797    3.343073    1.107177
     0.544832    1.000000   -5.650849    6.146782   -5.627048
     0.544832    1.000000   -3.736857    1.572517    4.108332
     0.544832    1.000000   -3.863884   -0.525072   -3.109521
     0.544832    1.000000    0.484993    0.575497   -1.592898
     0.544832    1.000000    2.929758   -2.203956   -6.480011
     0.544832    1.000000   -0.860758    1.572776   -7.888414
     0.544832    1.000000   -2.705306    0.323793   -0.019681
     0.544832    1.000000    2.321781   -0.740613   -1.573931
     0.544832    1.000000    1.291046    2.140724   -6.691526
     0.544832    1.000000   -1.774781   -5.043191    2.026620
     0.544832    1.000000    7.640533    4.485714   -1.766558
     0.544832    1.000000    1.577634    0.840960    0.531092
     0.544832    1.000000   -3.140667    1.781643   -2.782415
     0.544832    1.000000    1.799902    5.251184   -3.677249
     0.544832    1.000000   -3.749234   -7.737789    2.015780
     0.544832    1.000000    1.388686   -0.066469   -1.470194
     0.544832    1.000000   -8.162140   -3.293727   -5.803579
     0.544832    1.000000   -5.993765    6.446781   -2.469171
     0.544832    1.000000    8.244200    6.769787   -5.469400
     0.544832    1.000000    2.291358    4.692373    2.458573
     0.544832    1.000000    3.481550    2.136994   -4.846889
     0.544832    1.000000    1.920731   -2.136378   -1.143426
     0.544832    1.000000   -6.208029    1.195143    7.781892
     0.544832    1.000000   -0.872641   -1.953260    1.247633
     0.544832    1.000000   -2.215937   -8.136001   -5.420542
     0.544832    1.000000   -0.217284   -0.152199   -0.696359
     0.544832    1.000000    5.952190   -3.214619    0.875687
     0.544832    1.000000    3.010017   -0.384641    0.774402
     0.544832    1.000000   -2.073991   -2.608458   -0.037260
     0.544832    1.000000    0.136699   -2.222278    0.220286
     0.544832   -1.000000   -0.808368    1.466564    7.157656
     0.544832   -1.000000    1.214112    1.955497    4.811454
     0.544832   -1.000000   -5.561578   -0.540574    7.448224
     0.544832   -1.000000    3.280894   -2.785738    1.998148
     0.544832   -1.000000    0.691082   -4.180104   -8.229427
     0.544832   -1.000000   -6.726909    0.632137    3.639860
     0.544832   -1.000000   -7.482226    8.291110   -4.609461
     0.544832   -1.000000    0.737452    5.330465   -7.406825
     0.544832   -1.000000    1.646954   -3.109255    5.685351
     0.544832   -1.000000   -0.970436    6.672696   -7.786647
     0.544832   -1.000000   -3.072591    4.870253   -7.173631
     0.544832   -1.000000    3.744975    0.927140    3.062298
     0.544832   -1.000000   -5.487044   -2.877485   -2.939292
     0.544832   -1.000000   -2.712306   -4.996322    3.127276
     0.544832   -1.000000   -2.022070    3.924135    5.093360
     0.544832   -1.000000   -8.514541   -7.260142   -7.186547
     0.544832   -1.000000   -8.238874    3.081246    1.576638
     0.544832   -1.000000   -5.482616    6.513701   -4.938046
     0.544832   -1.000000   -1.459893    6.211948    0.679182
     0.544832   -1.000000    4.069211    6.097833   -1.209153
     0.544832   -1.000000    5.348248    2.700841    1.973040
     0.544832   -1.000000    8.054677   -3.496159    7.399652
     0.544832   -1.000000    4.258686    6.396034    6.176548
     0.544832   -1.000000   -7.457819    1.281918   -2.701361
     0.544832   -1.000000   -5.909294   -4.471239   -3.547071
     0.544832   -1.000000   -8.531754    4.746616   -5.813477
     0.544832   -1.000000    5.558880   -7.274107    3.355495
     0.544832   -1.000000   -0.281228    6.613388    6.350876
     0.544832   -1.000000   -4.845406   -5.243182   -3.574479
     0.544832   -1.000000    2.191879   -3.953154   -6.644906
     0.544832   -1.000000   -7.330349   -8.288461    5.424114
     0.544832   -1.000000   -7.032749   -2.443819   -2.434476
     0.544832   -1.000000    3.845216    0.527348   -2.308392
     0.544832   -1.000000   -4.312532    1.262326    5.221493
     0.544832   -1.000000   -5.131362   -8.492784   -0.204053
     0.544832   -1.000000    6.482033    0.970690   -1.699154
     0.544832   -1.000000    5.717577   -2.788077    4.231514
     0.544832   -1.000000    6.370997    3.532742   -7.803494
     0.544832   -1.000000    1.161067   -4.393043    0.166567
     0.544832   -1.000000   -5.414027    0.011773    3.054407
     0.544832   -1.000000    8.514807   -8.046719    7.124102
     0.544832   -1.000000   -1.461275   -4.990608    3.222641
     0.544832   -1.000000    4.920384   -0.846115    2.136915
     0.544832   -1.000000   -7.848201   -5.160558   -3.348752
     0.544832   -1.000000   -7.143925    6.444124   -0.821083
     0.544832   -1.000000    5.432947    5.343039    5.160769
     0.544832   -1.000000    6.995078   -2.884037    2.878562
     0.544832   -1.000000   -0.315429   -3.515860   -1.217611
     0.544832   -1.000000   -7.487807    6.716625    2.751368
     0.544832   -1.000000    5.923936   -1.996722    7.168263
     0.544832   -1.000000    8.207046   -5.676440    0.443076
     0.544832   -1.000000   -7.394493    6.833369    7.658096
     0.544832   -1.000000    2.908200    0.316612   -6.669159
     0.544832   -1.000000    7.624795    1.668500    8.375921
     0.544832   -1.000000   -2.192624    5.008454    8.335709
     0.544832   -1.000000    1.422412    7.050242   -7.225481
     0.544832   -1.000000   -2.912719    7.843861   -2.401360
     0.544832   -1.000000    2.761438   -0.643422    7.265341
     0.544832   -1.000000   -2.251159    1.608850   -7.576679
     0.544832   -1.000000   -2.174597   -1.488345   -7.134117
