 180,  4.285004617209208
    10  -0.380568E+03  0.219689E+02  0.169513E+02  0.501767E+01  0.087
     0.544832    1.000000    0.712539    2.525766   -2.785507
     0.544832    1.000000    3.471481    0.353579   -0.480280
     0.544832    1.000000   -4.056268    5.231015    6.031055
     0.544832    1.000000    0.707695   -0.113359    1.731927
     0.544832    1.000000   -2.035153    1.979471   -0.318314
     0.544832    1.000000   -3.780641   -3.218735    2.023829
     0.544832    1.000000   -1.244863    3.058681   -4.505182
     0.544832    1.000000    0.084711   -2.434026    1.926123
     0.544832    1.000000   -1.164467    1.264502    1.070499
     0.544832    1.000000   -3.698092   -0.020888   -7.566721
     0.544832    1.000000    1.401972   -1.204562   -1.698107
     0.544832    1.000000   -6.991752    2.564573   -1.513149
     0.544832    1.000000   -3.371415    4.358945    0.971690
     0.544832    1.000000   -0.296463    4.416958    0.376425
     0.544832    1.000000    3.319261    0.120128    3.446354
     0.544832    1.000000    1.139006    3.017864    1.186435
     0.544832    1.000000    0.107695   -0.968344   -1.101029
     0.544832    1.000000   -0.907680   -0.530218   -1.471082
     0.544832    1.000000    2.611303   -6.298713    4.265350
     0.544832    1.000000   -2.871150   -0.369196   -3.019469
     0.544832    1.000000    7.505217   -8.102089    1.359577
     0.544832    1.000000    0.658756    0.383583   -0.438062
     0.544832    1.000000   -2.618934   -0.245862   -1.393328
     0.544832    1.000000    1.309227   -2.411113    0.871005
     0.544832    1.000000   -5.987412   -7.007908    7.956916
     0.544832    1.000000    1.396211    2.162004   -0.841455
     0.544832    1.000000    1.928133    0.866179    0.420781
     0.544832    1.000000   -0.702947    2.079260   -2.950467
     0.544832    1.000000    1.147226    0.918988    0.759781
     0.544832    1.000000    1.489379   -5.532223   -0.205651
     0.544832    1.000000   -0.295239    0.222241   -0.025053
     0.544832    1.000000   -0.268177    3.919294    4.115017
     0.544832    1.000000    1.355377    0.244819   -1.100233
     0.544832    1.000000   -4.778898    3.947294   -5.931488
     0.544832    1.000000    8.266912   -7.394024    2.423506
     0.544832    1.000000    3.542738   -7.987887   -3.663773
     0.544832    1.000000    6.769845    4.765471   -7.130279
     0.544832    1.000000    2.181185   -2.723661   -0.186866
     0.544832    1.000000    1.725722    5.083525   -3.640916
     0.544832    1.000000   -2.087373    0.826064    0.694897
     0.544832    1.000000    6.726480   -1.962100   -2.951936
     0.544832    1.000000   -1.739665   -5.534325   -3.472255
     0.544832    1.000000   -2.655478   -2.301963   -0.039804
     0.544832    1.000000    6.612522    1.202687    7.522319
     0.544832    1.000000    0.699186   -4.739516    0.352665
     0.544832    1.000000   -0.745892   -1.643502   -1.583745
     0.544832    1.000000   -3.972596    3.678302    2.606775
     0.544832    1.000000    0.026010    1.234744   -1.519652
     0.544832    1.000000   -2.046955   -6.254542    6.526440
     0.544832    1.000000    1.544265    1.410066    0.444828
     0.544832    1.000000    1.982898   -2.109115    1.279032
     0.544832    1.000000    2.760354   -7.729907    2.812452
     0.544832    1.000000   -3.933195    2.966079   -1.876224
     0.544832    1.000000    5.815214   -6.061132   -1.550113
     0.544832    1.000000    1.845562   -2.050872   -1.230241
     0.544832    1.000000   -2.803362    0.349366    0.113647
     0.544832    1.000000   -2.914973    1.566454    4.337869
     0.544832    1.000000   -8.549799   -0.898648    7.223552
     0.544832    1.000000    6.356840   -8.479863    6.879328
     0.544832    1.000000   -0.419705    1.658774    2.578789
     0.544832    1.000000    7.095626    6.163240    7.616911
     0.544832    1.000000    2.500227    1.234611    1.433697
     0.544832    1.000000   -0.315091    0.211670    0.582565
     0.544832    1.000000    0.028956   -0.497864    0.746520
     0.544832    1.000000    5.028147   -4.683574   -6.550497
     0.544832    1.000000   -2.893993   -7.288025   -0.691044
     0.544832    1.000000    0.037816   -2.091670    0.689478
     0.544832    1.000000    0.637027   -8.249043    2.401370
     0.544832    1.000000   -7.542965   -1.835058   -4.934642
     0.544832    1.000000    0.485462    1.966650    1.880721
     0.544832    1.000000   -0.312454    0.198560    1.380641
     0.544832    1.000000   -5.198451    1.123678    1.129784
     0.544832    1.000000   -0.509137   -1.416347    1.186013
     0.544832    1.000000    2.339430    6.091284   -7.024777
     0.544832    1.000000   -4.246619   -2.732151    3.242510
     0.544832    1.000000   -8.407009    2.043428    2.552777
     0.544832    1.000000    1.584319    2.805824   -0.781496
     0.544832    1.000000    5.453916   -1.024937    0.574851
     0.544832    1.000000   -3.446882   -5.337694   -6.513620
     0.544832    1.000000   -7.382629   -7.676261   -0.719156
     0.544832    1.000000    0.777658    5.800192    7.772198
     0.544832    1.000000    8.196185   -4.412307   -7.240525
     0.544832    1.000000    2.910880   -0.466625   -0.938864
     0.544832    1.000000   -2.420030   -0.860904   -4.652784
     0.544832    1.000000   -6.428254    0.968447   -6.530604
     0.544832    1.000000   -3.689793    7.625732    6.529936
     0.544832    1.000000    3.486095   -2.756101   -6.400888
     0.544832    1.000000   -3.752957   -7.821543    3.596814
     0.544832    1.000000    0.698015    0.151243   -7.286266
     0.544832    1.000000   -2.171891    2.786450    3.791664
     0.544832    1.000000   -7.748534    0.485804    4.952460
     0.544832    1.000000   -0.733132   -2.003536   -1.075342
     0.544832    1.000000   -0.077902   -0.425875   -0.661924
     0.544832    1.000000    5.770465   -1.098974    4.582408
     0.544832    1.000000    1.057700    2.215363    1.524932
     0.544832    1.000000   -0.741754   -2.681528    1.961346
     0.544832    1.000000   -1.795586   -1.798505   -5.052504
     0.544832    1.000000   -2.768990    6.634860   -7.900974
     0.544832    1.000000   -6.352546   -1.606500    0.444570
     0.544832    1.000000    2.875220   -1.230128    5.592500
     0.544832    1.000000    0.828187   -2.221945   -1.247945
     0.544832    1.000000   -1.037975    0.528633   -0.845233
     0.544832    1.000000   -1.742394   -3.595402    3.075098
     0.544832    1.000000   -1.186954    2.468806    6.753887
     0.544832    1.000000    5.306067   -3.236200   -0.178058
     0.544832    1.000000   -2.898825   -1.361697   -1.095412
     0.544832    1.000000   -2.174336   -3.369901    0.136664
     0.544832    1.000000    2.359784   -0.005275   -2.668423
     0.544832    1.000000    6.300111    2.897871   -3.462998
     0.544832    1.000000   -1.179889    6.023803    0.897841
     0.544832    1.000000    6.175952    7.775262    2.153229
     0.544832    1.000000    7.126105    5.310859   -5.508047
     0.544832    1.000000   -2.034979    8.277466   -4.474283
     0.544832    1.000000    5.376303    6.565953    8.347148
     0.544832    1.000000   -8.220087    1.821079   -4.209239
     0.544832    1.000000   -0.994613    0.624966    0.299498
     0.544832    1.000000   -0.998734   -1.448315    2.173689
     0.544832    1.000000   -7.739027   -5.718122    4.512422
     0.544832    1.000000   -0.410264    0.847150   -1.285343
     0.544832    1.000000   -5.568875    5.877833    1.328689
     0.544832   -1.000000    7.186041    7.653356    7.459707
     0.544832   -1.000000   -5.673488   -7.532637    0.709583
     0.544832   -1.000000   -0.839654   -2.953109   -2.890887
     0.544832   -1.000000   -0.087429    7.546924    2.875056
     0.544832   -1.000000    4.567105    4.685101   -1.775163
     0.544832   -1.000000   -7.886009   -3.708606   -5.745511
     0.544832   -1.000000    8.434766   -7.941993   -8.043150
     0.544832   -1.000000    5.691380    8.049111    4.651868
     0.544832   -1.000000   -7.631875   -0.835504    8.227459
     0.544832   -1.000000    1.332882   -6.565083    3.400960
     0.544832   -1.000000    7.613554    0.396886    6.404813
     0.544832   -1.000000   -5.201619   -0.664537    6.063297
     0.544832   -1.000000    1.263299    6.322396   -3.149050
     0.544832   -1.000000   -6.316859   -1.604013    3.737615
     0.544832   -1.000000   -7.177111   -1.868261   -4.188198
     0.544832   -1.000000   -3.480950    7.541927   -0.807956
     0.544832   -1.000000   -5.938077   -3.637689   -3.056424
     0.544832   -1.000000   -6.325741   -5.015046   -8.273070
     0.544832   -1.000000   -4.494729    8.540442    2.021368
     0.544832   -1.000000    4.287290    0.017104   -7.193202
     0.544832   -1.000000    4.218384   -5.870899   -6.103261
     0.544832   -1.000000    8.123185    3.718455   -3.921206
     0.544832   -1.000000    2.213877    2.228176   -6.405174
     0.544832   -1.000000    0.773564    0.992960   -8.131880
     0.544832   -1.000000    7.767136   -4.225495   -7.574388
     0.544832   -1.000000   -6.518563    0.432229   -1.798247
     0.544832   -1.000000   -2.747017    3.943886    6.228375
     0.544832   -1.000000   -4.879835    4.708463    5.810009
     0.544832   -1.000000    3.597388    1.683963    2.934869
     0.544832   -1.000000   -1.957391    2.673063    5.134426
     0.544832   -1.000000   -8.430171    5.358229   -8.473322
     0.544832   -1.000000   -0.471765   -0.290541    4.955827
     0.544832   -1.000000    1.444231    5.544419   -6.927422
     0.544832   -1.000000    4.180930    6.586408    6.376818
     0.544832   -1.000000    5.212057   -6.726102   -0.958036
     0.544832   -1.000000   -0.393423    7.344146    0.845526
     0.544832   -1.000000   -6.308029   -6.968232   -0.602268
     0.544832   -1.000000   -5.631992    3.432302    2.076834
     0.544832   -1.000000   -8.333657    6.531602   -6.152535
     0.544832   -1.000000   -1.798741    3.207052   -3.997017
     0.544832   -1.000000    7.295162   -8.170557    0.473804
     0.544832   -1.000000   -3.697361    6.536864    7.775779
     0.544832   -1.000000   -1.817093   -2.656496   -5.287333
     0.544832   -1.000000    6.078037   -5.598029   -1.830232
     0.544832   -1.000000    7.573237   -3.255749   -1.369934
     0.544832   -1.000000    5.786504    7.992671    2.962647
     0.544832   -1.000000    1.387502    5.701488   -2.574741
     0.544832   -1.000000   -0.454401   -3.902740    7.832950
     0.544832   -1.000000   -1.536047    1.336871   -8.165358
     0.544832   -1.000000    0.932177    7.969585    7.200008
     0.544832   -1.000000   -5.093687   -8.136755    5.197776
     0.544832   -1.000000   -3.689397    0.480387    8.204617
     0.544832   -1.000000    6.053088   -0.922532    2.822153
     0.544832   -1.000000   -3.507171   -2.200140   -2.613224
     0.544832   -1.000000    1.833871   -5.659079    6.113831
     0.544832   -1.000000   -2.637136    7.472805   -5.877937
     0.544832   -1.000000   -4.499776   -6.519248    6.992348
     0.544832   -1.000000   -5.000666    4.272783   -3.762783
     0.544832   -1.000000    3.503291    3.523435    2.959053
     0.544832   -1.000000   -2.476537    5.465059    2.344013
