 180,  4.285004617209208
    10  -0.376533E+03  0.913854E+01  0.649005E+01  0.264850E+01  0.014
     0.544832    1.000000   -0.572366   -1.070072    8.028523
     0.544832    1.000000    4.939597   -5.183090    6.057549
     0.544832    1.000000   -1.452093    2.508360   -8.070865
     0.544832    1.000000   -5.649226   -1.473909    8.229922
     0.544832    1.000000    2.813834   -3.762587    7.647542
     0.544832    1.000000   -6.471185    7.410725    3.052488
     0.544832    1.000000    1.012427    3.262145   -0.504037
     0.544832    1.000000    1.747877    0.954816    1.311702
     0.544832    1.000000   -0.924153    0.684287    1.818115
     0.544832    1.000000    1.631761    5.989930    1.352019
     0.544832    1.000000    5.337490    5.304575   -8.042187
     0.544832    1.000000   -0.815155    0.350723   -0.186070
     0.544832    1.000000   -0.102182    0.291109    0.148536
     0.544832    1.000000    1.230969    2.847413   -6.885784
     0.544832    1.000000   -3.381358   -1.399684    0.197301
     0.544832    1.000000    3.460238   -1.586623   -0.188234
     0.544832    1.000000    3.135262    2.172158    1.372450
     0.544832    1.000000   -8.257495   -2.441199   -3.666360
     0.544832    1.000000    7.035852    6.530530   -3.010822
     0.544832    1.000000    7.175571   -5.140182   -6.230086
     0.544832    1.000000    4.930420    6.166143    1.880426
     0.544832    1.000000    2.047040    0.387105   -1.774071
     0.544832    1.000000    1.143302   -1.489945   -1.741328
     0.544832    1.000000   -1.418949   -1.168496    4.392386
     0.544832    1.000000    6.615222    0.424569    7.515802
     0.544832    1.000000    4.500559   -0.442127    0.456562
     0.544832    1.000000    2.017215   -7.772209    6.752611
     0.544832    1.000000    0.052068    0.750552   -1.024746
     0.544832    1.000000    1.853216   -0.777122    8.422243
     0.544832    1.000000   -4.889210   -7.108957   -2.867781
     0.544832    1.000000   -1.268206   -1.931198    1.263349
     0.544832    1.000000   -3.453658    5.540698    5.722126
     0.544832    1.000000   -0.670183    7.330882    6.507226
     0.544832    1.000000    2.356838    1.049818   -0.008651
     0.544832    1.000000    8.173756    3.437287    0.386777
     0.544832    1.000000    4.801166   -6.560750    2.538482
     0.544832    1.000000    7.427066    3.123320   -2.647799
     0.544832    1.000000   -1.706435    1.683244   -0.004268
     0.544832    1.000000    0.089469   -0.509483    0.217672
     0.544832    1.000000   -7.756127    5.772076    0.599767
     0.544832    1.000000    6.819603    0.403690   -7.583614
     0.544832    1.000000   -0.268556   -0.831111   -0.720168
     0.544832    1.000000    7.596478    7.330597    0.532337
     0.544832    1.000000   -2.945391   -1.338045   -8.310721
     0.544832    1.000000   -8.449694   -2.551907   -7.129283
     0.544832    1.000000    3.561904   -0.803964    0.815205
     0.544832    1.000000    0.326326    1.054582    6.417511
     0.544832    1.000000   -2.890894   -6.319750    0.720444
     0.544832    1.000000   -2.975155   -0.561070    1.165519
     0.544832    1.000000    5.179429   -3.111098    1.827304
     0.544832    1.000000    0.333546    5.427784    6.473697
     0.544832    1.000000    6.541831   -0.694824    0.546963
     0.544832    1.000000    4.580648   -8.160807   -2.512349
     0.544832    1.000000   -5.029701    1.761490   -2.345855
     0.544832    1.000000   -0.954294   -3.396209   -5.393912
     0.544832    1.000000   -7.002629   -4.514630   -0.454950
     0.544832    1.000000    4.888119   -7.473932    6.955560
     0.544832    1.000000   -2.462702    3.854511    1.161927
     0.544832    1.000000    0.606656   -5.400384    5.020248
     0.544832    1.000000    1.878483    2.819577    1.510583
     0.544832    1.000000    3.842021    2.287466    5.013538
     0.544832    1.000000    0.476911   -2.760388    1.852099
     0.544832    1.000000   -0.420263    0.358257    0.884802
     0.544832    1.000000    7.180069   -4.343207   -0.279942
     0.544832    1.000000   -1.331750    2.384514    1.268235
     0.544832    1.000000   -2.363128   -1.373739   -1.662867
     0.544832    1.000000   -4.916645   -7.935273   -7.346572
     0.544832    1.000000   -0.632546   -4.320529   -3.222527
     0.544832    1.000000    1.448945    0.663614   -0.396741
     0.544832    1.000000    4.797888    8.084077    1.745342
     0.544832    1.000000    1.649492    2.812544    0.000247
     0.544832    1.000000   -6.073880   -3.366568    0.436992
     0.544832    1.000000   -0.669072   -0.174991   -1.374298
     0.544832    1.000000    0.949336    6.115529   -6.948337
     0.544832    1.000000   -2.139416   -0.052521    1.557573
     0.544832    1.000000   -0.192782   -2.702770   -1.224724
     0.544832    1.000000    0.422993   -1.953624   -0.630017
     0.544832    1.000000   -1.479990    0.483275   -0.747050
     0.544832    1.000000    0.402833   -2.753459    6.403622
     0.544832    1.000000    0.821646   -2.361666   -0.605242
     0.544832    1.000000    2.327067    0.535113   -0.699079
     0.544832    1.000000    0.075721    2.608964   -7.030716
     0.544832    1.000000    2.854655   -6.418085    3.815343
     0.544832    1.000000   -0.851837    2.403835    2.226760
     0.544832    1.000000    5.017304    2.347785   -4.832560
     0.544832    1.000000   -2.350583    3.588352   -0.842759
     0.544832    1.000000    5.403288   -8.040309   -6.741431
     0.544832    1.000000   -7.513945   -4.335793    4.767689
     0.544832    1.000000   -2.294778   -2.457115    0.942297
     0.544832    1.000000    0.218826    1.431059   -1.643512
     0.544832    1.000000    3.024252   -1.952496   -0.485801
     0.544832    1.000000   -2.545883   -1.520318    1.374952
     0.544832    1.000000    8.044625    5.141970   -1.007309
     0.544832    1.000000   -2.195499    1.050979    0.096034
     0.544832    1.000000   -0.382595   -3.692327    2.597038
     0.544832    1.000000   -3.558088   -0.946041    7.055660
     0.544832    1.000000    2.822221    8.397689   -4.232485
     0.544832    1.000000    6.412071    1.699624   -6.329637
     0.544832    1.000000    3.778862    2.168666   -0.107482
     0.544832    1.000000    1.722506    1.925896    0.435891
     0.544832    1.000000    2.897108    4.500812   -6.719287
     0.544832    1.000000   -0.284747   -1.359089    0.683211
     0.544832    1.000000    3.958512   -1.109335   -0.404446
     0.544832    1.000000    2.928422   -1.623465    1.499797
     0.544832    1.000000   -1.800306   -5.471552   -4.059327
     0.544832    1.000000    0.767322   -7.540949    3.342358
     0.544832    1.000000    0.442077   -1.003107   -1.820190
     0.544832    1.000000    1.120746    4.578249   -0.049973
     0.544832    1.000000    3.917211   -0.049884    4.545100
     0.544832    1.000000   -2.277843    1.224238   -0.492119
     0.544832    1.000000    4.764645   -5.881770   -2.488315
     0.544832    1.000000   -1.649426   -7.475820    7.551772
     0.544832    1.000000   -4.057617   -4.437666   -2.251276
     0.544832    1.000000    0.731807    4.822102   -6.808589
     0.544832    1.000000    0.897020    0.109551    0.822279
     0.544832    1.000000   -2.895275    4.413917    0.441446
     0.544832    1.000000   -4.650264   -1.810620   -3.757122
     0.544832    1.000000   -6.949742    6.713368    6.504630
     0.544832    1.000000   -0.521343    6.611144   -4.365038
     0.544832    1.000000    3.891627   -0.393868   -6.012529
     0.544832   -1.000000   -5.801571    7.988266   -2.657681
     0.544832   -1.000000   -7.996684    4.200257   -4.343333
     0.544832   -1.000000    6.861488    5.162510   -7.943175
     0.544832   -1.000000    8.497852    6.708998    5.964356
     0.544832   -1.000000   -0.235617    7.234117    3.109066
     0.544832   -1.000000    0.555481    2.842166   -8.373748
     0.544832   -1.000000   -1.890086   -6.504823   -0.875192
     0.544832   -1.000000    5.234201   -2.708069    5.964430
     0.544832   -1.000000    4.235260    1.293928    0.481373
     0.544832   -1.000000    3.872089    3.822488    1.261967
     0.544832   -1.000000    1.034835    7.572538    8.421292
     0.544832   -1.000000    7.038606    2.674878    2.078993
     0.544832   -1.000000   -6.261761   -8.421618    7.435696
     0.544832   -1.000000    2.758743   -8.293989   -3.864229
     0.544832   -1.000000    5.282126   -7.010276   -0.189361
     0.544832   -1.000000   -3.211341    7.142911    3.529454
     0.544832   -1.000000   -4.652845    2.200417   -3.838562
     0.544832   -1.000000    6.779893    8.150531   -0.128031
     0.544832   -1.000000    3.646103    2.600031    8.306414
     0.544832   -1.000000    6.633104   -1.469439    3.166183
     0.544832   -1.000000   -2.680837   -4.998407    1.166352
     0.544832   -1.000000    8.416287    2.820811   -8.301276
     0.544832   -1.000000    5.966191    5.808105   -0.497225
     0.544832   -1.000000   -3.844839   -7.394952   -7.309488
     0.544832   -1.000000    7.036456    7.284678    2.238811
     0.544832   -1.000000    0.241855    1.997059    7.331338
     0.544832   -1.000000   -8.331799    6.634769    7.797922
     0.544832   -1.000000    4.366118   -5.742166    2.711699
     0.544832   -1.000000    2.260444    7.310850    7.790723
     0.544832   -1.000000   -5.949563    2.393469    1.008264
     0.544832   -1.000000    1.877393   -7.495779    3.721788
     0.544832   -1.000000   -7.345992   -0.382959    6.906334
     0.544832   -1.000000    1.638876   -5.692552    5.112978
     0.544832   -1.000000    4.502968   -0.181770    4.367513
     0.544832   -1.000000   -3.598477   -1.857469   -2.910384
     0.544832   -1.000000    3.752103   -4.964242   -3.786201
     0.544832   -1.000000    7.973288   -4.979868    0.927107
     0.544832   -1.000000   -6.970867   -8.040823    1.887183
     0.544832   -1.000000   -3.190302   -5.423842    1.617847
     0.544832   -1.000000   -2.588121   -0.657847   -5.990919
     0.544832   -1.000000   -6.993709   -5.879167   -0.593589
     0.544832   -1.000000    0.551228    7.935010   -6.186521
     0.544832   -1.000000   -1.105078   -3.278780   -7.705648
     0.544832   -1.000000    0.588995   -3.831532    7.742049
     0.544832   -1.000000    8.474961   -6.952563    7.281367
     0.544832   -1.000000    3.376625    1.100880    8.372262
     0.544832   -1.000000   -0.786195   -4.590616   -2.458577
     0.544832   -1.000000    0.392195    5.204343   -6.598890
     0.544832   -1.000000    6.498411    6.336882   -2.914845
     0.544832   -1.000000    6.141992   -7.335905   -6.262150
     0.544832   -1.000000    1.556964    1.502436    6.756944
     0.544832   -1.000000    5.211080    1.066315    1.571255
     0.544832   -1.000000    7.314666    0.613753    3.450477
     0.544832   -1.000000    3.422844    7.788259    4.749584
     0.544832   -1.000000    5.222324   -6.086601    5.006386
     0.544832   -1.000000   -7.734718    3.366869   -1.850026
     0.544832   -1.000000   -8.188468   -2.964712   -7.608009
     0.544832   -1.000000   -7.800847    7.207644    3.525872
     0.544832   -1.000000    7.291886   -6.034879    2.962227
     0.544832   -1.000000    5.353503   -2.068333   -6.264429
