  1.00      0     -355.66   -125.31    -88.79    -36.52   1.25  0.0300
  1.00      0     -359.13   -126.43    -91.75    -34.68   1.27  0.0300
  1.00      0     -360.14   -128.47    -94.42    -34.06   1.34  0.0300
  1.00      0     -360.86   -127.88    -93.54    -34.34   1.33  0.0300
  1.00      0     -360.24   -127.60    -93.49    -34.11   1.33  0.0300
  1.00      0     -359.66   -126.93    -92.88    -34.04   1.32  0.0300
  1.00      0     -358.92   -125.81    -91.57    -34.23   1.29  0.0300
  1.00      0     -358.04   -125.66    -91.50    -34.16   1.29  0.0300
  1.00      0     -358.08   -125.09    -90.81    -34.28   1.27  0.0300
  1.00      1     -357.72   -125.41    -91.04    -34.36   1.27  0.0300
  1.00      1     -357.67   -124.82    -90.59    -34.23   1.27  0.0300
  1.00      1     -357.84   -124.97    -90.78    -34.19   1.27  0.0300
  1.00      1     -357.67   -124.41    -90.26    -34.15   1.26  0.0300
  1.00      1     -357.28   -124.47    -90.21    -34.26   1.26  0.0300
  1.00      1     -357.14   -124.72    -90.47    -34.25   1.26  0.0300
  1.00      1     -357.39   -124.40    -90.26    -34.14   1.26  0.0300
  1.00      1     -357.75   -124.80    -90.80    -33.99   1.27  0.0300
  1.00      1     -358.05   -125.61    -91.74    -33.87   1.29  0.0300
  1.00      1     -357.76   -125.69    -91.93    -33.76   1.29  0.0300
  1.00      2     -357.68   -126.05    -92.24    -33.82   1.29  0.0300
  1.00      2     -357.79   -126.05    -92.22    -33.83   1.30  0.0300
  1.00      2     -357.73   -126.00    -92.17    -33.83   1.29  0.0300
  1.00      2     -357.80   -125.63    -91.81    -33.83   1.28  0.0300
  1.00      2     -357.72   -125.20    -91.39    -33.81   1.28  0.0300
  1.00      2     -357.80   -125.08    -91.28    -33.80   1.27  0.0300
  1.00      2     -357.58   -124.76    -90.92    -33.84   1.27  0.0300
  1.00      2     -357.65   -124.56    -90.72    -33.84   1.27  0.0300
  1.00      2     -357.57   -124.12    -90.29    -33.83   1.26  0.0300
  1.00      2     -357.43   -124.04    -90.16    -33.89   1.25  0.0300
  1.00      3     -357.39   -124.08    -90.18    -33.90   1.25  0.0300
  1.00      3     -357.48   -123.75    -89.85    -33.90   1.25  0.0300
  1.00      3     -357.45   -123.64    -89.79    -33.86   1.24  0.0300
  1.00      3     -357.53   -123.76    -89.98    -33.78   1.25  0.0300
  1.00      3     -357.57   -124.04    -90.35    -33.69   1.25  0.0300
  1.00      3     -357.59   -124.42    -90.77    -33.65   1.26  0.0300
  1.00      3     -357.60   -124.25    -90.61    -33.64   1.26  0.0300
  1.00      3     -357.65   -124.09    -90.45    -33.64   1.25  0.0300
  1.00      3     -357.67   -123.97    -90.37    -33.60   1.25  0.0300
  1.00      3     -357.57   -124.03    -90.42    -33.61   1.25  0.0300
  1.00      4     -357.61   -123.96    -90.39    -33.57   1.25  0.0300
  1.00      4     -357.68   -124.13    -90.58    -33.55   1.25  0.0300
  1.00      4     -357.69   -124.39    -90.85    -33.54   1.26  0.0300
  1.00      4     -357.76   -124.47    -90.95    -33.52   1.26  0.0300
  1.00      4     -357.72   -124.49    -90.98    -33.51   1.26  0.0300
  1.00      4     -357.77   -124.58    -91.07    -33.51   1.26  0.0300
  1.00      4     -357.83   -124.69    -91.20    -33.48   1.26  0.0300
  1.00      4     -357.86   -124.96    -91.49    -33.46   1.26  0.0300
  1.00      4     -357.84   -125.09    -91.66    -33.43   1.26  0.0300
  1.00      4     -357.86   -125.27    -91.85    -33.42   1.26  0.0300
  1.00      5     -357.77   -125.27    -91.82    -33.45   1.26  0.0300
  1.00      5     -357.70   -125.22    -91.74    -33.48   1.26  0.0300
  1.00      5     -357.70   -124.98    -91.46    -33.52   1.25  0.0300
  1.00      5     -357.67   -124.74    -91.21    -33.53   1.25  0.0300
  1.00      5     -357.54   -124.66    -91.09    -33.58   1.25  0.0300
  1.00      5     -357.48   -124.49    -90.89    -33.60   1.24  0.0300
  1.00      5     -357.45   -124.59    -90.98    -33.61   1.24  0.0300
  1.00      5     -357.42   -124.73    -91.12    -33.61   1.24  0.0300
  1.00      5     -357.44   -124.66    -91.05    -33.61   1.24  0.0300
  1.00      5     -357.33   -124.48    -90.83    -33.65   1.24  0.0300
  1.00      6     -357.21   -124.32    -90.62    -33.69   1.23  0.0300
  1.00      6     -357.22   -124.29    -90.58    -33.71   1.23  0.0300
  1.00      6     -357.14   -124.45    -90.72    -33.73   1.23  0.0300
  1.00      6     -357.16   -124.54    -90.80    -33.74   1.23  0.0300
  1.00      6     -357.15   -124.59    -90.86    -33.73   1.23  0.0300
  1.00      6     -357.12   -124.68    -90.96    -33.72   1.23  0.0300
  1.00      6     -357.16   -124.60    -90.91    -33.69   1.23  0.0300
  1.00      6     -357.22   -124.54    -90.88    -33.66   1.23  0.0300
  1.00      6     -357.20   -124.52    -90.86    -33.66   1.23  0.0300
  1.00      6     -357.22   -124.59    -90.95    -33.64   1.23  0.0300
  1.00      7     -357.29   -124.54    -90.95    -33.59   1.23  0.0300
  1.00      7     -357.32   -124.67    -91.07    -33.61   1.23  0.0300
  1.00      7     -357.28   -124.73    -91.10    -33.63   1.23  0.0300
  1.00      7     -357.30   -124.71    -91.07    -33.64   1.23  0.0300
  1.00      7     -357.26   -124.71    -91.02    -33.69   1.23  0.0300
  1.00      7     -357.24   -124.84    -91.11    -33.73   1.23  0.0300
  1.00      7     -357.15   -124.78    -91.02    -33.76   1.23  0.0300
  1.00      7     -357.08   -124.67    -90.88    -33.79   1.23  0.0300
  1.00      7     -357.06   -124.72    -90.91    -33.81   1.23  0.0300
  1.00      7     -357.01   -124.77    -90.91    -33.85   1.23  0.0300
  1.00      8     -356.90   -124.56    -90.66    -33.90   1.23  0.0300
  1.00      8     -356.84   -124.38    -90.43    -33.95   1.23  0.0300
  1.00      8     -356.91   -124.28    -90.35    -33.93   1.22  0.0300
  1.00      8     -356.90   -124.20    -90.28    -33.93   1.22  0.0300
  1.00      8     -356.93   -124.15    -90.25    -33.90   1.22  0.0300
  1.00      8     -356.84   -124.16    -90.22    -33.94   1.22  0.0300
  1.00      8     -356.84   -124.16    -90.21    -33.95   1.22  0.0300
  1.00      8     -356.78   -124.06    -90.09    -33.97   1.22  0.0300
  1.00      8     -356.77   -124.06    -90.09    -33.97   1.22  0.0300
  1.00      8     -356.79   -124.07    -90.11    -33.96   1.22  0.0300
  1.00      9     -356.76   -123.93    -89.97    -33.96   1.22  0.0300
  1.00      9     -356.77   -123.71    -89.76    -33.95   1.22  0.0300
  1.00      9     -356.76   -123.45    -89.50    -33.95   1.21  0.0300
  1.00      9     -356.77   -123.21    -89.27    -33.93   1.21  0.0300
  1.00      9     -356.75   -122.99    -89.05    -33.94   1.21  0.0300
  1.00      9     -356.74   -123.02    -89.07    -33.94   1.21  0.0300
  1.00      9     -356.71   -123.09    -89.13    -33.96   1.21  0.0300
  1.00      9     -356.66   -123.07    -89.10    -33.96   1.21  0.0300
  1.00      9     -356.66   -122.95    -88.97    -33.98   1.21  0.0300
  1.00      9     -356.64   -122.70    -88.72    -33.99   1.20  0.0300
  1.00     10     -356.65   -122.59    -88.60    -34.00   1.20  0.0300
  1.00     10     -356.61   -122.50    -88.50    -34.00   1.20  0.0300
  1.00     10     -356.55   -122.53    -88.49    -34.04   1.20  0.0300
  1.00     10     -356.46   -122.55    -88.48    -34.06   1.20  0.0300
