  2.50      0     -361.36      0.92      0.05      0.87   0.00  0.0300
  2.50      0     -357.33      0.64      0.26      0.37   0.00  0.0300
  2.50      0     -356.69      0.71      0.47      0.23   0.00  0.0300
  2.50      0     -356.22      0.01      0.47     -0.46   0.00  0.0300
  2.50      0     -355.16      0.38      0.54     -0.16   0.00  0.0300
  2.50      0     -354.17      0.08      0.00      0.08   0.00  0.0300
  2.50      0     -354.91      0.16      0.35     -0.19   0.00  0.0300
  2.50      0     -354.30      0.52      0.66     -0.14   0.00  0.0300
  2.50      0     -354.60      0.54      0.50      0.04   0.00  0.0300
  2.50      1     -354.97      0.58      0.50      0.08   0.00  0.0300
  2.50      1     -355.21      0.50      0.41      0.09   0.00  0.0300
  2.50      1     -355.55      0.34      0.12      0.21   0.00  0.0300
  2.50      1     -356.06      0.47      0.30      0.18   0.00  0.0300
  2.50      1     -356.03      0.47      0.33      0.14   0.01  0.0300
  2.50      1     -355.91      0.66      0.37      0.29   0.00  0.0300
  2.50      1     -356.00      0.65      0.54      0.11   0.00  0.0300
  2.50      1     -355.81      0.55      0.46      0.09   0.00  0.0300
  2.50      1     -355.87      0.58      0.47      0.12   0.00  0.0300
  2.50      1     -355.94      0.61      0.42      0.18   0.00  0.0300
  2.50      2     -355.78      0.65      0.41      0.24   0.00  0.0300
  2.50      2     -355.82      0.68      0.45      0.23   0.00  0.0300
  2.50      2     -355.89      0.61      0.31      0.30   0.00  0.0300
  2.50      2     -355.73      0.56      0.26      0.31   0.00  0.0300
  2.50      2     -355.68      0.55      0.22      0.32   0.00  0.0300
  2.50      2     -355.62      0.58      0.26      0.32   0.00  0.0300
  2.50      2     -355.65      0.60      0.30      0.29   0.00  0.0300
  2.50      2     -355.48      0.57      0.30      0.27   0.00  0.0300
  2.50      2     -355.50      0.61      0.29      0.33   0.00  0.0300
  2.50      2     -355.50      0.66      0.32      0.34   0.00  0.0300
  2.50      3     -355.63      0.64      0.30      0.33   0.00  0.0300
  2.50      3     -355.63      0.50      0.15      0.35   0.00  0.0300
  2.50      3     -355.74      0.37      0.01      0.36   0.00  0.0300
  2.50      3     -355.79      0.37      0.03      0.35   0.00  0.0300
  2.50      3     -355.66      0.37      0.04      0.33   0.00  0.0300
  2.50      3     -355.71      0.47      0.11      0.36   0.00  0.0300
  2.50      3     -355.78      0.52      0.17      0.35   0.00  0.0300
  2.50      3     -355.71      0.55      0.19      0.36   0.00  0.0300
  2.50      3     -355.67      0.59      0.23      0.35   0.00  0.0300
  2.50      3     -355.68      0.49      0.14      0.35   0.00  0.0300
  2.50      4     -355.65      0.45      0.09      0.36   0.00  0.0300
  2.50      4     -355.61      0.52      0.16      0.36   0.00  0.0300
  2.50      4     -355.68      0.53      0.15      0.38   0.00  0.0300
  2.50      4     -355.71      0.54      0.17      0.37   0.00  0.0300
  2.50      4     -355.71      0.48      0.13      0.36   0.00  0.0300
  2.50      4     -355.74      0.53      0.18      0.35   0.00  0.0300
  2.50      4     -355.79      0.49      0.14      0.35   0.00  0.0300
  2.50      4     -355.81      0.48      0.13      0.35   0.00  0.0300
  2.50      4     -355.80      0.54      0.19      0.35   0.00  0.0300
  2.50      4     -355.84      0.66      0.33      0.33   0.00  0.0300
  2.50      5     -355.92      0.69      0.37      0.32   0.00  0.0300
  2.50      5     -355.94      0.77      0.47      0.30   0.00  0.0300
  2.50      5     -355.96      0.87      0.59      0.28   0.00  0.0300
  2.50      5     -355.94      0.87      0.61      0.26   0.00  0.0300
  2.50      5     -355.91      0.89      0.64      0.25   0.00  0.0300
  2.50      5     -355.97      0.94      0.69      0.25   0.00  0.0300
  2.50      5     -355.95      0.85      0.61      0.25   0.00  0.0300
  2.50      5     -355.96      0.92      0.68      0.24   0.00  0.0300
  2.50      5     -355.95      0.92      0.67      0.25   0.00  0.0300
  2.50      5     -356.03      0.88      0.63      0.26   0.00  0.0300
  2.50      6     -356.04      0.82      0.57      0.24   0.00  0.0300
  2.50      6     -356.04      0.78      0.54      0.24   0.00  0.0300
  2.50      6     -356.04      0.73      0.48      0.25   0.00  0.0300
  2.50      6     -356.07      0.76      0.53      0.24   0.00  0.0300
  2.50      6     -356.12      0.77      0.54      0.23   0.00  0.0300
  2.50      6     -356.14      0.70      0.47      0.23   0.00  0.0300
  2.50      6     -356.16      0.71      0.49      0.22   0.00  0.0300
  2.50      6     -356.10      0.71      0.48      0.22   0.00  0.0300
  2.50      6     -356.08      0.69      0.46      0.22   0.00  0.0300
  2.50      6     -356.08      0.63      0.40      0.23   0.00  0.0300
  2.50      7     -356.09      0.65      0.42      0.23   0.00  0.0300
  2.50      7     -356.09      0.67      0.45      0.23   0.00  0.0300
  2.50      7     -356.10      0.66      0.42      0.23   0.00  0.0300
  2.50      7     -356.11      0.62      0.40      0.23   0.00  0.0300
  2.50      7     -356.15      0.53      0.32      0.21   0.00  0.0300
  2.50      7     -356.14      0.60      0.38      0.21   0.00  0.0300
  2.50      7     -356.13      0.57      0.35      0.23   0.00  0.0300
  2.50      7     -356.16      0.58      0.36      0.22   0.00  0.0300
  2.50      7     -356.19      0.53      0.31      0.22   0.00  0.0300
  2.50      7     -356.20      0.57      0.37      0.20   0.00  0.0300
  2.50      8     -356.19      0.57      0.37      0.20   0.00  0.0300
  2.50      8     -356.22      0.56      0.36      0.19   0.00  0.0300
  2.50      8     -356.22      0.54      0.33      0.20   0.00  0.0300
  2.50      8     -356.22      0.56      0.36      0.20   0.00  0.0300
  2.50      8     -356.22      0.59      0.39      0.20   0.00  0.0300
  2.50      8     -356.26      0.63      0.44      0.18   0.00  0.0300
  2.50      8     -356.28      0.62      0.44      0.18   0.00  0.0300
  2.50      8     -356.30      0.69      0.51      0.18   0.00  0.0300
  2.50      8     -356.32      0.69      0.51      0.18   0.00  0.0300
  2.50      8     -356.30      0.70      0.52      0.18   0.00  0.0300
  2.50      9     -356.30      0.71      0.54      0.17   0.00  0.0300
  2.50      9     -356.33      0.70      0.54      0.17   0.00  0.0300
  2.50      9     -356.28      0.71      0.54      0.17   0.00  0.0300
  2.50      9     -356.26      0.71      0.54      0.17   0.00  0.0300
  2.50      9     -356.30      0.71      0.54      0.16   0.00  0.0300
  2.50      9     -356.32      0.70      0.53      0.17   0.00  0.0300
  2.50      9     -356.34      0.70      0.52      0.18   0.00  0.0300
  2.50      9     -356.32      0.72      0.54      0.18   0.00  0.0300
  2.50      9     -356.31      0.72      0.55      0.18   0.00  0.0300
  2.50      9     -356.32      0.70      0.52      0.17   0.00  0.0300
  2.50     10     -356.32      0.75      0.58      0.16   0.00  0.0300
  2.50     10     -356.32      0.78      0.62      0.16   0.00  0.0300
  2.50     10     -356.32      0.77      0.60      0.17   0.00  0.0300
  2.50     10     -356.33      0.75      0.59      0.16   0.00  0.0300
