  1.50      0     -365.56      5.81      5.75      0.06   0.00  0.0300
  1.50      0     -369.14      6.07      5.90      0.17   0.00  0.0300
  1.50      0     -371.04      5.22      4.85      0.37   0.00  0.0300
  1.50      0     -371.56      4.03      4.03     -0.00   0.01  0.0300
  1.50      0     -372.78      3.75      3.33      0.42   0.01  0.0300
  1.50      0     -372.23      3.66      3.01      0.65   0.01  0.0300
  1.50      0     -371.76      3.60      2.85      0.74   0.01  0.0300
  1.50      0     -372.71      3.22      2.71      0.52   0.00  0.0300
  1.50      0     -371.31      3.43      2.62      0.81   0.00  0.0300
  1.50      1     -371.17      3.56      2.57      0.99   0.00  0.0300
  1.50      1     -371.18      3.80      2.76      1.04   0.00  0.0300
  1.50      1     -371.35      3.69      2.67      1.02   0.00  0.0300
  1.50      1     -371.11      3.81      2.76      1.06   0.00  0.0300
  1.50      1     -371.22      3.67      2.52      1.15   0.00  0.0300
  1.50      1     -371.09      4.05      2.88      1.17   0.01  0.0300
  1.50      1     -371.12      3.87      2.84      1.03   0.01  0.0300
  1.50      1     -371.13      3.76      2.71      1.05   0.01  0.0300
  1.50      1     -370.83      3.63      2.60      1.03   0.01  0.0300
  1.50      1     -370.48      3.61      2.47      1.14   0.01  0.0300
  1.50      2     -370.36      3.54      2.46      1.09   0.01  0.0300
  1.50      2     -370.34      3.65      2.49      1.16   0.01  0.0300
  1.50      2     -370.31      3.69      2.54      1.15   0.01  0.0300
  1.50      2     -370.54      3.50      2.40      1.10   0.01  0.0300
  1.50      2     -370.60      3.47      2.34      1.13   0.01  0.0300
  1.50      2     -370.72      3.56      2.48      1.08   0.01  0.0300
  1.50      2     -370.77      3.58      2.48      1.10   0.01  0.0300
  1.50      2     -370.75      3.75      2.59      1.16   0.01  0.0300
  1.50      2     -370.78      3.66      2.55      1.11   0.01  0.0300
  1.50      2     -370.81      3.67      2.55      1.12   0.01  0.0300
  1.50      3     -370.85      3.69      2.54      1.15   0.01  0.0300
  1.50      3     -370.79      3.61      2.46      1.15   0.01  0.0300
  1.50      3     -370.81      3.62      2.53      1.09   0.01  0.0300
  1.50      3     -370.75      3.52      2.40      1.12   0.01  0.0300
  1.50      3     -370.73      3.49      2.39      1.10   0.01  0.0300
  1.50      3     -370.77      3.42      2.31      1.11   0.01  0.0300
  1.50      3     -370.76      3.44      2.32      1.12   0.01  0.0300
  1.50      3     -370.73      3.45      2.35      1.10   0.01  0.0300
  1.50      3     -370.70      3.50      2.38      1.12   0.01  0.0300
  1.50      3     -370.66      3.48      2.36      1.13   0.01  0.0300
  1.50      4     -370.61      3.57      2.42      1.15   0.01  0.0300
  1.50      4     -370.60      3.56      2.38      1.18   0.01  0.0300
  1.50      4     -370.57      3.49      2.29      1.20   0.01  0.0300
  1.50      4     -370.53      3.57      2.36      1.21   0.01  0.0300
  1.50      4     -370.43      3.61      2.40      1.21   0.01  0.0300
  1.50      4     -370.41      3.65      2.46      1.19   0.01  0.0300
  1.50      4     -370.44      3.68      2.48      1.20   0.01  0.0300
  1.50      4     -370.31      3.73      2.51      1.22   0.01  0.0300
  1.50      4     -370.30      3.76      2.54      1.22   0.01  0.0300
  1.50      4     -370.23      3.81      2.58      1.23   0.01  0.0300
  1.50      5     -370.21      3.77      2.54      1.23   0.01  0.0300
  1.50      5     -370.27      3.72      2.48      1.25   0.01  0.0300
  1.50      5     -370.28      3.75      2.50      1.26   0.01  0.0300
  1.50      5     -370.30      3.75      2.50      1.26   0.01  0.0300
  1.50      5     -370.29      3.74      2.50      1.25   0.01  0.0300
  1.50      5     -370.25      3.73      2.49      1.24   0.01  0.0300
  1.50      5     -370.23      3.79      2.54      1.25   0.01  0.0300
  1.50      5     -370.27      3.93      2.68      1.25   0.01  0.0300
  1.50      5     -370.24      3.92      2.67      1.26   0.01  0.0300
  1.50      5     -370.28      3.91      2.64      1.27   0.01  0.0300
  1.50      6     -370.26      3.90      2.63      1.27   0.01  0.0300
  1.50      6     -370.19      3.92      2.65      1.28   0.01  0.0300
  1.50      6     -370.18      4.00      2.73      1.27   0.01  0.0300
  1.50      6     -370.20      4.02      2.77      1.25   0.01  0.0300
  1.50      6     -370.20      4.07      2.82      1.26   0.01  0.0300
  1.50      6     -370.24      4.06      2.80      1.26   0.01  0.0300
  1.50      6     -370.21      4.12      2.86      1.26   0.01  0.0300
  1.50      6     -370.23      4.14      2.87      1.26   0.01  0.0300
  1.50      6     -370.25      4.16      2.89      1.27   0.01  0.0300
  1.50      6     -370.27      4.09      2.83      1.26   0.01  0.0300
  1.50      7     -370.24      4.15      2.89      1.27   0.01  0.0300
  1.50      7     -370.29      4.13      2.86      1.27   0.01  0.0300
  1.50      7     -370.29      4.09      2.83      1.27   0.01  0.0300
  1.50      7     -370.29      4.11      2.85      1.27   0.01  0.0300
  1.50      7     -370.28      4.09      2.82      1.27   0.01  0.0300
  1.50      7     -370.26      4.05      2.78      1.27   0.01  0.0300
  1.50      7     -370.23      4.09      2.82      1.27   0.01  0.0300
  1.50      7     -370.21      4.15      2.89      1.26   0.01  0.0300
  1.50      7     -370.20      4.16      2.90      1.26   0.01  0.0300
  1.50      7     -370.21      4.17      2.91      1.26   0.01  0.0300
  1.50      8     -370.20      4.15      2.89      1.26   0.01  0.0300
  1.50      8     -370.19      4.17      2.91      1.26   0.01  0.0300
  1.50      8     -370.19      4.17      2.90      1.27   0.01  0.0300
  1.50      8     -370.19      4.19      2.91      1.27   0.01  0.0300
  1.50      8     -370.16      4.13      2.86      1.27   0.01  0.0300
  1.50      8     -370.15      4.13      2.85      1.27   0.01  0.0300
  1.50      8     -370.12      4.12      2.84      1.27   0.01  0.0300
  1.50      8     -370.11      4.13      2.86      1.28   0.01  0.0300
  1.50      8     -370.11      4.17      2.88      1.29   0.01  0.0300
  1.50      8     -370.12      4.16      2.87      1.29   0.01  0.0300
  1.50      9     -370.11      4.15      2.86      1.29   0.01  0.0300
  1.50      9     -370.12      4.18      2.90      1.28   0.01  0.0300
  1.50      9     -370.12      4.15      2.87      1.28   0.01  0.0300
  1.50      9     -370.13      4.16      2.89      1.28   0.01  0.0300
  1.50      9     -370.12      4.22      2.93      1.28   0.01  0.0300
  1.50      9     -370.09      4.22      2.94      1.28   0.01  0.0300
  1.50      9     -370.08      4.23      2.95      1.27   0.01  0.0300
  1.50      9     -370.11      4.28      3.00      1.27   0.01  0.0300
  1.50      9     -370.08      4.33      3.06      1.27   0.01  0.0300
  1.50      9     -370.10      4.32      3.05      1.28   0.01  0.0300
  1.50     10     -370.10      4.31      3.04      1.27   0.01  0.0300
  1.50     10     -370.10      4.27      3.00      1.28   0.01  0.0300
  1.50     10     -370.11      4.24      2.96      1.28   0.01  0.0300
  1.50     10     -370.10      4.26      2.97      1.29   0.01  0.0300
