 20.00      0     -370.55    -13.41     -8.17     -5.24   0.16  0.0300
 20.00      0     -368.35    -14.81     -8.97     -5.84   0.18  0.0300
 20.00      0     -368.49    -14.88     -8.21     -6.67   0.16  0.0300
 20.00      0     -369.06    -14.63     -8.11     -6.52   0.16  0.0300
 20.00      0     -367.75    -14.35     -7.63     -6.72   0.16  0.0300
 20.00      0     -367.56    -14.33     -7.00     -7.33   0.15  0.0300
 20.00      0     -367.42    -14.38     -7.23     -7.14   0.16  0.0300
 20.00      0     -367.91    -15.09     -7.63     -7.45   0.18  0.0300
 20.00      0     -367.12    -14.72     -7.13     -7.58   0.17  0.0300
 20.00      1     -367.31    -14.50     -6.86     -7.64   0.17  0.0300
 20.00      1     -367.33    -14.64     -7.09     -7.56   0.16  0.0300
 20.00      1     -367.69    -14.39     -6.96     -7.43   0.16  0.0300
 20.00      1     -367.53    -14.20     -6.75     -7.44   0.16  0.0300
 20.00      1     -367.14    -13.75     -6.53     -7.22   0.15  0.0300
 20.00      1     -366.41    -13.41     -6.45     -6.96   0.14  0.0300
 20.00      1     -365.93    -13.18     -6.40     -6.78   0.13  0.0300
 20.00      1     -365.59    -13.16     -6.62     -6.54   0.12  0.0300
 20.00      1     -365.70    -12.83     -6.38     -6.44   0.12  0.0300
 20.00      1     -365.41    -13.10     -6.81     -6.29   0.11  0.0300
 20.00      2     -365.37    -12.82     -6.62     -6.20   0.11  0.0300
 20.00      2     -365.14    -12.49     -6.42     -6.06   0.10  0.0300
 20.00      2     -365.13    -12.46     -6.51     -5.95   0.10  0.0300
 20.00      2     -364.94    -12.26     -6.33     -5.93   0.09  0.0300
 20.00      2     -364.88    -12.11     -6.25     -5.86   0.09  0.0300
 20.00      2     -364.91    -11.95     -6.19     -5.76   0.09  0.0300
 20.00      2     -364.81    -11.94     -6.32     -5.62   0.09  0.0300
 20.00      2     -364.61    -11.74     -6.17     -5.58   0.08  0.0300
 20.00      2     -364.40    -11.71     -6.20     -5.51   0.08  0.0300
 20.00      2     -364.24    -11.71     -6.29     -5.42   0.08  0.0300
 20.00      3     -364.08    -11.52     -6.16     -5.36   0.08  0.0300
 20.00      3     -364.10    -11.44     -6.16     -5.28   0.07  0.0300
 20.00      3     -364.06    -11.52     -6.23     -5.30   0.07  0.0300
 20.00      3     -363.96    -11.24     -5.98     -5.26   0.07  0.0300
 20.00      3     -363.96    -11.29     -6.01     -5.28   0.07  0.0300
 20.00      3     -363.96    -11.23     -6.00     -5.23   0.07  0.0300
 20.00      3     -363.86    -11.20     -6.03     -5.18   0.07  0.0300
 20.00      3     -363.87    -11.03     -5.90     -5.12   0.06  0.0300
 20.00      3     -363.77    -11.06     -5.97     -5.09   0.06  0.0300
 20.00      3     -363.70    -11.05     -5.97     -5.09   0.06  0.0300
 20.00      4     -363.75    -10.90     -5.84     -5.06   0.06  0.0300
 20.00      4     -363.72    -11.07     -6.08     -4.99   0.06  0.0300
 20.00      4     -363.71    -11.18     -6.22     -4.97   0.06  0.0300
 20.00      4     -363.62    -11.37     -6.42     -4.94   0.06  0.0300
 20.00      4     -363.62    -11.35     -6.43     -4.92   0.06  0.0300
 20.00      4     -363.57    -11.36     -6.47     -4.90   0.06  0.0300
 20.00      4     -363.51    -11.43     -6.54     -4.89   0.06  0.0300
 20.00      4     -363.49    -11.45     -6.59     -4.86   0.06  0.0300
 20.00      4     -363.53    -11.37     -6.52     -4.84   0.06  0.0300
 20.00      4     -363.55    -11.37     -6.55     -4.82   0.06  0.0300
 20.00      5     -363.58    -11.31     -6.53     -4.78   0.05  0.0300
 20.00      5     -363.58    -11.35     -6.60     -4.76   0.05  0.0300
 20.00      5     -363.56    -11.36     -6.62     -4.74   0.05  0.0300
 20.00      5     -363.54    -11.41     -6.72     -4.69   0.05  0.0300
 20.00      5     -363.58    -11.36     -6.69     -4.67   0.05  0.0300
 20.00      5     -363.60    -11.46     -6.82     -4.64   0.05  0.0300
 20.00      5     -363.60    -11.45     -6.81     -4.64   0.05  0.0300
 20.00      5     -363.63    -11.62     -7.00     -4.62   0.05  0.0300
 20.00      5     -363.61    -11.50     -6.87     -4.63   0.05  0.0300
 20.00      5     -363.57    -11.43     -6.82     -4.61   0.05  0.0300
 20.00      6     -363.59    -11.27     -6.66     -4.61   0.05  0.0300
 20.00      6     -363.55    -11.37     -6.79     -4.58   0.05  0.0300
 20.00      6     -363.58    -11.55     -6.98     -4.57   0.05  0.0300
 20.00      6     -363.59    -11.73     -7.19     -4.55   0.05  0.0300
 20.00      6     -363.57    -11.64     -7.08     -4.56   0.05  0.0300
 20.00      6     -363.55    -11.74     -7.19     -4.55   0.05  0.0300
 20.00      6     -363.56    -11.73     -7.19     -4.54   0.05  0.0300
 20.00      6     -363.50    -11.73     -7.19     -4.53   0.05  0.0300
 20.00      6     -363.49    -11.71     -7.17     -4.54   0.05  0.0300
 20.00      6     -363.49    -11.59     -7.08     -4.52   0.05  0.0300
 20.00      7     -363.45    -11.59     -7.08     -4.51   0.05  0.0300
 20.00      7     -363.45    -11.55     -7.05     -4.49   0.05  0.0300
 20.00      7     -363.45    -11.62     -7.14     -4.48   0.05  0.0300
 20.00      7     -363.46    -11.67     -7.21     -4.46   0.05  0.0300
 20.00      7     -363.40    -11.71     -7.24     -4.47   0.05  0.0300
 20.00      7     -363.37    -11.77     -7.30     -4.47   0.04  0.0300
 20.00      7     -363.33    -11.86     -7.39     -4.46   0.04  0.0300
 20.00      7     -363.30    -11.88     -7.43     -4.45   0.04  0.0300
 20.00      7     -363.29    -11.82     -7.40     -4.43   0.04  0.0300
 20.00      7     -363.31    -11.78     -7.35     -4.43   0.04  0.0300
 20.00      8     -363.29    -11.70     -7.28     -4.42   0.04  0.0300
 20.00      8     -363.29    -11.81     -7.39     -4.42   0.04  0.0300
 20.00      8     -363.31    -11.81     -7.41     -4.41   0.04  0.0300
 20.00      8     -363.28    -11.90     -7.50     -4.40   0.04  0.0300
 20.00      8     -363.30    -11.90     -7.49     -4.40   0.04  0.0300
 20.00      8     -363.31    -11.82     -7.42     -4.41   0.04  0.0300
 20.00      8     -363.31    -11.85     -7.45     -4.40   0.04  0.0300
 20.00      8     -363.33    -11.90     -7.51     -4.39   0.04  0.0300
 20.00      8     -363.38    -11.91     -7.55     -4.37   0.04  0.0300
 20.00      8     -363.39    -11.83     -7.47     -4.36   0.04  0.0300
 20.00      9     -363.39    -11.81     -7.45     -4.35   0.04  0.0300
 20.00      9     -363.38    -11.81     -7.47     -4.34   0.04  0.0300
 20.00      9     -363.34    -11.77     -7.42     -4.35   0.04  0.0300
 20.00      9     -363.32    -11.66     -7.30     -4.35   0.04  0.0300
 20.00      9     -363.29    -11.62     -7.27     -4.35   0.04  0.0300
 20.00      9     -363.29    -11.60     -7.26     -4.34   0.04  0.0300
 20.00      9     -363.29    -11.64     -7.30     -4.34   0.04  0.0300
 20.00      9     -363.27    -11.61     -7.27     -4.35   0.04  0.0300
 20.00      9     -363.29    -11.56     -7.21     -4.35   0.04  0.0300
 20.00      9     -363.29    -11.62     -7.29     -4.33   0.04  0.0300
 20.00     10     -363.28    -11.49     -7.16     -4.34   0.04  0.0300
 20.00     10     -363.25    -11.51     -7.17     -4.34   0.04  0.0300
 20.00     10     -363.26    -11.59     -7.25     -4.34   0.04  0.0300
 20.00     10     -363.25    -11.57     -7.24     -4.33   0.04  0.0300
