  1.00      0     -354.44    111.61     77.20     34.42   1.05  0.0300
  1.00      0     -354.81    114.67     79.82     34.85   1.06  0.0300
  1.00      0     -355.68    116.73     82.34     34.40   1.12  0.0300
  1.00      0     -356.34    117.54     83.29     34.26   1.13  0.0300
  1.00      0     -356.59    117.27     82.72     34.56   1.14  0.0300
  1.00      0     -355.46    117.38     82.89     34.49   1.15  0.0300
  1.00      0     -356.67    118.80     84.78     34.02   1.17  0.0300
  1.00      0     -357.34    119.20     85.20     34.00   1.18  0.0300
  1.00      0     -357.39    119.14     85.02     34.12   1.18  0.0300
  1.00      1     -356.99    119.71     85.43     34.29   1.18  0.0300
  1.00      1     -357.28    119.52     85.36     34.16   1.17  0.0300
  1.00      1     -357.44    119.38     85.23     34.15   1.17  0.0300
  1.00      1     -357.63    120.16     86.08     34.08   1.19  0.0300
  1.00      1     -358.05    120.54     86.43     34.11   1.19  0.0300
  1.00      1     -358.52    120.01     86.13     33.88   1.19  0.0300
  1.00      1     -358.65    119.77     85.89     33.88   1.19  0.0300
  1.00      1     -358.73    120.18     86.33     33.85   1.20  0.0300
  1.00      1     -358.30    120.30     86.41     33.90   1.19  0.0300
  1.00      1     -358.07    120.39     86.47     33.92   1.19  0.0300
  1.00      2     -357.95    120.64     86.69     33.96   1.19  0.0300
  1.00      2     -357.76    120.32     86.28     34.05   1.19  0.0300
  1.00      2     -357.92    120.49     86.53     33.96   1.19  0.0300
  1.00      2     -357.73    120.77     86.79     33.98   1.19  0.0300
  1.00      2     -357.63    120.71     86.70     34.01   1.19  0.0300
  1.00      2     -357.72    120.93     86.98     33.95   1.19  0.0300
  1.00      2     -357.69    120.97     87.06     33.91   1.19  0.0300
  1.00      2     -357.51    121.25     87.24     34.01   1.19  0.0300
  1.00      2     -357.49    121.12     87.05     34.07   1.19  0.0300
  1.00      2     -357.48    121.10     86.98     34.13   1.19  0.0300
  1.00      3     -357.28    120.90     86.70     34.20   1.19  0.0300
  1.00      3     -357.22    120.48     86.24     34.24   1.18  0.0300
  1.00      3     -357.32    120.15     85.93     34.22   1.18  0.0300
  1.00      3     -357.26    120.23     86.05     34.17   1.18  0.0300
  1.00      3     -357.28    120.56     86.40     34.16   1.18  0.0300
  1.00      3     -357.30    120.98     86.91     34.06   1.19  0.0300
  1.00      3     -357.18    120.74     86.63     34.11   1.19  0.0300
  1.00      3     -357.10    120.67     86.53     34.14   1.19  0.0300
  1.00      3     -356.99    120.68     86.50     34.18   1.19  0.0300
  1.00      3     -356.91    120.28     86.03     34.25   1.19  0.0300
  1.00      4     -356.99    120.07     85.87     34.20   1.18  0.0300
  1.00      4     -356.86    119.76     85.52     34.24   1.18  0.0300
  1.00      4     -356.70    119.36     85.05     34.31   1.18  0.0300
  1.00      4     -356.59    119.09     84.78     34.32   1.17  0.0300
  1.00      4     -356.79    118.94     84.68     34.26   1.17  0.0300
  1.00      4     -356.73    118.85     84.57     34.28   1.17  0.0300
  1.00      4     -356.57    118.75     84.41     34.35   1.17  0.0300
  1.00      4     -356.53    118.79     84.44     34.34   1.17  0.0300
  1.00      4     -356.56    118.86     84.53     34.33   1.17  0.0300
  1.00      4     -356.60    119.02     84.72     34.29   1.17  0.0300
  1.00      5     -356.60    119.09     84.81     34.28   1.17  0.0300
  1.00      5     -356.62    119.18     84.93     34.25   1.17  0.0300
  1.00      5     -356.55    119.64     85.39     34.25   1.18  0.0300
  1.00      5     -356.60    119.81     85.58     34.23   1.18  0.0300
  1.00      5     -356.55    120.11     85.87     34.24   1.19  0.0300
  1.00      5     -356.62    120.47     86.25     34.22   1.19  0.0300
  1.00      5     -356.74    120.78     86.62     34.17   1.20  0.0300
  1.00      5     -356.81    120.97     86.87     34.10   1.20  0.0300
  1.00      5     -356.99    121.27     87.27     34.01   1.21  0.0300
  1.00      5     -357.01    121.38     87.42     33.96   1.21  0.0300
  1.00      6     -356.93    121.50     87.50     34.00   1.22  0.0300
  1.00      6     -356.89    121.76     87.75     34.00   1.22  0.0300
  1.00      6     -356.86    121.93     87.91     34.02   1.22  0.0300
  1.00      6     -356.86    121.86     87.85     34.02   1.22  0.0300
  1.00      6     -356.95    121.93     87.93     34.00   1.22  0.0300
  1.00      6     -356.96    122.09     88.09     34.00   1.22  0.0300
  1.00      6     -356.85    122.26     88.22     34.05   1.22  0.0300
  1.00      6     -356.72    122.31     88.24     34.06   1.22  0.0300
  1.00      6     -356.70    122.27     88.21     34.06   1.22  0.0300
  1.00      6     -356.72    122.27     88.22     34.06   1.22  0.0300
  1.00      7     -356.72    122.57     88.54     34.03   1.22  0.0300
  1.00      7     -356.66    122.75     88.73     34.02   1.22  0.0300
  1.00      7     -356.70    122.98     89.00     33.98   1.23  0.0300
  1.00      7     -356.78    123.08     89.13     33.95   1.23  0.0300
  1.00      7     -356.79    123.16     89.21     33.95   1.23  0.0300
  1.00      7     -356.78    123.22     89.25     33.97   1.23  0.0300
  1.00      7     -356.79    123.27     89.30     33.97   1.23  0.0300
  1.00      7     -356.78    123.31     89.35     33.96   1.23  0.0300
  1.00      7     -356.74    123.07     89.09     33.99   1.23  0.0300
  1.00      7     -356.76    123.16     89.18     33.98   1.23  0.0300
  1.00      8     -356.77    123.10     89.14     33.97   1.23  0.0300
  1.00      8     -356.79    123.11     89.15     33.96   1.23  0.0300
  1.00      8     -356.73    123.27     89.29     33.98   1.23  0.0300
  1.00      8     -356.81    123.22     89.25     33.97   1.23  0.0300
  1.00      8     -356.82    123.22     89.26     33.96   1.23  0.0300
  1.00      8     -356.82    123.24     89.28     33.96   1.23  0.0300
  1.00      8     -356.85    123.21     89.24     33.97   1.23  0.0300
  1.00      8     -356.84    123.32     89.33     33.99   1.23  0.0300
  1.00      8     -356.80    123.25     89.24     34.01   1.23  0.0300
  1.00      8     -356.71    123.22     89.17     34.05   1.23  0.0300
  1.00      9     -356.74    123.22     89.16     34.06   1.23  0.0300
  1.00      9     -356.77    123.28     89.26     34.02   1.23  0.0300
  1.00      9     -356.73    123.32     89.29     34.03   1.23  0.0300
  1.00      9     -356.70    123.19     89.15     34.04   1.22  0.0300
  1.00      9     -356.69    123.22     89.16     34.05   1.22  0.0300
  1.00      9     -356.66    123.14     89.07     34.07   1.22  0.0300
  1.00      9     -356.58    123.06     88.96     34.09   1.22  0.0300
  1.00      9     -356.53    123.04     88.93     34.11   1.22  0.0300
  1.00      9     -356.54    123.06     88.95     34.11   1.22  0.0300
  1.00      9     -356.55    123.05     88.93     34.12   1.22  0.0300
  1.00     10     -356.56    122.93     88.82     34.11   1.22  0.0300
  1.00     10     -356.58    122.85     88.75     34.09   1.22  0.0300
  1.00     10     -356.59    122.77     88.69     34.08   1.21  0.0300
  1.00     10     -356.55    122.59     88.50     34.09   1.21  0.0300
