  1.05      0     -367.14     46.03     25.49     20.54   0.18  0.0300
  1.05      0     -369.50     50.44     29.85     20.59   0.24  0.0300
  1.05      0     -369.31     52.05     31.46     20.59   0.28  0.0300
  1.05      0     -369.52     52.44     31.37     21.08   0.31  0.0300
  1.05      0     -368.63     51.31     30.29     21.02   0.29  0.0300
  1.05      0     -368.60     51.44     29.98     21.47   0.29  0.0300
  1.05      0     -368.23     51.26     29.94     21.32   0.29  0.0300
  1.05      0     -368.23     51.70     30.29     21.42   0.29  0.0300
  1.05      0     -367.45     51.04     29.20     21.84   0.28  0.0300
  1.05      1     -367.59     50.72     28.65     22.07   0.27  0.0300
  1.05      1     -367.63     49.62     27.50     22.13   0.25  0.0300
  1.05      1     -367.85     49.97     27.97     22.00   0.26  0.0300
  1.05      1     -368.28     50.97     29.05     21.92   0.28  0.0300
  1.05      1     -368.43     51.20     29.05     22.15   0.28  0.0300
  1.05      1     -368.57     51.36     29.19     22.17   0.28  0.0300
  1.05      1     -368.51     51.51     29.41     22.09   0.29  0.0300
  1.05      1     -368.66     50.79     28.67     22.12   0.28  0.0300
  1.05      1     -368.67     50.55     28.43     22.13   0.27  0.0300
  1.05      1     -368.62     50.67     28.49     22.18   0.27  0.0300
  1.05      2     -368.54     50.50     28.26     22.24   0.27  0.0300
  1.05      2     -368.34     50.26     27.90     22.37   0.26  0.0300
  1.05      2     -368.47     50.65     28.39     22.25   0.27  0.0300
  1.05      2     -368.70     50.90     28.64     22.25   0.28  0.0300
  1.05      2     -368.67     51.20     29.02     22.17   0.28  0.0300
  1.05      2     -368.70     51.73     29.53     22.20   0.29  0.0300
  1.05      2     -368.96     52.32     30.21     22.10   0.31  0.0300
  1.05      2     -368.88     52.26     30.05     22.21   0.31  0.0300
  1.05      2     -368.78     52.29     30.03     22.26   0.30  0.0300
  1.05      2     -368.78     52.08     29.76     22.32   0.30  0.0300
  1.05      3     -368.65     52.03     29.71     22.31   0.30  0.0300
  1.05      3     -368.72     51.70     29.43     22.28   0.29  0.0300
  1.05      3     -368.78     51.00     28.75     22.25   0.28  0.0300
  1.05      3     -368.88     50.34     28.12     22.22   0.27  0.0300
  1.05      3     -368.88     49.83     27.67     22.16   0.27  0.0300
  1.05      3     -368.94     49.31     27.12     22.19   0.26  0.0300
  1.05      3     -368.92     48.95     26.80     22.14   0.26  0.0300
  1.05      3     -369.06     49.26     27.18     22.08   0.26  0.0300
  1.05      3     -369.01     49.02     26.94     22.08   0.26  0.0300
  1.05      3     -368.95     48.66     26.49     22.17   0.25  0.0300
  1.05      4     -368.84     48.32     26.08     22.24   0.25  0.0300
  1.05      4     -368.82     48.22     25.92     22.30   0.25  0.0300
  1.05      4     -368.84     47.75     25.38     22.37   0.24  0.0300
  1.05      4     -368.80     47.69     25.27     22.42   0.24  0.0300
  1.05      4     -368.87     47.91     25.49     22.42   0.24  0.0300
  1.05      4     -368.85     47.87     25.41     22.46   0.24  0.0300
  1.05      4     -368.84     48.15     25.68     22.46   0.24  0.0300
  1.05      4     -368.71     47.93     25.38     22.55   0.24  0.0300
  1.05      4     -368.70     47.74     25.18     22.57   0.23  0.0300
  1.05      4     -368.65     47.56     24.93     22.63   0.23  0.0300
  1.05      5     -368.70     47.77     25.21     22.56   0.24  0.0300
  1.05      5     -368.74     47.94     25.41     22.53   0.24  0.0300
  1.05      5     -368.65     48.00     25.42     22.58   0.24  0.0300
  1.05      5     -368.70     48.08     25.48     22.59   0.24  0.0300
  1.05      5     -368.71     48.21     25.63     22.58   0.24  0.0300
  1.05      5     -368.74     48.27     25.72     22.56   0.24  0.0300
  1.05      5     -368.77     48.56     26.00     22.56   0.25  0.0300
  1.05      5     -368.75     48.86     26.26     22.60   0.26  0.0300
  1.05      5     -368.71     49.03     26.45     22.59   0.26  0.0300
  1.05      5     -368.80     49.08     26.52     22.56   0.26  0.0300
  1.05      6     -368.85     49.06     26.51     22.55   0.26  0.0300
  1.05      6     -368.87     49.06     26.51     22.55   0.26  0.0300
  1.05      6     -368.86     49.22     26.67     22.55   0.26  0.0300
  1.05      6     -368.81     49.18     26.60     22.58   0.26  0.0300
  1.05      6     -368.87     49.40     26.83     22.57   0.27  0.0300
  1.05      6     -368.88     49.41     26.83     22.58   0.27  0.0300
  1.05      6     -368.86     49.41     26.84     22.57   0.27  0.0300
  1.05      6     -368.86     49.44     26.88     22.56   0.27  0.0300
  1.05      6     -368.88     49.51     26.97     22.53   0.26  0.0300
  1.05      6     -368.81     49.50     26.92     22.57   0.26  0.0300
  1.05      7     -368.79     49.36     26.77     22.59   0.26  0.0300
  1.05      7     -368.80     49.24     26.65     22.59   0.26  0.0300
  1.05      7     -368.76     49.01     26.40     22.61   0.25  0.0300
  1.05      7     -368.74     48.87     26.24     22.63   0.25  0.0300
  1.05      7     -368.71     48.72     26.04     22.68   0.25  0.0300
  1.05      7     -368.66     48.54     25.82     22.72   0.24  0.0300
  1.05      7     -368.70     48.73     26.03     22.70   0.25  0.0300
  1.05      7     -368.72     49.17     26.47     22.70   0.25  0.0300
  1.05      7     -368.75     49.43     26.75     22.68   0.26  0.0300
  1.05      7     -368.81     49.69     27.02     22.67   0.26  0.0300
  1.05      8     -368.86     49.80     27.15     22.65   0.27  0.0300
  1.05      8     -368.89     50.07     27.43     22.64   0.27  0.0300
  1.05      8     -368.89     50.32     27.68     22.64   0.28  0.0300
  1.05      8     -368.87     50.55     27.89     22.66   0.28  0.0300
  1.05      8     -368.87     50.63     27.96     22.67   0.28  0.0300
  1.05      8     -368.87     50.81     28.15     22.66   0.29  0.0300
  1.05      8     -368.87     51.05     28.39     22.66   0.29  0.0300
  1.05      8     -368.85     51.40     28.73     22.67   0.30  0.0300
  1.05      8     -368.93     51.83     29.21     22.62   0.31  0.0300
  1.05      8     -368.96     52.02     29.42     22.60   0.31  0.0300
  1.05      9     -368.99     52.28     29.68     22.60   0.32  0.0300
  1.05      9     -369.05     52.31     29.72     22.59   0.32  0.0300
  1.05      9     -369.00     52.38     29.77     22.61   0.32  0.0300
  1.05      9     -369.05     52.66     30.08     22.58   0.33  0.0300
  1.05      9     -369.07     52.77     30.18     22.59   0.33  0.0300
  1.05      9     -369.08     52.91     30.33     22.59   0.33  0.0300
  1.05      9     -369.06     53.04     30.44     22.60   0.34  0.0300
  1.05      9     -369.10     53.10     30.51     22.58   0.34  0.0300
  1.05      9     -369.06     53.24     30.66     22.58   0.34  0.0300
  1.05      9     -369.00     53.13     30.51     22.61   0.34  0.0300
  1.05     10     -369.01     53.11     30.48     22.64   0.34  0.0300
  1.05     10     -369.07     53.15     30.55     22.60   0.34  0.0300
  1.05     10     -369.08     53.07     30.47     22.60   0.34  0.0300
  1.05     10     -369.07     53.11     30.50     22.61   0.34  0.0300
