  1.06      0     -373.03     50.56     29.21     21.35   0.27  0.0300
  1.06      0     -372.15     42.51     21.00     21.51   0.17  0.0300
  1.06      0     -372.05     43.63     22.32     21.31   0.17  0.0300
  1.06      0     -372.02     44.63     23.35     21.28   0.20  0.0300
  1.06      0     -372.37     44.56     22.93     21.63   0.19  0.0300
  1.06      0     -372.03     45.32     23.67     21.66   0.21  0.0300
  1.06      0     -371.93     46.20     24.81     21.39   0.24  0.0300
  1.06      0     -372.24     45.42     24.15     21.27   0.22  0.0300
  1.06      0     -373.38     45.45     24.72     20.73   0.23  0.0300
  1.06      1     -373.49     45.20     24.46     20.74   0.23  0.0300
  1.06      1     -373.19     44.48     23.71     20.77   0.21  0.0300
  1.06      1     -373.13     45.08     24.38     20.71   0.22  0.0300
  1.06      1     -372.84     45.33     24.55     20.78   0.22  0.0300
  1.06      1     -372.68     45.45     24.57     20.88   0.22  0.0300
  1.06      1     -372.48     44.95     24.17     20.79   0.21  0.0300
  1.06      1     -372.33     45.20     24.47     20.73   0.21  0.0300
  1.06      1     -372.29     44.76     23.99     20.77   0.20  0.0300
  1.06      1     -372.09     44.59     23.92     20.66   0.20  0.0300
  1.06      1     -371.71     45.28     24.65     20.63   0.21  0.0300
  1.06      2     -371.67     45.30     24.64     20.66   0.21  0.0300
  1.06      2     -371.58     45.31     24.65     20.67   0.21  0.0300
  1.06      2     -371.54     45.86     25.22     20.64   0.22  0.0300
  1.06      2     -371.58     46.58     25.94     20.64   0.24  0.0300
  1.06      2     -371.69     47.15     26.49     20.66   0.25  0.0300
  1.06      2     -371.52     47.61     26.88     20.73   0.25  0.0300
  1.06      2     -371.45     47.56     26.75     20.82   0.25  0.0300
  1.06      2     -371.43     47.11     26.20     20.90   0.24  0.0300
  1.06      2     -371.36     46.67     25.74     20.92   0.24  0.0300
  1.06      2     -371.25     46.66     25.75     20.91   0.24  0.0300
  1.06      3     -371.19     46.36     25.43     20.93   0.23  0.0300
  1.06      3     -371.06     46.41     25.40     21.01   0.23  0.0300
  1.06      3     -371.05     46.15     25.14     21.01   0.22  0.0300
  1.06      3     -370.94     45.82     24.71     21.11   0.22  0.0300
  1.06      3     -370.80     45.71     24.56     21.15   0.22  0.0300
  1.06      3     -370.94     45.49     24.39     21.10   0.21  0.0300
  1.06      3     -370.87     45.16     24.05     21.11   0.21  0.0300
  1.06      3     -370.96     44.86     23.80     21.07   0.21  0.0300
  1.06      3     -370.85     44.46     23.34     21.12   0.20  0.0300
  1.06      3     -370.81     44.43     23.29     21.15   0.20  0.0300
  1.06      4     -370.76     44.81     23.66     21.14   0.21  0.0300
  1.06      4     -370.76     45.29     24.19     21.10   0.22  0.0300
  1.06      4     -370.74     45.14     24.07     21.07   0.22  0.0300
  1.06      4     -370.64     45.43     24.32     21.12   0.22  0.0300
  1.06      4     -370.66     45.75     24.64     21.11   0.23  0.0300
  1.06      4     -370.73     45.85     24.77     21.08   0.23  0.0300
  1.06      4     -370.72     45.81     24.73     21.09   0.23  0.0300
  1.06      4     -370.72     45.87     24.78     21.09   0.23  0.0300
  1.06      4     -370.68     45.72     24.61     21.11   0.23  0.0300
  1.06      4     -370.67     45.53     24.40     21.13   0.22  0.0300
  1.06      5     -370.64     45.39     24.20     21.19   0.22  0.0300
  1.06      5     -370.63     45.65     24.47     21.18   0.22  0.0300
  1.06      5     -370.69     46.11     24.96     21.14   0.23  0.0300
  1.06      5     -370.74     46.39     25.27     21.11   0.24  0.0300
  1.06      5     -370.74     46.54     25.44     21.10   0.24  0.0300
  1.06      5     -370.72     46.74     25.65     21.09   0.24  0.0300
  1.06      5     -370.78     47.09     26.04     21.06   0.25  0.0300
  1.06      5     -370.72     47.22     26.15     21.07   0.25  0.0300
  1.06      5     -370.73     47.23     26.19     21.04   0.25  0.0300
  1.06      5     -370.73     47.60     26.61     20.99   0.26  0.0300
  1.06      6     -370.75     47.74     26.76     20.97   0.27  0.0300
  1.06      6     -370.72     47.86     26.91     20.95   0.27  0.0300
  1.06      6     -370.67     47.84     26.86     20.98   0.27  0.0300
  1.06      6     -370.65     47.78     26.80     20.97   0.26  0.0300
  1.06      6     -370.65     47.73     26.74     20.99   0.26  0.0300
  1.06      6     -370.71     47.90     26.94     20.95   0.26  0.0300
  1.06      6     -370.68     47.98     27.02     20.96   0.26  0.0300
  1.06      6     -370.68     48.21     27.26     20.95   0.26  0.0300
  1.06      6     -370.70     48.17     27.22     20.95   0.27  0.0300
  1.06      6     -370.69     48.21     27.27     20.94   0.26  0.0300
  1.06      7     -370.71     48.37     27.43     20.94   0.27  0.0300
  1.06      7     -370.73     48.47     27.55     20.92   0.27  0.0300
  1.06      7     -370.77     48.48     27.58     20.90   0.27  0.0300
  1.06      7     -370.81     48.52     27.63     20.89   0.27  0.0300
  1.06      7     -370.76     48.68     27.80     20.87   0.27  0.0300
  1.06      7     -370.81     48.98     28.15     20.83   0.28  0.0300
  1.06      7     -370.83     49.00     28.17     20.83   0.27  0.0300
  1.06      7     -370.84     48.98     28.17     20.80   0.27  0.0300
  1.06      7     -370.77     48.86     28.04     20.82   0.27  0.0300
  1.06      7     -370.72     48.92     28.07     20.85   0.27  0.0300
  1.06      8     -370.73     48.83     27.98     20.85   0.27  0.0300
  1.06      8     -370.74     48.76     27.92     20.83   0.26  0.0300
  1.06      8     -370.73     48.66     27.79     20.86   0.26  0.0300
  1.06      8     -370.70     48.62     27.73     20.88   0.26  0.0300
  1.06      8     -370.58     48.58     27.64     20.94   0.26  0.0300
  1.06      8     -370.57     48.53     27.60     20.93   0.26  0.0300
  1.06      8     -370.58     48.50     27.57     20.93   0.25  0.0300
  1.06      8     -370.57     48.26     27.33     20.93   0.25  0.0300
  1.06      8     -370.46     48.10     27.10     21.00   0.25  0.0300
  1.06      8     -370.45     48.14     27.12     21.02   0.25  0.0300
  1.06      9     -370.45     48.08     27.06     21.02   0.25  0.0300
  1.06      9     -370.42     48.16     27.11     21.05   0.25  0.0300
  1.06      9     -370.52     48.13     27.12     21.01   0.25  0.0300
  1.06      9     -370.54     47.97     26.96     21.01   0.25  0.0300
  1.06      9     -370.55     47.82     26.82     21.00   0.25  0.0300
  1.06      9     -370.58     47.72     26.75     20.97   0.25  0.0300
  1.06      9     -370.55     47.64     26.66     20.98   0.24  0.0300
  1.06      9     -370.59     47.86     26.92     20.95   0.25  0.0300
  1.06      9     -370.65     47.89     26.95     20.94   0.25  0.0300
  1.06      9     -370.66     47.91     26.96     20.95   0.25  0.0300
  1.06     10     -370.62     47.88     26.92     20.96   0.25  0.0300
  1.06     10     -370.61     47.73     26.77     20.96   0.25  0.0300
  1.06     10     -370.55     47.58     26.61     20.97   0.25  0.0300
  1.06     10     -370.51     47.47     26.49     20.99   0.25  0.0300
