  1.07      0     -374.92     36.64     16.52     20.12   0.11  0.0300
  1.07      0     -373.06     37.18     16.79     20.40   0.09  0.0300
  1.07      0     -371.53     39.55     19.09     20.46   0.11  0.0300
  1.07      0     -370.94     40.87     19.77     21.10   0.13  0.0300
  1.07      0     -372.33     42.26     21.12     21.14   0.14  0.0300
  1.07      0     -372.71     42.12     21.62     20.50   0.15  0.0300
  1.07      0     -372.27     42.62     22.26     20.36   0.17  0.0300
  1.07      0     -372.67     43.21     22.72     20.49   0.18  0.0300
  1.07      0     -371.76     43.73     23.33     20.39   0.19  0.0300
  1.07      1     -371.77     43.41     23.01     20.40   0.18  0.0300
  1.07      1     -371.75     43.83     23.27     20.56   0.18  0.0300
  1.07      1     -371.90     42.99     22.61     20.39   0.17  0.0300
  1.07      1     -371.90     42.58     22.38     20.20   0.17  0.0300
  1.07      1     -371.90     42.82     22.70     20.12   0.18  0.0300
  1.07      1     -371.98     43.13     23.05     20.08   0.18  0.0300
  1.07      1     -371.98     44.22     24.14     20.08   0.19  0.0300
  1.07      1     -371.73     44.07     23.92     20.14   0.19  0.0300
  1.07      1     -371.72     43.97     23.88     20.09   0.19  0.0300
  1.07      1     -371.70     44.49     24.45     20.05   0.20  0.0300
  1.07      2     -371.88     44.21     24.14     20.08   0.19  0.0300
  1.07      2     -371.72     43.89     23.75     20.14   0.19  0.0300
  1.07      2     -371.78     44.09     23.98     20.10   0.20  0.0300
  1.07      2     -371.38     44.08     23.94     20.13   0.20  0.0300
  1.07      2     -371.42     44.47     24.42     20.05   0.20  0.0300
  1.07      2     -371.38     44.34     24.36     19.98   0.20  0.0300
  1.07      2     -371.38     44.43     24.44     20.00   0.20  0.0300
  1.07      2     -371.32     44.49     24.47     20.02   0.19  0.0300
  1.07      2     -371.42     44.19     24.27     19.93   0.19  0.0300
  1.07      2     -371.54     44.15     24.38     19.77   0.19  0.0300
  1.07      3     -371.71     44.30     24.57     19.72   0.20  0.0300
  1.07      3     -371.67     44.36     24.68     19.68   0.20  0.0300
  1.07      3     -371.48     44.71     24.97     19.74   0.21  0.0300
  1.07      3     -371.39     44.46     24.67     19.79   0.20  0.0300
  1.07      3     -371.51     44.14     24.42     19.72   0.20  0.0300
  1.07      3     -371.52     43.69     24.02     19.68   0.19  0.0300
  1.07      3     -371.62     43.95     24.31     19.64   0.20  0.0300
  1.07      3     -371.64     43.95     24.38     19.57   0.20  0.0300
  1.07      3     -371.70     43.60     24.02     19.58   0.20  0.0300
  1.07      3     -371.70     43.55     23.95     19.60   0.20  0.0300
  1.07      4     -371.77     44.00     24.44     19.57   0.21  0.0300
  1.07      4     -371.76     43.95     24.39     19.56   0.20  0.0300
  1.07      4     -371.84     43.78     24.26     19.52   0.20  0.0300
  1.07      4     -371.85     44.08     24.55     19.53   0.20  0.0300
  1.07      4     -371.87     44.06     24.56     19.50   0.20  0.0300
  1.07      4     -371.90     44.03     24.56     19.47   0.20  0.0300
  1.07      4     -371.89     44.00     24.55     19.46   0.20  0.0300
  1.07      4     -371.89     43.87     24.38     19.49   0.20  0.0300
  1.07      4     -371.91     43.76     24.24     19.52   0.20  0.0300
  1.07      4     -371.92     43.91     24.39     19.52   0.20  0.0300
  1.07      5     -371.94     44.08     24.60     19.49   0.20  0.0300
  1.07      5     -371.95     44.29     24.79     19.50   0.21  0.0300
  1.07      5     -371.94     44.35     24.86     19.49   0.21  0.0300
  1.07      5     -371.95     44.17     24.71     19.46   0.20  0.0300
  1.07      5     -371.91     44.02     24.56     19.46   0.20  0.0300
  1.07      5     -371.85     43.99     24.51     19.48   0.20  0.0300
  1.07      5     -371.78     43.92     24.43     19.49   0.20  0.0300
  1.07      5     -371.81     43.87     24.39     19.48   0.20  0.0300
  1.07      5     -371.85     43.91     24.46     19.45   0.19  0.0300
  1.07      5     -371.79     43.94     24.47     19.47   0.19  0.0300
  1.07      6     -371.77     43.97     24.50     19.47   0.19  0.0300
  1.07      6     -371.75     43.86     24.37     19.49   0.19  0.0300
  1.07      6     -371.75     43.79     24.31     19.48   0.19  0.0300
  1.07      6     -371.78     43.86     24.39     19.47   0.20  0.0300
  1.07      6     -371.82     44.09     24.66     19.43   0.20  0.0300
  1.07      6     -371.78     43.99     24.54     19.45   0.20  0.0300
  1.07      6     -371.83     43.95     24.55     19.40   0.20  0.0300
  1.07      6     -371.87     43.93     24.53     19.39   0.20  0.0300
  1.07      6     -371.96     44.09     24.73     19.36   0.20  0.0300
  1.07      6     -371.88     44.09     24.68     19.41   0.20  0.0300
  1.07      7     -371.90     43.84     24.45     19.38   0.20  0.0300
  1.07      7     -371.89     43.79     24.42     19.37   0.20  0.0300
  1.07      7     -371.85     43.51     24.12     19.39   0.20  0.0300
  1.07      7     -371.88     43.46     24.06     19.39   0.19  0.0300
  1.07      7     -371.85     43.57     24.16     19.42   0.20  0.0300
  1.07      7     -371.88     43.66     24.25     19.41   0.20  0.0300
  1.07      7     -371.88     43.78     24.37     19.41   0.20  0.0300
  1.07      7     -371.91     44.00     24.59     19.41   0.20  0.0300
  1.07      7     -371.92     44.12     24.71     19.41   0.20  0.0300
  1.07      7     -371.86     44.15     24.71     19.44   0.20  0.0300
  1.07      8     -371.86     44.12     24.68     19.44   0.20  0.0300
  1.07      8     -371.88     44.55     25.14     19.41   0.21  0.0300
  1.07      8     -371.87     44.57     25.17     19.40   0.21  0.0300
  1.07      8     -371.90     44.48     25.10     19.38   0.21  0.0300
  1.07      8     -371.93     44.38     25.01     19.37   0.21  0.0300
  1.07      8     -371.89     44.39     25.04     19.36   0.21  0.0300
  1.07      8     -371.88     44.30     24.94     19.35   0.20  0.0300
  1.07      8     -371.91     44.22     24.87     19.35   0.20  0.0300
  1.07      8     -371.90     44.21     24.87     19.34   0.20  0.0300
  1.07      8     -371.93     44.12     24.77     19.34   0.20  0.0300
  1.07      9     -371.98     44.24     24.92     19.32   0.20  0.0300
  1.07      9     -372.02     44.43     25.13     19.31   0.21  0.0300
  1.07      9     -372.03     44.44     25.14     19.30   0.21  0.0300
  1.07      9     -372.07     44.30     25.02     19.28   0.21  0.0300
  1.07      9     -372.05     44.33     25.05     19.28   0.21  0.0300
  1.07      9     -372.01     44.32     25.05     19.27   0.20  0.0300
  1.07      9     -371.97     44.28     24.99     19.29   0.20  0.0300
  1.07      9     -371.95     44.19     24.90     19.29   0.20  0.0300
  1.07      9     -371.90     44.04     24.73     19.31   0.20  0.0300
  1.07      9     -371.90     44.08     24.75     19.34   0.20  0.0300
  1.07     10     -371.94     44.23     24.90     19.34   0.20  0.0300
  1.07     10     -371.90     44.20     24.85     19.35   0.20  0.0300
  1.07     10     -371.88     44.30     24.92     19.37   0.20  0.0300
  1.07     10     -371.86     44.27     24.88     19.39   0.20  0.0300
