  1.08      0     -378.49     40.57     24.59     15.98   0.18  0.0300
  1.08      0     -375.74     41.01     24.53     16.48   0.17  0.0300
  1.08      0     -374.64     40.33     23.23     17.10   0.17  0.0300
  1.08      0     -374.01     40.22     22.30     17.92   0.17  0.0300
  1.08      0     -373.10     38.97     21.19     17.78   0.16  0.0300
  1.08      0     -372.94     39.27     21.32     17.94   0.16  0.0300
  1.08      0     -371.73     39.47     21.38     18.09   0.16  0.0300
  1.08      0     -372.81     39.90     21.94     17.95   0.17  0.0300
  1.08      0     -372.92     40.29     22.52     17.77   0.17  0.0300
  1.08      1     -373.78     39.43     21.97     17.46   0.16  0.0300
  1.08      1     -374.12     40.26     22.92     17.34   0.18  0.0300
  1.08      1     -374.28     40.08     22.65     17.43   0.17  0.0300
  1.08      1     -374.25     40.50     23.01     17.48   0.17  0.0300
  1.08      1     -374.66     40.08     22.72     17.36   0.17  0.0300
  1.08      1     -374.54     40.12     22.76     17.36   0.17  0.0300
  1.08      1     -374.58     40.53     23.23     17.30   0.18  0.0300
  1.08      1     -374.25     41.12     23.62     17.50   0.18  0.0300
  1.08      1     -373.98     41.06     23.58     17.48   0.18  0.0300
  1.08      1     -373.97     40.95     23.49     17.47   0.18  0.0300
  1.08      2     -374.09     41.05     23.64     17.41   0.18  0.0300
  1.08      2     -374.02     41.23     23.85     17.38   0.18  0.0300
  1.08      2     -373.81     41.03     23.53     17.49   0.18  0.0300
  1.08      2     -373.79     40.83     23.16     17.67   0.17  0.0300
  1.08      2     -373.61     40.72     22.98     17.74   0.17  0.0300
  1.08      2     -373.70     40.84     23.09     17.75   0.17  0.0300
  1.08      2     -373.66     40.67     22.89     17.78   0.17  0.0300
  1.08      2     -373.68     40.59     22.81     17.78   0.16  0.0300
  1.08      2     -373.81     40.73     23.08     17.65   0.17  0.0300
  1.08      2     -373.79     40.75     23.03     17.72   0.17  0.0300
  1.08      3     -373.75     40.60     22.84     17.76   0.16  0.0300
  1.08      3     -373.74     40.24     22.45     17.80   0.16  0.0300
  1.08      3     -373.78     40.24     22.44     17.80   0.16  0.0300
  1.08      3     -373.61     40.35     22.51     17.85   0.16  0.0300
  1.08      3     -373.61     40.84     22.97     17.87   0.17  0.0300
  1.08      3     -373.56     41.26     23.37     17.89   0.17  0.0300
  1.08      3     -373.58     41.60     23.73     17.87   0.18  0.0300
  1.08      3     -373.57     41.80     23.99     17.81   0.18  0.0300
  1.08      3     -373.55     42.19     24.38     17.80   0.19  0.0300
  1.08      3     -373.59     42.56     24.76     17.80   0.19  0.0300
  1.08      4     -373.70     42.34     24.59     17.75   0.19  0.0300
  1.08      4     -373.55     41.93     24.15     17.79   0.18  0.0300
  1.08      4     -373.56     41.74     23.99     17.75   0.18  0.0300
  1.08      4     -373.42     41.53     23.69     17.83   0.18  0.0300
  1.08      4     -373.40     41.45     23.58     17.88   0.18  0.0300
  1.08      4     -373.38     41.36     23.49     17.87   0.18  0.0300
  1.08      4     -373.52     41.08     23.27     17.82   0.17  0.0300
  1.08      4     -373.50     41.02     23.23     17.79   0.17  0.0300
  1.08      4     -373.50     41.01     23.23     17.79   0.17  0.0300
  1.08      4     -373.49     41.17     23.42     17.74   0.17  0.0300
  1.08      5     -373.46     41.03     23.26     17.76   0.17  0.0300
  1.08      5     -373.49     40.97     23.19     17.78   0.17  0.0300
  1.08      5     -373.44     41.06     23.23     17.83   0.17  0.0300
  1.08      5     -373.53     41.02     23.25     17.77   0.17  0.0300
  1.08      5     -373.63     40.89     23.17     17.72   0.17  0.0300
  1.08      5     -373.62     40.85     23.11     17.74   0.17  0.0300
  1.08      5     -373.64     40.83     23.06     17.77   0.17  0.0300
  1.08      5     -373.64     40.74     22.96     17.78   0.17  0.0300
  1.08      5     -373.60     40.91     23.15     17.76   0.17  0.0300
  1.08      5     -373.66     41.16     23.43     17.73   0.18  0.0300
  1.08      6     -373.75     41.14     23.43     17.71   0.18  0.0300
  1.08      6     -373.76     41.19     23.50     17.70   0.18  0.0300
  1.08      6     -373.83     41.11     23.43     17.68   0.18  0.0300
  1.08      6     -373.81     41.25     23.56     17.68   0.18  0.0300
  1.08      6     -373.85     41.38     23.70     17.67   0.18  0.0300
  1.08      6     -373.85     41.36     23.68     17.67   0.18  0.0300
  1.08      6     -373.76     41.30     23.60     17.70   0.18  0.0300
  1.08      6     -373.78     41.51     23.83     17.68   0.18  0.0300
  1.08      6     -373.86     41.68     24.03     17.65   0.19  0.0300
  1.08      6     -373.89     41.80     24.16     17.64   0.19  0.0300
  1.08      7     -373.86     41.92     24.29     17.63   0.19  0.0300
  1.08      7     -373.86     41.85     24.21     17.64   0.19  0.0300
  1.08      7     -373.82     41.87     24.20     17.67   0.19  0.0300
  1.08      7     -373.83     42.06     24.39     17.66   0.20  0.0300
  1.08      7     -373.80     42.02     24.36     17.67   0.20  0.0300
  1.08      7     -373.82     42.02     24.35     17.67   0.19  0.0300
  1.08      7     -373.85     42.02     24.36     17.66   0.19  0.0300
  1.08      7     -373.84     41.94     24.28     17.66   0.19  0.0300
  1.08      7     -373.84     41.97     24.31     17.66   0.19  0.0300
  1.08      7     -373.89     42.03     24.40     17.63   0.19  0.0300
  1.08      8     -373.93     42.15     24.54     17.61   0.20  0.0300
  1.08      8     -373.97     42.18     24.57     17.61   0.20  0.0300
  1.08      8     -373.92     42.25     24.63     17.62   0.20  0.0300
  1.08      8     -373.94     42.12     24.49     17.63   0.20  0.0300
  1.08      8     -373.91     41.98     24.34     17.65   0.19  0.0300
  1.08      8     -373.93     41.90     24.24     17.65   0.19  0.0300
  1.08      8     -373.89     42.04     24.36     17.68   0.19  0.0300
  1.08      8     -373.89     42.03     24.37     17.66   0.19  0.0300
  1.08      8     -373.90     42.01     24.35     17.66   0.19  0.0300
  1.08      8     -373.89     41.99     24.33     17.66   0.19  0.0300
  1.08      9     -373.88     41.97     24.31     17.66   0.19  0.0300
  1.08      9     -373.81     41.94     24.26     17.68   0.19  0.0300
  1.08      9     -373.83     41.87     24.19     17.68   0.19  0.0300
  1.08      9     -373.78     41.86     24.15     17.70   0.19  0.0300
  1.08      9     -373.79     41.85     24.15     17.70   0.19  0.0300
  1.08      9     -373.79     41.85     24.15     17.70   0.19  0.0300
  1.08      9     -373.78     41.86     24.15     17.71   0.19  0.0300
  1.08      9     -373.78     41.85     24.15     17.71   0.19  0.0300
  1.08      9     -373.74     41.76     24.03     17.72   0.19  0.0300
  1.08      9     -373.75     41.70     23.97     17.72   0.19  0.0300
  1.08     10     -373.73     41.63     23.92     17.72   0.19  0.0300
  1.08     10     -373.73     41.68     23.95     17.72   0.19  0.0300
  1.08     10     -373.72     41.64     23.91     17.74   0.19  0.0300
  1.08     10     -373.70     41.56     23.80     17.76   0.19  0.0300
