  1.09      0     -371.25     37.42     22.85     14.57   0.14  0.0300
  1.09      0     -367.85     35.23     19.02     16.21   0.10  0.0300
  1.09      0     -369.91     37.28     21.68     15.60   0.15  0.0300
  1.09      0     -370.54     37.98     21.44     16.54   0.16  0.0300
  1.09      0     -371.55     37.20     20.70     16.50   0.16  0.0300
  1.09      0     -373.41     36.99     20.57     16.42   0.15  0.0300
  1.09      0     -373.94     37.01     20.50     16.52   0.15  0.0300
  1.09      0     -374.11     37.88     21.59     16.29   0.16  0.0300
  1.09      0     -374.30     37.37     20.97     16.39   0.15  0.0300
  1.09      1     -374.61     37.43     20.92     16.51   0.15  0.0300
  1.09      1     -374.67     37.73     21.03     16.70   0.15  0.0300
  1.09      1     -374.89     37.88     21.13     16.75   0.15  0.0300
  1.09      1     -374.71     37.97     21.26     16.71   0.15  0.0300
  1.09      1     -374.85     37.62     20.97     16.66   0.15  0.0300
  1.09      1     -374.58     37.19     20.57     16.62   0.15  0.0300
  1.09      1     -374.61     37.29     20.54     16.75   0.15  0.0300
  1.09      1     -374.47     37.23     20.39     16.84   0.15  0.0300
  1.09      1     -374.73     37.66     20.76     16.90   0.15  0.0300
  1.09      1     -374.64     38.02     21.16     16.86   0.15  0.0300
  1.09      2     -374.94     38.03     21.13     16.90   0.15  0.0300
  1.09      2     -375.00     38.20     21.30     16.89   0.15  0.0300
  1.09      2     -375.21     38.76     21.79     16.97   0.16  0.0300
  1.09      2     -375.11     38.64     21.73     16.91   0.16  0.0300
  1.09      2     -375.16     38.63     21.72     16.91   0.15  0.0300
  1.09      2     -375.03     38.99     22.17     16.82   0.16  0.0300
  1.09      2     -375.03     39.67     22.86     16.80   0.17  0.0300
  1.09      2     -374.93     39.84     23.09     16.75   0.18  0.0300
  1.09      2     -374.67     39.80     22.99     16.81   0.17  0.0300
  1.09      2     -374.63     40.21     23.43     16.78   0.18  0.0300
  1.09      3     -374.61     40.04     23.22     16.82   0.18  0.0300
  1.09      3     -374.68     40.21     23.46     16.76   0.18  0.0300
  1.09      3     -374.63     40.61     23.86     16.75   0.19  0.0300
  1.09      3     -374.73     41.11     24.42     16.69   0.20  0.0300
  1.09      3     -374.74     40.97     24.33     16.64   0.20  0.0300
  1.09      3     -374.78     40.77     24.14     16.63   0.19  0.0300
  1.09      3     -374.83     40.92     24.28     16.64   0.20  0.0300
  1.09      3     -374.74     41.25     24.63     16.63   0.20  0.0300
  1.09      3     -374.69     41.64     25.00     16.64   0.21  0.0300
  1.09      3     -374.65     41.76     25.13     16.63   0.21  0.0300
  1.09      4     -374.69     41.55     24.95     16.60   0.20  0.0300
  1.09      4     -374.69     41.77     25.14     16.63   0.21  0.0300
  1.09      4     -374.67     42.05     25.43     16.62   0.21  0.0300
  1.09      4     -374.50     42.10     25.48     16.62   0.21  0.0300
  1.09      4     -374.54     41.80     25.19     16.61   0.20  0.0300
  1.09      4     -374.60     41.93     25.37     16.57   0.20  0.0300
  1.09      4     -374.60     41.72     25.15     16.58   0.20  0.0300
  1.09      4     -374.64     41.49     24.90     16.59   0.20  0.0300
  1.09      4     -374.65     41.36     24.79     16.58   0.20  0.0300
  1.09      4     -374.59     41.13     24.55     16.58   0.19  0.0300
  1.09      5     -374.57     41.09     24.51     16.57   0.19  0.0300
  1.09      5     -374.56     41.03     24.44     16.59   0.19  0.0300
  1.09      5     -374.48     40.88     24.25     16.63   0.19  0.0300
  1.09      5     -374.44     40.69     24.06     16.63   0.19  0.0300
  1.09      5     -374.48     40.61     23.99     16.61   0.18  0.0300
  1.09      5     -374.44     40.57     23.94     16.63   0.18  0.0300
  1.09      5     -374.34     40.30     23.64     16.66   0.18  0.0300
  1.09      5     -374.32     40.00     23.30     16.70   0.18  0.0300
  1.09      5     -374.29     40.02     23.32     16.69   0.18  0.0300
  1.09      5     -374.30     39.90     23.20     16.70   0.18  0.0300
  1.09      6     -374.27     39.86     23.15     16.71   0.17  0.0300
  1.09      6     -374.25     39.71     23.02     16.70   0.17  0.0300
  1.09      6     -374.20     39.98     23.29     16.68   0.18  0.0300
  1.09      6     -374.31     40.31     23.66     16.65   0.19  0.0300
  1.09      6     -374.33     40.27     23.61     16.65   0.18  0.0300
  1.09      6     -374.32     40.47     23.79     16.69   0.19  0.0300
  1.09      6     -374.29     40.56     23.85     16.70   0.18  0.0300
  1.09      6     -374.33     40.74     24.06     16.68   0.19  0.0300
  1.09      6     -374.38     40.86     24.18     16.67   0.19  0.0300
  1.09      6     -374.33     40.75     24.05     16.70   0.19  0.0300
  1.09      7     -374.33     40.60     23.93     16.67   0.19  0.0300
  1.09      7     -374.29     40.57     23.90     16.66   0.19  0.0300
  1.09      7     -374.24     40.68     23.99     16.69   0.19  0.0300
  1.09      7     -374.26     40.92     24.23     16.69   0.19  0.0300
  1.09      7     -374.18     40.85     24.14     16.72   0.19  0.0300
  1.09      7     -374.20     40.86     24.15     16.72   0.19  0.0300
  1.09      7     -374.21     40.61     23.90     16.71   0.19  0.0300
  1.09      7     -374.14     40.63     23.93     16.71   0.19  0.0300
  1.09      7     -374.19     40.71     24.02     16.69   0.19  0.0300
  1.09      7     -374.17     40.53     23.83     16.70   0.19  0.0300
  1.09      8     -374.17     40.41     23.71     16.70   0.19  0.0300
  1.09      8     -374.17     40.21     23.52     16.69   0.19  0.0300
  1.09      8     -374.15     40.06     23.33     16.72   0.19  0.0300
  1.09      8     -374.18     39.96     23.24     16.72   0.18  0.0300
  1.09      8     -374.19     40.05     23.33     16.72   0.19  0.0300
  1.09      8     -374.21     40.00     23.29     16.71   0.19  0.0300
  1.09      8     -374.19     39.91     23.19     16.71   0.18  0.0300
  1.09      8     -374.19     39.86     23.16     16.71   0.18  0.0300
  1.09      8     -374.17     39.86     23.17     16.69   0.18  0.0300
  1.09      8     -374.17     39.88     23.18     16.69   0.18  0.0300
  1.09      9     -374.16     39.80     23.11     16.70   0.18  0.0300
  1.09      9     -374.15     39.75     23.07     16.69   0.18  0.0300
  1.09      9     -374.18     39.65     22.95     16.70   0.18  0.0300
  1.09      9     -374.24     39.77     23.09     16.68   0.18  0.0300
  1.09      9     -374.26     39.84     23.18     16.66   0.18  0.0300
  1.09      9     -374.27     39.80     23.14     16.66   0.18  0.0300
  1.09      9     -374.29     39.79     23.15     16.64   0.18  0.0300
  1.09      9     -374.29     39.76     23.14     16.63   0.18  0.0300
  1.09      9     -374.30     39.72     23.10     16.62   0.18  0.0300
  1.09      9     -374.27     39.66     23.04     16.63   0.18  0.0300
  1.09     10     -374.29     39.62     22.98     16.64   0.18  0.0300
  1.09     10     -374.29     39.61     22.96     16.65   0.18  0.0300
  1.09     10     -374.29     39.52     22.87     16.64   0.18  0.0300
  1.09     10     -374.28     39.56     22.92     16.64   0.18  0.0300
