  1.10      0     -378.49     36.80     22.34     14.46   0.18  0.0300
  1.10      0     -377.42     35.97     20.19     15.78   0.15  0.0300
  1.10      0     -377.70     36.26     20.77     15.49   0.15  0.0300
  1.10      0     -376.21     36.79     20.65     16.14   0.13  0.0300
  1.10      0     -374.94     36.84     21.26     15.58   0.13  0.0300
  1.10      0     -375.09     36.75     21.30     15.46   0.13  0.0300
  1.10      0     -374.54     36.15     20.74     15.41   0.13  0.0300
  1.10      0     -374.96     36.88     21.50     15.38   0.14  0.0300
  1.10      0     -374.95     36.67     21.44     15.22   0.14  0.0300
  1.10      1     -375.54     36.93     21.99     14.95   0.15  0.0300
  1.10      1     -375.84     36.87     21.91     14.96   0.15  0.0300
  1.10      1     -375.97     37.12     22.27     14.85   0.15  0.0300
  1.10      1     -375.41     37.10     22.18     14.92   0.14  0.0300
  1.10      1     -375.39     37.33     22.54     14.79   0.15  0.0300
  1.10      1     -375.53     37.66     22.88     14.78   0.15  0.0300
  1.10      1     -375.76     37.83     23.01     14.81   0.16  0.0300
  1.10      1     -375.54     37.67     22.71     14.96   0.16  0.0300
  1.10      1     -375.71     37.66     22.74     14.93   0.16  0.0300
  1.10      1     -375.61     37.34     22.36     14.97   0.16  0.0300
  1.10      2     -375.84     37.50     22.58     14.93   0.16  0.0300
  1.10      2     -375.61     37.25     22.23     15.03   0.15  0.0300
  1.10      2     -375.58     37.63     22.61     15.03   0.16  0.0300
  1.10      2     -375.55     37.55     22.44     15.11   0.15  0.0300
  1.10      2     -375.52     37.43     22.26     15.17   0.15  0.0300
  1.10      2     -375.49     37.65     22.54     15.11   0.15  0.0300
  1.10      2     -375.36     37.69     22.48     15.20   0.15  0.0300
  1.10      2     -375.27     37.53     22.31     15.22   0.15  0.0300
  1.10      2     -375.26     37.70     22.55     15.15   0.15  0.0300
  1.10      2     -375.47     37.71     22.58     15.13   0.16  0.0300
  1.10      3     -375.47     37.61     22.42     15.19   0.15  0.0300
  1.10      3     -375.48     37.61     22.43     15.18   0.15  0.0300
  1.10      3     -375.45     37.54     22.34     15.20   0.15  0.0300
  1.10      3     -375.44     37.38     22.19     15.19   0.15  0.0300
  1.10      3     -375.50     37.14     21.95     15.18   0.15  0.0300
  1.10      3     -375.51     37.15     21.94     15.21   0.15  0.0300
  1.10      3     -375.59     37.31     22.09     15.22   0.15  0.0300
  1.10      3     -375.51     37.00     21.77     15.24   0.15  0.0300
  1.10      3     -375.58     37.28     22.07     15.22   0.15  0.0300
  1.10      3     -375.62     37.43     22.21     15.22   0.15  0.0300
  1.10      4     -375.57     37.72     22.53     15.19   0.16  0.0300
  1.10      4     -375.57     37.65     22.46     15.19   0.16  0.0300
  1.10      4     -375.47     37.46     22.21     15.25   0.15  0.0300
  1.10      4     -375.42     37.26     21.99     15.27   0.15  0.0300
  1.10      4     -375.49     37.00     21.77     15.23   0.15  0.0300
  1.10      4     -375.54     36.68     21.46     15.21   0.15  0.0300
  1.10      4     -375.53     36.51     21.27     15.24   0.15  0.0300
  1.10      4     -375.49     36.45     21.17     15.28   0.14  0.0300
  1.10      4     -375.47     36.55     21.25     15.30   0.15  0.0300
  1.10      4     -375.44     36.66     21.37     15.29   0.15  0.0300
  1.10      5     -375.48     36.69     21.42     15.28   0.15  0.0300
  1.10      5     -375.51     36.73     21.41     15.32   0.15  0.0300
  1.10      5     -375.48     36.73     21.42     15.31   0.15  0.0300
  1.10      5     -375.47     36.64     21.33     15.31   0.15  0.0300
  1.10      5     -375.36     36.50     21.14     15.36   0.14  0.0300
  1.10      5     -375.36     36.47     21.12     15.35   0.15  0.0300
  1.10      5     -375.22     36.48     21.07     15.40   0.14  0.0300
  1.10      5     -375.24     36.44     21.07     15.37   0.14  0.0300
  1.10      5     -375.26     36.34     20.98     15.35   0.14  0.0300
  1.10      5     -375.23     36.15     20.77     15.38   0.14  0.0300
  1.10      6     -375.15     36.03     20.67     15.36   0.14  0.0300
  1.10      6     -375.19     35.75     20.37     15.37   0.14  0.0300
  1.10      6     -375.22     35.95     20.61     15.34   0.14  0.0300
  1.10      6     -375.24     36.03     20.72     15.31   0.14  0.0300
  1.10      6     -375.20     36.11     20.78     15.33   0.14  0.0300
  1.10      6     -375.16     36.12     20.75     15.37   0.14  0.0300
  1.10      6     -375.21     36.26     20.91     15.35   0.14  0.0300
  1.10      6     -375.19     36.35     20.97     15.38   0.15  0.0300
  1.10      6     -375.21     36.43     21.05     15.37   0.15  0.0300
  1.10      6     -375.25     36.40     21.05     15.35   0.15  0.0300
  1.10      7     -375.24     36.47     21.12     15.35   0.15  0.0300
  1.10      7     -375.24     36.60     21.26     15.34   0.15  0.0300
  1.10      7     -375.25     36.40     21.07     15.33   0.15  0.0300
  1.10      7     -375.30     36.47     21.15     15.32   0.15  0.0300
  1.10      7     -375.19     36.43     21.07     15.36   0.15  0.0300
  1.10      7     -375.22     36.50     21.16     15.34   0.15  0.0300
  1.10      7     -375.24     36.44     21.10     15.33   0.15  0.0300
  1.10      7     -375.26     36.50     21.17     15.33   0.15  0.0300
  1.10      7     -375.27     36.51     21.20     15.32   0.15  0.0300
  1.10      7     -375.28     36.50     21.18     15.32   0.15  0.0300
  1.10      8     -375.23     36.28     20.94     15.35   0.15  0.0300
  1.10      8     -375.20     36.09     20.74     15.35   0.14  0.0300
  1.10      8     -375.21     35.99     20.62     15.37   0.14  0.0300
  1.10      8     -375.19     36.11     20.75     15.36   0.15  0.0300
  1.10      8     -375.20     36.10     20.76     15.34   0.15  0.0300
  1.10      8     -375.23     36.17     20.86     15.31   0.15  0.0300
  1.10      8     -375.25     36.30     21.01     15.29   0.15  0.0300
  1.10      8     -375.24     36.34     21.04     15.30   0.15  0.0300
  1.10      8     -375.24     36.41     21.10     15.32   0.15  0.0300
  1.10      8     -375.21     36.53     21.23     15.31   0.15  0.0300
  1.10      9     -375.20     36.58     21.25     15.33   0.15  0.0300
  1.10      9     -375.21     36.75     21.41     15.34   0.16  0.0300
  1.10      9     -375.25     36.96     21.63     15.33   0.16  0.0300
  1.10      9     -375.23     36.99     21.65     15.34   0.16  0.0300
  1.10      9     -375.25     37.13     21.80     15.33   0.17  0.0300
  1.10      9     -375.22     37.08     21.74     15.34   0.17  0.0300
  1.10      9     -375.20     36.90     21.56     15.35   0.16  0.0300
  1.10      9     -375.18     36.92     21.57     15.35   0.16  0.0300
  1.10      9     -375.14     36.90     21.53     15.37   0.16  0.0300
  1.10      9     -375.18     37.00     21.62     15.38   0.16  0.0300
  1.10     10     -375.15     37.06     21.67     15.39   0.16  0.0300
  1.10     10     -375.18     37.16     21.81     15.36   0.17  0.0300
  1.10     10     -375.19     37.14     21.78     15.36   0.17  0.0300
  1.10     10     -375.15     37.09     21.73     15.36   0.16  0.0300
