  1.15      0     -380.65     31.22     22.33      8.89   0.16  0.0300
  1.15      0     -380.23     32.53     22.93      9.60   0.15  0.0300
  1.15      0     -379.30     30.23     19.57     10.66   0.14  0.0300
  1.15      0     -376.82     30.22     19.78     10.43   0.15  0.0300
  1.15      0     -376.98     29.62     19.89      9.73   0.13  0.0300
  1.15      0     -375.66     29.47     19.85      9.62   0.12  0.0300
  1.15      0     -376.09     29.97     20.30      9.67   0.12  0.0300
  1.15      0     -376.37     30.60     20.59     10.01   0.13  0.0300
  1.15      0     -376.15     30.68     20.48     10.20   0.13  0.0300
  1.15      1     -376.42     30.95     20.67     10.28   0.13  0.0300
  1.15      1     -376.63     30.98     20.63     10.34   0.13  0.0300
  1.15      1     -377.12     31.05     20.80     10.25   0.14  0.0300
  1.15      1     -377.10     30.35     20.20     10.15   0.13  0.0300
  1.15      1     -377.38     30.35     20.28     10.07   0.13  0.0300
  1.15      1     -377.59     30.29     20.24     10.05   0.13  0.0300
  1.15      1     -377.52     30.28     20.13     10.15   0.13  0.0300
  1.15      1     -377.51     30.30     20.17     10.13   0.13  0.0300
  1.15      1     -377.72     30.47     20.34     10.13   0.13  0.0300
  1.15      1     -377.83     30.36     20.31     10.05   0.13  0.0300
  1.15      2     -378.06     30.46     20.43     10.03   0.13  0.0300
  1.15      2     -378.15     30.57     20.55     10.02   0.13  0.0300
  1.15      2     -378.14     30.43     20.48      9.96   0.13  0.0300
  1.15      2     -378.05     30.31     20.42      9.90   0.13  0.0300
  1.15      2     -378.21     30.28     20.39      9.89   0.13  0.0300
  1.15      2     -378.32     30.32     20.49      9.83   0.13  0.0300
  1.15      2     -378.45     29.95     20.09      9.86   0.13  0.0300
  1.15      2     -378.56     30.26     20.46      9.80   0.13  0.0300
  1.15      2     -378.71     30.39     20.69      9.70   0.13  0.0300
  1.15      2     -378.66     30.25     20.57      9.68   0.13  0.0300
  1.15      3     -378.59     30.40     20.72      9.69   0.14  0.0300
  1.15      3     -378.58     30.15     20.44      9.71   0.13  0.0300
  1.15      3     -378.56     30.28     20.61      9.68   0.14  0.0300
  1.15      3     -378.54     30.11     20.45      9.66   0.13  0.0300
  1.15      3     -378.53     30.28     20.62      9.66   0.13  0.0300
  1.15      3     -378.52     30.19     20.58      9.61   0.13  0.0300
  1.15      3     -378.58     29.98     20.38      9.61   0.13  0.0300
  1.15      3     -378.56     30.28     20.65      9.63   0.14  0.0300
  1.15      3     -378.61     30.30     20.62      9.67   0.14  0.0300
  1.15      3     -378.60     30.06     20.39      9.67   0.14  0.0300
  1.15      4     -378.64     30.11     20.43      9.68   0.14  0.0300
  1.15      4     -378.66     30.12     20.47      9.65   0.14  0.0300
  1.15      4     -378.67     30.12     20.48      9.64   0.14  0.0300
  1.15      4     -378.76     30.09     20.48      9.62   0.14  0.0300
  1.15      4     -378.79     30.15     20.54      9.61   0.14  0.0300
  1.15      4     -378.79     30.19     20.59      9.60   0.14  0.0300
  1.15      4     -378.82     30.54     20.98      9.56   0.15  0.0300
  1.15      4     -378.89     30.76     21.26      9.51   0.15  0.0300
  1.15      4     -378.95     30.91     21.46      9.45   0.15  0.0300
  1.15      4     -378.91     30.80     21.34      9.46   0.15  0.0300
  1.15      5     -378.91     30.88     21.44      9.44   0.15  0.0300
  1.15      5     -378.88     31.01     21.56      9.45   0.14  0.0300
  1.15      5     -378.81     30.86     21.38      9.48   0.14  0.0300
  1.15      5     -378.83     30.55     21.07      9.48   0.14  0.0300
  1.15      5     -378.85     30.49     21.02      9.47   0.14  0.0300
  1.15      5     -378.81     30.57     21.11      9.46   0.14  0.0300
  1.15      5     -378.75     30.44     20.97      9.47   0.14  0.0300
  1.15      5     -378.75     30.26     20.77      9.49   0.14  0.0300
  1.15      5     -378.72     30.11     20.61      9.51   0.14  0.0300
  1.15      5     -378.78     30.23     20.74      9.48   0.14  0.0300
  1.15      6     -378.71     30.13     20.63      9.51   0.14  0.0300
  1.15      6     -378.72     30.20     20.69      9.50   0.14  0.0300
  1.15      6     -378.71     30.05     20.52      9.53   0.14  0.0300
  1.15      6     -378.71     29.95     20.41      9.54   0.14  0.0300
  1.15      6     -378.78     29.77     20.24      9.53   0.14  0.0300
  1.15      6     -378.77     29.53     20.00      9.53   0.13  0.0300
  1.15      6     -378.75     29.32     19.77      9.55   0.13  0.0300
  1.15      6     -378.73     29.37     19.83      9.54   0.13  0.0300
  1.15      6     -378.67     29.43     19.87      9.56   0.13  0.0300
  1.15      6     -378.71     29.42     19.86      9.56   0.14  0.0300
  1.15      7     -378.75     29.53     19.97      9.55   0.13  0.0300
  1.15      7     -378.75     29.46     19.92      9.54   0.13  0.0300
  1.15      7     -378.80     29.50     19.98      9.52   0.13  0.0300
  1.15      7     -378.79     29.42     19.89      9.53   0.13  0.0300
  1.15      7     -378.78     29.43     19.89      9.54   0.13  0.0300
  1.15      7     -378.77     29.40     19.85      9.55   0.13  0.0300
  1.15      7     -378.78     29.28     19.74      9.54   0.13  0.0300
  1.15      7     -378.80     29.22     19.67      9.55   0.13  0.0300
  1.15      7     -378.80     29.34     19.79      9.55   0.13  0.0300
  1.15      7     -378.82     29.48     19.95      9.53   0.13  0.0300
  1.15      8     -378.90     29.50     19.97      9.53   0.13  0.0300
  1.15      8     -378.85     29.55     20.01      9.54   0.13  0.0300
  1.15      8     -378.85     29.66     20.15      9.51   0.13  0.0300
  1.15      8     -378.87     29.68     20.17      9.51   0.13  0.0300
  1.15      8     -378.83     29.68     20.17      9.51   0.13  0.0300
  1.15      8     -378.81     29.73     20.21      9.51   0.13  0.0300
  1.15      8     -378.82     29.65     20.14      9.51   0.13  0.0300
  1.15      8     -378.79     29.62     20.12      9.50   0.13  0.0300
  1.15      8     -378.78     29.61     20.11      9.51   0.13  0.0300
  1.15      8     -378.79     29.52     20.00      9.52   0.13  0.0300
  1.15      9     -378.82     29.45     19.93      9.52   0.13  0.0300
  1.15      9     -378.78     29.26     19.74      9.52   0.13  0.0300
  1.15      9     -378.76     29.31     19.79      9.52   0.13  0.0300
  1.15      9     -378.77     29.46     19.96      9.50   0.13  0.0300
  1.15      9     -378.81     29.46     19.96      9.50   0.13  0.0300
  1.15      9     -378.82     29.47     19.96      9.51   0.13  0.0300
  1.15      9     -378.80     29.41     19.88      9.53   0.13  0.0300
  1.15      9     -378.81     29.51     19.99      9.52   0.13  0.0300
  1.15      9     -378.84     29.66     20.14      9.52   0.13  0.0300
  1.15      9     -378.85     29.86     20.35      9.51   0.13  0.0300
  1.15     10     -378.83     29.93     20.42      9.51   0.13  0.0300
  1.15     10     -378.81     29.95     20.43      9.52   0.13  0.0300
  1.15     10     -378.81     29.85     20.31      9.54   0.13  0.0300
  1.15     10     -378.80     29.81     20.28      9.53   0.13  0.0300
