  1.20      0     -375.87     17.81     15.80      2.01   0.07  0.0300
  1.20      0     -376.77     21.05     18.78      2.26   0.08  0.0300
  1.20      0     -379.04     20.01     17.94      2.06   0.08  0.0300
  1.20      0     -379.21     20.76     17.96      2.80   0.08  0.0300
  1.20      0     -379.11     21.26     17.63      3.63   0.08  0.0300
  1.20      0     -379.82     21.76     17.40      4.37   0.08  0.0300
  1.20      0     -379.78     22.01     17.43      4.58   0.09  0.0300
  1.20      0     -379.46     21.92     17.40      4.51   0.08  0.0300
  1.20      0     -380.31     21.65     17.61      4.04   0.08  0.0300
  1.20      1     -380.00     22.22     18.25      3.97   0.09  0.0300
  1.20      1     -380.24     22.40     18.29      4.11   0.09  0.0300
  1.20      1     -380.12     22.58     18.41      4.17   0.09  0.0300
  1.20      1     -380.40     22.58     18.25      4.33   0.08  0.0300
  1.20      1     -380.66     22.70     18.45      4.25   0.09  0.0300
  1.20      1     -380.34     23.02     18.77      4.25   0.09  0.0300
  1.20      1     -380.36     22.64     18.35      4.29   0.09  0.0300
  1.20      1     -380.17     22.91     18.55      4.36   0.08  0.0300
  1.20      1     -379.95     22.99     18.52      4.47   0.09  0.0300
  1.20      1     -380.19     22.74     18.32      4.42   0.09  0.0300
  1.20      2     -380.23     22.81     18.26      4.55   0.09  0.0300
  1.20      2     -380.14     22.85     18.35      4.50   0.08  0.0300
  1.20      2     -380.15     22.67     18.13      4.54   0.09  0.0300
  1.20      2     -380.34     22.89     18.41      4.47   0.09  0.0300
  1.20      2     -380.37     22.66     18.14      4.52   0.08  0.0300
  1.20      2     -380.30     22.83     18.30      4.54   0.08  0.0300
  1.20      2     -380.48     22.98     18.40      4.58   0.09  0.0300
  1.20      2     -380.53     22.88     18.26      4.61   0.08  0.0300
  1.20      2     -380.59     22.84     18.26      4.58   0.09  0.0300
  1.20      2     -380.63     22.83     18.25      4.58   0.09  0.0300
  1.20      3     -380.68     22.88     18.33      4.55   0.08  0.0300
  1.20      3     -380.69     22.74     18.26      4.48   0.08  0.0300
  1.20      3     -380.68     22.69     18.17      4.52   0.08  0.0300
  1.20      3     -380.76     22.71     18.18      4.53   0.09  0.0300
  1.20      3     -380.76     22.73     18.16      4.57   0.09  0.0300
  1.20      3     -380.80     22.63     18.04      4.59   0.09  0.0300
  1.20      3     -380.81     22.68     18.08      4.60   0.09  0.0300
  1.20      3     -380.84     22.94     18.31      4.62   0.09  0.0300
  1.20      3     -380.81     22.87     18.23      4.64   0.09  0.0300
  1.20      3     -380.87     22.73     18.06      4.67   0.09  0.0300
  1.20      4     -380.79     22.75     18.05      4.71   0.09  0.0300
  1.20      4     -380.76     22.73     17.99      4.74   0.09  0.0300
  1.20      4     -380.74     22.77     18.04      4.73   0.09  0.0300
  1.20      4     -380.76     22.64     17.92      4.73   0.09  0.0300
  1.20      4     -380.79     22.74     18.01      4.73   0.09  0.0300
  1.20      4     -380.82     22.57     17.83      4.74   0.09  0.0300
  1.20      4     -380.84     22.64     17.93      4.72   0.09  0.0300
  1.20      4     -380.82     22.52     17.79      4.73   0.09  0.0300
  1.20      4     -380.83     22.48     17.75      4.74   0.09  0.0300
  1.20      4     -380.77     22.46     17.71      4.75   0.10  0.0300
  1.20      5     -380.77     22.41     17.64      4.78   0.09  0.0300
  1.20      5     -380.75     22.35     17.57      4.77   0.09  0.0300
  1.20      5     -380.73     22.25     17.47      4.78   0.09  0.0300
  1.20      5     -380.66     22.44     17.66      4.78   0.09  0.0300
  1.20      5     -380.67     22.39     17.63      4.77   0.09  0.0300
  1.20      5     -380.72     22.28     17.48      4.80   0.09  0.0300
  1.20      5     -380.75     22.08     17.26      4.82   0.09  0.0300
  1.20      5     -380.74     21.85     17.01      4.84   0.09  0.0300
  1.20      5     -380.75     21.74     16.90      4.84   0.09  0.0300
  1.20      5     -380.75     21.74     16.91      4.82   0.09  0.0300
  1.20      6     -380.77     21.74     16.92      4.83   0.09  0.0300
  1.20      6     -380.77     21.81     16.97      4.84   0.09  0.0300
  1.20      6     -380.73     21.99     17.13      4.86   0.09  0.0300
  1.20      6     -380.74     21.85     16.98      4.87   0.09  0.0300
  1.20      6     -380.78     21.73     16.87      4.86   0.09  0.0300
  1.20      6     -380.80     21.64     16.76      4.88   0.09  0.0300
  1.20      6     -380.83     21.55     16.65      4.89   0.09  0.0300
  1.20      6     -380.81     21.66     16.77      4.89   0.09  0.0300
  1.20      6     -380.82     21.58     16.68      4.90   0.09  0.0300
  1.20      6     -380.79     21.60     16.69      4.91   0.09  0.0300
  1.20      7     -380.79     21.67     16.76      4.91   0.09  0.0300
  1.20      7     -380.78     21.71     16.79      4.92   0.09  0.0300
  1.20      7     -380.81     21.77     16.85      4.93   0.09  0.0300
  1.20      7     -380.82     21.80     16.85      4.95   0.09  0.0300
  1.20      7     -380.85     21.85     16.92      4.93   0.09  0.0300
  1.20      7     -380.83     21.94     17.00      4.94   0.09  0.0300
  1.20      7     -380.83     22.15     17.22      4.93   0.09  0.0300
  1.20      7     -380.81     21.98     17.05      4.93   0.09  0.0300
  1.20      7     -380.84     22.03     17.12      4.91   0.09  0.0300
  1.20      7     -380.82     22.13     17.22      4.91   0.09  0.0300
  1.20      8     -380.77     22.11     17.18      4.93   0.09  0.0300
  1.20      8     -380.78     22.07     17.16      4.91   0.09  0.0300
  1.20      8     -380.74     22.11     17.17      4.93   0.09  0.0300
  1.20      8     -380.71     22.06     17.12      4.94   0.09  0.0300
  1.20      8     -380.69     22.01     17.06      4.94   0.09  0.0300
  1.20      8     -380.64     22.18     17.24      4.94   0.09  0.0300
  1.20      8     -380.68     22.13     17.17      4.95   0.09  0.0300
  1.20      8     -380.71     22.09     17.13      4.96   0.09  0.0300
  1.20      8     -380.69     22.04     17.07      4.97   0.09  0.0300
  1.20      8     -380.67     22.09     17.10      4.98   0.09  0.0300
  1.20      9     -380.61     22.07     17.08      4.99   0.09  0.0300
  1.20      9     -380.62     22.04     17.03      5.00   0.09  0.0300
  1.20      9     -380.60     22.10     17.09      5.01   0.09  0.0300
  1.20      9     -380.57     22.06     17.05      5.02   0.09  0.0300
  1.20      9     -380.56     22.05     17.02      5.03   0.09  0.0300
  1.20      9     -380.55     22.04     17.01      5.02   0.09  0.0300
  1.20      9     -380.52     22.15     17.13      5.02   0.09  0.0300
  1.20      9     -380.55     22.31     17.30      5.01   0.09  0.0300
  1.20      9     -380.56     22.24     17.24      5.00   0.09  0.0300
  1.20      9     -380.56     22.24     17.22      5.01   0.09  0.0300
  1.20     10     -380.57     22.13     17.11      5.01   0.09  0.0300
  1.20     10     -380.57     22.12     17.11      5.01   0.09  0.0300
  1.20     10     -380.56     22.05     17.02      5.02   0.09  0.0300
  1.20     10     -380.57     21.97     16.95      5.02   0.09  0.0300
