  1.30      0     -373.83      6.24      2.61      3.63   0.00  0.0300
  1.30      0     -373.09      6.74      3.98      2.76   0.00  0.0300
  1.30      0     -374.49      6.67      3.74      2.92   0.01  0.0300
  1.30      0     -373.84      7.32      4.07      3.25   0.01  0.0300
  1.30      0     -373.66      7.72      4.86      2.86   0.01  0.0300
  1.30      0     -373.67      7.84      4.97      2.87   0.01  0.0300
  1.30      0     -374.02      7.88      4.91      2.97   0.01  0.0300
  1.30      0     -373.80      8.27      5.50      2.76   0.01  0.0300
  1.30      0     -374.21      8.75      5.99      2.76   0.01  0.0300
  1.30      1     -374.20      9.01      6.54      2.47   0.01  0.0300
  1.30      1     -373.76      9.19      6.60      2.60   0.01  0.0300
  1.30      1     -374.41      9.55      7.00      2.55   0.01  0.0300
  1.30      1     -374.55      9.32      6.88      2.44   0.01  0.0300
  1.30      1     -374.73      9.34      6.82      2.52   0.01  0.0300
  1.30      1     -374.95      9.32      6.69      2.63   0.01  0.0300
  1.30      1     -375.08      9.20      6.65      2.55   0.01  0.0300
  1.30      1     -375.28      9.18      6.60      2.58   0.01  0.0300
  1.30      1     -375.63      9.08      6.54      2.54   0.01  0.0300
  1.30      1     -375.62      9.06      6.57      2.49   0.01  0.0300
  1.30      2     -375.29      8.90      6.40      2.50   0.01  0.0300
  1.30      2     -375.41      9.02      6.59      2.43   0.02  0.0300
  1.30      2     -375.60      9.03      6.51      2.52   0.01  0.0300
  1.30      2     -375.77      8.90      6.44      2.46   0.01  0.0300
  1.30      2     -375.83      8.88      6.45      2.43   0.01  0.0300
  1.30      2     -376.00      8.86      6.47      2.39   0.01  0.0300
  1.30      2     -375.94      8.95      6.55      2.39   0.01  0.0300
  1.30      2     -375.90      8.85      6.44      2.41   0.02  0.0300
  1.30      2     -375.90      8.77      6.35      2.42   0.01  0.0300
  1.30      2     -375.89      8.67      6.24      2.43   0.01  0.0300
  1.30      3     -375.94      8.56      6.12      2.44   0.01  0.0300
  1.30      3     -375.97      8.48      5.95      2.53   0.01  0.0300
  1.30      3     -375.97      8.51      5.97      2.54   0.01  0.0300
  1.30      3     -376.10      8.47      5.96      2.52   0.01  0.0300
  1.30      3     -376.17      8.65      6.14      2.51   0.01  0.0300
  1.30      3     -376.22      8.62      6.08      2.54   0.02  0.0300
  1.30      3     -376.27      8.63      6.09      2.54   0.02  0.0300
  1.30      3     -376.19      8.60      6.08      2.52   0.02  0.0300
  1.30      3     -376.15      8.52      6.02      2.51   0.02  0.0300
  1.30      3     -376.13      8.44      5.91      2.53   0.02  0.0300
  1.30      4     -376.15      8.45      5.90      2.56   0.02  0.0300
  1.30      4     -376.15      8.45      5.88      2.57   0.02  0.0300
  1.30      4     -376.09      8.59      6.02      2.57   0.01  0.0300
  1.30      4     -376.11      8.54      5.98      2.56   0.01  0.0300
  1.30      4     -376.13      8.42      5.86      2.56   0.01  0.0300
  1.30      4     -376.20      8.54      6.01      2.53   0.01  0.0300
  1.30      4     -376.18      8.57      6.02      2.55   0.01  0.0300
  1.30      4     -376.21      8.67      6.12      2.54   0.01  0.0300
  1.30      4     -376.21      8.57      6.02      2.55   0.01  0.0300
  1.30      4     -376.22      8.58      6.03      2.55   0.01  0.0300
  1.30      5     -376.24      8.69      6.15      2.54   0.02  0.0300
  1.30      5     -376.27      8.68      6.14      2.55   0.01  0.0300
  1.30      5     -376.32      8.65      6.11      2.55   0.01  0.0300
  1.30      5     -376.32      8.63      6.08      2.55   0.01  0.0300
  1.30      5     -376.32      8.71      6.15      2.56   0.01  0.0300
  1.30      5     -376.40      8.59      6.04      2.56   0.01  0.0300
  1.30      5     -376.42      8.64      6.10      2.55   0.01  0.0300
  1.30      5     -376.45      8.69      6.14      2.55   0.01  0.0300
  1.30      5     -376.45      8.79      6.23      2.56   0.01  0.0300
  1.30      5     -376.40      8.73      6.16      2.57   0.01  0.0300
  1.30      6     -376.47      8.70      6.13      2.58   0.01  0.0300
  1.30      6     -376.48      8.80      6.24      2.56   0.01  0.0300
  1.30      6     -376.51      8.84      6.29      2.55   0.01  0.0300
  1.30      6     -376.52      8.79      6.23      2.56   0.01  0.0300
  1.30      6     -376.57      8.86      6.30      2.56   0.01  0.0300
  1.30      6     -376.58      8.86      6.31      2.55   0.01  0.0300
  1.30      6     -376.56      8.89      6.34      2.55   0.01  0.0300
  1.30      6     -376.58      8.86      6.32      2.54   0.01  0.0300
  1.30      6     -376.55      8.95      6.40      2.54   0.01  0.0300
  1.30      6     -376.55      8.92      6.38      2.54   0.01  0.0300
  1.30      7     -376.57      8.97      6.43      2.54   0.01  0.0300
  1.30      7     -376.56      8.94      6.40      2.54   0.01  0.0300
  1.30      7     -376.54      8.93      6.38      2.55   0.01  0.0300
  1.30      7     -376.56      8.92      6.36      2.56   0.01  0.0300
  1.30      7     -376.55      8.88      6.32      2.56   0.01  0.0300
  1.30      7     -376.54      8.86      6.29      2.57   0.01  0.0300
  1.30      7     -376.57      8.86      6.28      2.58   0.01  0.0300
  1.30      7     -376.57      8.93      6.35      2.59   0.01  0.0300
  1.30      7     -376.55      8.91      6.31      2.60   0.01  0.0300
  1.30      7     -376.53      8.88      6.28      2.60   0.01  0.0300
  1.30      8     -376.50      8.89      6.28      2.61   0.01  0.0300
  1.30      8     -376.52      8.87      6.25      2.62   0.01  0.0300
  1.30      8     -376.51      8.90      6.28      2.62   0.01  0.0300
  1.30      8     -376.54      8.89      6.27      2.61   0.01  0.0300
  1.30      8     -376.57      8.91      6.29      2.61   0.01  0.0300
  1.30      8     -376.53      8.92      6.31      2.61   0.01  0.0300
  1.30      8     -376.55      8.98      6.37      2.61   0.01  0.0300
  1.30      8     -376.55      9.04      6.42      2.62   0.01  0.0300
  1.30      8     -376.53      9.08      6.46      2.62   0.01  0.0300
  1.30      8     -376.55      9.04      6.42      2.62   0.01  0.0300
  1.30      9     -376.54      9.00      6.38      2.62   0.01  0.0300
  1.30      9     -376.55      9.00      6.37      2.63   0.01  0.0300
  1.30      9     -376.56      9.03      6.40      2.63   0.01  0.0300
  1.30      9     -376.54      8.99      6.36      2.63   0.01  0.0300
  1.30      9     -376.53      9.01      6.37      2.64   0.01  0.0300
  1.30      9     -376.53      8.97      6.33      2.64   0.01  0.0300
  1.30      9     -376.53      9.00      6.36      2.64   0.01  0.0300
  1.30      9     -376.55      9.05      6.42      2.63   0.01  0.0300
  1.30      9     -376.54      9.04      6.41      2.63   0.01  0.0300
  1.30      9     -376.51      9.04      6.40      2.64   0.01  0.0300
  1.30     10     -376.51      9.10      6.46      2.64   0.01  0.0300
  1.30     10     -376.51      9.14      6.50      2.64   0.01  0.0300
  1.30     10     -376.51      9.16      6.52      2.64   0.01  0.0300
  1.30     10     -376.53      9.14      6.49      2.65   0.01  0.0300
