 1.00  -0.357766E+03 -0.125270E+03 -0.918188E+02 -0.334514E+02
 1.00  -0.356598E+03  0.119089E+03  0.848108E+02  0.342787E+02
 1.08  -0.373460E+03  0.410263E+02  0.232618E+02  0.177645E+02
 1.06  -0.370635E+03  0.453850E+02  0.241951E+02  0.211900E+02
 1.05  -0.368696E+03  0.477665E+02  0.252080E+02  0.225586E+02
 1.07  -0.371941E+03  0.440849E+02  0.245999E+02  0.194850E+02
 1.09  -0.374570E+03  0.410855E+02  0.245110E+02  0.165744E+02
 1.10  -0.375480E+03  0.366946E+02  0.214194E+02  0.152752E+02
 1.15  -0.378907E+03  0.308845E+02  0.214407E+02  0.944381E+01
 1.20  -0.380770E+03  0.224133E+02  0.176371E+02  0.477623E+01
 1.30  -0.376239E+03  0.869036E+01  0.614624E+01  0.254413E+01
 1.50  -0.370211E+03  0.376801E+01  0.253842E+01  0.122959E+01
 ****  -0.363578E+03 -0.113112E+02 -0.653354E+01 -0.477764E+01
 2.50  -0.355918E+03  0.690526E+00  0.370749E+00  0.319777E+00
 1.00  -0.356650E+03 -0.122593E+03 -0.885976E+02 -0.339953E+02
 1.08  -0.373729E+03  0.416329E+02  0.239174E+02  0.177154E+02
 1.00  -0.356555E+03  0.122931E+03  0.888238E+02  0.341078E+02
 1.09  -0.374288E+03  0.396210E+02  0.229831E+02  0.166378E+02
 1.15  -0.378828E+03  0.299256E+02  0.204154E+02  0.951013E+01
 1.20  -0.380569E+03  0.221276E+02  0.171134E+02  0.501427E+01
 1.10  -0.375150E+03  0.370572E+02  0.216715E+02  0.153858E+02
 1.05  -0.369006E+03  0.531132E+02  0.304756E+02  0.226377E+02
 1.07  -0.371938E+03  0.442309E+02  0.248959E+02  0.193350E+02
 1.06  -0.370620E+03  0.478813E+02  0.269180E+02  0.209634E+02
 1.50  -0.370098E+03  0.431489E+01  0.304077E+01  0.127412E+01
 1.30  -0.376511E+03  0.910116E+01  0.645648E+01  0.264469E+01
 ****  -0.363281E+03 -0.114950E+02 -0.715826E+01 -0.433672E+01
 2.50  -0.356319E+03  0.748365E+00  0.584976E+00  0.163388E+00
