 160,  4.1200749079701824
    31  -0.502743E+03 -0.397058E+01 -0.331390E+01 -0.656687E+00  0.148
     0.559910    3.000000   -2.041592    0.251742   -0.157895
     0.559910    3.000000   -1.079259   -5.438466   -0.278041
     0.559910    3.000000    4.516431    0.682051    0.049450
     0.559910    3.000000    2.079720    3.191291   -0.653347
     0.559910    3.000000   -0.299172    0.402460   -0.630226
     0.559910    3.000000   -2.713164   -4.898013    6.890054
     0.559910    3.000000   -0.247072    0.163487   -6.200613
     0.559910    3.000000   -0.591370    1.281330    0.664776
     0.559910    3.000000    0.065734    2.503237    0.789256
     0.559910    3.000000   -0.507626   -2.145003    0.207467
     0.559910    3.000000   -3.273358    0.566055   -5.980371
     0.559910    3.000000   -0.010232    2.179838    2.218187
     0.559910    3.000000    0.226334   -3.818611    0.418867
     0.559910    3.000000   -8.210108   -0.002654    5.925643
     0.559910    3.000000   -4.166203    0.982535    8.031818
     0.559910    3.000000    3.329029   -1.332060   -6.263901
     0.559910    3.000000    2.197716    1.446640    2.496290
     0.559910    3.000000    7.217766    6.428279    0.655040
     0.559910    3.000000    3.740578   -2.300294    1.239661
     0.559910    3.000000    5.047880    2.902535   -1.712455
     0.559910    3.000000    7.389164    2.823951   -7.602638
     0.559910    3.000000    5.970804   -6.991879    6.783637
     0.559910    3.000000    1.407892    0.805534   -0.775141
     0.559910    3.000000   -3.419879   -7.673596    5.101354
     0.559910    3.000000    8.013120   -6.244462    3.353213
     0.559910    3.000000   -1.781150   -0.490035   -2.477537
     0.559910    3.000000   -7.906033    1.383906   -3.503714
     0.559910    3.000000    7.172640    6.957066   -4.438221
     0.559910    3.000000    2.663955    6.709016    7.154535
     0.559910    3.000000    2.845780   -2.797580   -3.483442
     0.559910    3.000000    8.099171    4.036144   -3.966287
     0.559910    3.000000   -0.613055   -0.007374   -2.298028
     0.559910    3.000000    0.118100   -0.216984    0.350026
     0.559910    3.000000   -7.682682    6.141414   -4.501430
     0.559910    3.000000   -2.574265   -1.647718   -1.508757
     0.559910    3.000000   -4.834555   -6.375654   -5.691252
     0.559910    3.000000   -0.197994    5.223309    4.572076
     0.559910    3.000000    0.346752   -2.056195   -1.286021
     0.559910    3.000000   -4.071476    6.020754    0.828719
     0.559910    3.000000   -1.606548    2.436890   -4.238424
     0.559910    3.000000    1.487807   -0.513484    1.596270
     0.559910    3.000000   -2.366160   -6.218520    3.502364
     0.559910    3.000000   -4.407071    2.793735    6.178240
     0.559910    3.000000    5.595773    7.548234    3.193800
     0.559910    3.000000    1.799093   -0.720423    0.094102
     0.559910    3.000000    3.715190   -7.543425   -5.453512
     0.559910    3.000000   -3.535013    1.773590   -6.404491
     0.559910    3.000000   -2.518440    2.311066    2.660551
     0.559910    3.000000    2.721212    1.121543    0.753632
     0.559910    3.000000   -4.484510    0.271646   -0.963575
     0.559910   -1.000000    2.864688    2.335460    0.223479
     0.559910   -1.000000   -2.981620    1.254842   -3.757240
     0.559910   -1.000000    0.647814   -2.830328   -0.160773
     0.559910   -1.000000   -7.806652    0.893371   -7.097597
     0.559910   -1.000000    4.116684    0.964069   -0.433476
     0.559910   -1.000000    2.493412    7.715324   -6.428398
     0.559910   -1.000000   -6.421468   -0.670900    5.839860
     0.559910   -1.000000    0.082996    1.456420   -2.694516
     0.559910   -1.000000   -1.608491   -5.548358   -7.615642
     0.559910   -1.000000    7.710981   -3.673127    4.513862
     0.559910   -1.000000    4.340870   -7.589614   -5.240896
     0.559910   -1.000000   -2.251630    2.750073    2.382639
     0.559910   -1.000000    7.882291   -7.815925    7.102828
     0.559910   -1.000000    2.559841    6.218961    6.844902
     0.559910   -1.000000   -3.163944    1.274691   -8.098509
     0.559910   -1.000000   -0.734979    0.015298   -5.871934
     0.559910   -1.000000   -5.331018    0.529034   -0.766395
     0.559910   -1.000000   -3.369524    1.375603   -4.372940
     0.559910   -1.000000    2.777610    4.344088   -1.010229
     0.559910   -1.000000   -8.193954    0.672123    2.045157
     0.559910   -1.000000    7.672161    6.160797   -3.731823
     0.559910   -1.000000    4.803867    7.650487   -0.175969
     0.559910   -1.000000    0.895362    3.262162   -3.423435
     0.559910   -1.000000    8.210164   -6.683634   -5.397759
     0.559910   -1.000000   -5.412590    3.473742    3.943413
     0.559910   -1.000000   -1.570627   -7.535113    2.104344
     0.559910   -1.000000    5.940958   -2.219677    4.366121
     0.559910   -1.000000    3.638461   -4.005762   -4.736330
     0.559910   -1.000000   -1.393890    2.713241   -7.680543
     0.559910   -1.000000    2.835697   -2.281702   -2.518090
     0.559910   -1.000000   -5.912951   -1.465619   -5.295727
     0.559910   -1.000000   -7.022048    5.002775    4.135688
     0.559910   -1.000000    7.301026    3.484371   -3.602334
     0.559910   -1.000000    6.400906    5.640621   -0.320710
     0.559910   -1.000000    7.824549    0.957752   -2.983803
     0.559910   -1.000000   -7.298984   -2.592428   -6.767683
     0.559910   -1.000000    3.331085   -4.470935   -3.415107
     0.559910   -1.000000   -3.194923   -6.214018   -4.837047
     0.559910   -1.000000   -3.808762    5.294749    1.278788
     0.559910   -1.000000    7.021122   -5.478207    7.783228
     0.559910   -1.000000   -0.873891    1.025751   -1.739160
     0.559910   -1.000000   -1.698935   -0.146809   -6.866296
     0.559910   -1.000000   -0.668953    3.112412   -4.417652
     0.559910   -1.000000    1.618170   -3.186958   -1.072794
     0.559910   -1.000000    4.994537    5.955109    7.162711
     0.559910   -1.000000   -5.826870    6.845911    0.901128
     0.559910   -1.000000   -2.029920   -0.452714   -5.322968
     0.559910   -1.000000    2.487437    0.932819   -6.639159
     0.559910   -1.000000    4.631184   -6.938032    7.351081
     0.559910   -1.000000   -8.006457    2.468080   -1.659772
     0.559910   -1.000000    6.721826   -6.560379   -4.984615
     0.559910   -1.000000   -3.103131    2.482273   -1.743898
     0.559910   -1.000000   -6.927735    0.136230    7.696299
     0.559910   -1.000000   -4.499651    0.852621   -7.389834
     0.559910   -1.000000    6.628331   -1.710145    3.098142
     0.559910   -1.000000   -3.917508    2.127118   -5.804444
     0.559910   -1.000000    5.402103   -7.165994    6.826222
     0.559910   -1.000000    1.251774   -1.192040    1.066585
     0.559910   -1.000000   -7.518339    6.984736    4.746947
     0.559910   -1.000000   -3.464911    3.451117    3.826128
     0.559910   -1.000000    3.276779    4.194315    8.123424
     0.559910   -1.000000    7.924297    2.350472   -4.325279
     0.559910   -1.000000    5.706045    8.209331    3.976992
     0.559910   -1.000000    4.017968   -1.906056   -3.774945
     0.559910   -1.000000    7.079067    7.196976    1.178146
     0.559910   -1.000000    6.351393    6.729627   -4.281505
     0.559910   -1.000000   -3.866136    2.016836    7.425834
     0.559910   -1.000000   -4.156014   -6.765460    3.873574
     0.559910   -1.000000   -2.845001   -8.150831    4.798375
     0.559910   -1.000000    3.851405    3.781433   -2.355726
     0.559910   -1.000000    7.359558   -6.953028   -5.346746
     0.559910   -1.000000   -0.203809   -1.204669    2.575174
     0.559910   -1.000000    0.616868    5.619816    4.125304
     0.559910   -1.000000   -2.314799   -4.059823    6.800533
     0.559910   -1.000000   -5.608189    4.528669   -6.557374
     0.559910   -1.000000    1.546392   -1.167334   -0.496547
     0.559910   -1.000000   -5.118212   -5.952124   -4.004520
     0.559910   -1.000000    1.995663   -3.034739   -2.389639
     0.559910   -1.000000   -3.817699    6.914575   -0.987459
     0.559910   -1.000000    5.534619   -5.169454    4.586913
     0.559910   -1.000000   -2.950902   -5.608887    7.242134
     0.559910   -1.000000   -0.105350   -4.361069   -0.378292
     0.559910   -1.000000    6.876929    2.592891   -7.422802
     0.559910   -1.000000   -2.353944    3.647956    6.389922
     0.559910   -1.000000   -5.773931    4.673299    0.571518
     0.559910   -1.000000    0.778194    2.212908   -1.370518
     0.559910   -1.000000    8.234934    5.136821   -3.444693
     0.559910   -1.000000    2.869279    1.448492   -0.055209
     0.559910   -1.000000   -6.407660   -3.321933   -2.072580
     0.559910   -1.000000    6.507776   -6.504086   -0.915313
     0.559910   -1.000000    0.477806    6.052071    0.575179
     0.559910   -1.000000    7.457712    5.371470   -6.818307
     0.559910   -1.000000   -4.142564   -7.436301    5.017191
     0.559910   -1.000000   -0.080795   -4.943311    0.929018
     0.559910   -1.000000    4.397194   -3.551650   -6.046278
     0.559910   -1.000000   -4.142836    7.214627    0.424134
     0.559910   -1.000000    0.597642    3.912095   -6.496614
     0.559910   -1.000000   -3.849950   -6.269894    2.923391
     0.559910   -1.000000    6.403143    6.925941    3.151267
     0.559910   -1.000000    7.588086    7.473351   -0.087920
     0.559910   -1.000000   -7.625475    0.908482   -3.699522
     0.559910   -1.000000    5.220630    7.807540   -1.157165
     0.559910   -1.000000    2.277629   -7.470511   -4.617042
     0.559910   -1.000000    6.819817    1.184631    3.139139
     0.559910   -1.000000    4.277347   -2.271926    0.845444
     0.559910   -1.000000    2.611605    3.065545   -0.781957
     0.559910   -1.000000    5.239859    1.727650   -4.000979
     0.559910   -1.000000    1.727515    5.332804    5.659109
     0.559910   -1.000000   -1.383421   -2.232963    3.912070
     0.559910   -1.000000   -7.451101   -4.166874    2.509582
     2.799552  -20.000000    1.050609    1.050609    1.050609
     2.799552  -20.000000   -1.050609   -1.050609   -1.050609
