 160,  2.7589652210130211
    31  -0.583653E+03 -0.431662E+01 -0.380422E+01 -0.512399E+00  0.187
     0.500000    3.000000   -7.206650    2.380577   -4.375977
     0.500000    3.000000   -1.946025   -4.791041   -1.714400
     0.500000    3.000000    7.018126   -3.537976   -3.241414
     0.500000    3.000000    5.633207    5.614772    2.961013
     0.500000    3.000000    2.912077    5.968739    1.465952
     0.500000    3.000000    5.169811   -3.427163    1.346689
     0.500000    3.000000    5.325427   -2.346591    3.074258
     0.500000    3.000000    2.125542    0.140825    1.494012
     0.500000    3.000000   -0.131649    1.842440    0.342907
     0.500000    3.000000   -2.206112   -1.612377   -0.470370
     0.500000    3.000000   -2.544545   -0.986141   -1.473915
     0.500000    3.000000    3.564715   -3.473124   -4.558724
     0.500000    3.000000   -4.981308    2.979396   -0.524197
     0.500000    3.000000   -2.248856    2.586815    6.988902
     0.500000    3.000000    1.541294    4.432885   -3.309216
     0.500000    3.000000   -1.891090    0.208966   -0.660510
     0.500000    3.000000    0.756400    1.113840   -0.545869
     0.500000    3.000000   -4.546569    2.553045   -5.596774
     0.500000    3.000000    0.176469    1.891761   -4.488276
     0.500000    3.000000   -1.822438   -2.979682   -2.996161
     0.500000    3.000000   -0.926754    0.129434    0.253499
     0.500000    3.000000   -0.626283   -1.533456    0.425455
     0.500000    3.000000    2.555811    3.620210   -5.560357
     0.500000    3.000000    2.658628    6.314286    6.683010
     0.500000    3.000000   -2.658583    5.988039    4.936382
     0.500000    3.000000    3.538972    0.324638    5.387424
     0.500000    3.000000   -1.776353   -3.259783    5.338263
     0.500000    3.000000    2.335685   -7.043587   -6.702884
     0.500000    3.000000   -1.498277   -2.837186    0.960404
     0.500000    3.000000    2.624111   -4.525792   -5.214435
     0.500000    3.000000    2.021479    1.923849    0.581719
     0.500000    3.000000    0.776889    1.678741    2.254624
     0.500000    3.000000   -3.673688    1.882436    3.086145
     0.500000    3.000000   -6.319568   -6.704152    2.973554
     0.500000    3.000000    6.397143    3.455330    0.596443
     0.500000    3.000000    5.271670   -0.816694   -4.119846
     0.500000    3.000000   -5.644162    3.028339    4.276997
     0.500000    3.000000   -0.106398    0.269217   -1.259890
     0.500000    3.000000   -2.867943   -6.085458   -3.396484
     0.500000    3.000000   -4.279496   -3.889408    1.690528
     0.500000    3.000000   -2.528453   -0.457609   -2.968570
     0.500000    3.000000   -6.973149    6.422216   -1.955858
     0.500000    3.000000    6.125463    5.020619    6.705096
     0.500000    3.000000    2.576273   -2.156692   -2.616084
     0.500000    3.000000    0.361913   -1.318984   -1.748950
     0.500000    3.000000    1.050667   -0.007641    2.136864
     0.500000    3.000000   -4.449785   -2.294593   -4.888020
     0.500000    3.000000   -0.303010   -2.280402   -1.308679
     0.500000    3.000000   -4.276164    1.850560    5.971110
     0.500000    3.000000    0.686212   -0.541038    0.633362
     0.500000   -1.000000   -0.107708   -6.509955    0.202014
     0.500000   -1.000000   -4.088649   -1.496429    3.052002
     0.500000   -1.000000   -3.254896    0.853467    4.402897
     0.500000   -1.000000    6.658266    6.564188   -2.264286
     0.500000   -1.000000    0.283027    3.235980    2.380070
     0.500000   -1.000000    6.394998    2.510664    7.115838
     0.500000   -1.000000   -2.277498   -4.306482   -1.389405
     0.500000   -1.000000   -4.942490    2.185197   -5.789287
     0.500000   -1.000000    3.467745    1.387717   -2.978660
     0.500000   -1.000000    3.576207    0.862615    5.275031
     0.500000   -1.000000   -5.557507    2.610905    4.980257
     0.500000   -1.000000    6.330350   -4.813865    4.203705
     0.500000   -1.000000   -6.616944    2.850579   -3.878858
     0.500000   -1.000000   -0.166732   -3.330525   -2.467865
     0.500000   -1.000000   -6.593846    0.456054    2.397731
     0.500000   -1.000000   -3.767631    1.385654    6.208544
     0.500000   -1.000000   -5.221838   -2.895808   -4.476869
     0.500000   -1.000000   -6.731290    1.895547    4.526329
     0.500000   -1.000000   -1.521795   -2.065152   -3.540799
     0.500000   -1.000000    6.126428    5.124380   -7.094514
     0.500000   -1.000000    0.028343   -6.562903    0.951917
     0.500000   -1.000000   -3.196189    5.557561    1.643508
     0.500000   -1.000000   -2.189531   -1.838946    0.159441
     0.500000   -1.000000    2.358298   -4.613720   -4.302998
     0.500000   -1.000000   -3.293517    0.415090   -3.354192
     0.500000   -1.000000   -2.593656    0.379933   -1.219226
     0.500000   -1.000000   -4.534390   -3.586559    2.352265
     0.500000   -1.000000    6.187354    1.861890   -5.139979
     0.500000   -1.000000   -3.086825    7.086574   -4.562401
     0.500000   -1.000000    2.202189    5.672923    6.011362
     0.500000   -1.000000    4.321047   -6.640375    6.202040
     0.500000   -1.000000    3.304615    1.096454   -1.287694
     0.500000   -1.000000    5.662373    5.083591    3.094783
     0.500000   -1.000000   -3.562890    1.997403    4.968339
     0.500000   -1.000000    5.958743   -2.764165   -3.316885
     0.500000   -1.000000    3.864721    6.779271    4.479726
     0.500000   -1.000000    3.403115   -6.836709   -6.933805
     0.500000   -1.000000   -3.351647   -0.558804   -2.866322
     0.500000   -1.000000    4.315009    4.690194   -2.888681
     0.500000   -1.000000    5.735234   -4.184069   -0.532302
     0.500000   -1.000000    3.587796   -4.475530   -2.856232
     0.500000   -1.000000    0.378243    1.186955   -0.895527
     0.500000   -1.000000    0.337486    1.456860   -4.940182
     0.500000   -1.000000   -5.036248    2.051231    4.532554
     0.500000   -1.000000   -3.117668   -0.763914   -1.813723
     0.500000   -1.000000    0.290449   -6.920931   -4.174903
     0.500000   -1.000000    7.206605   -6.392231    0.574430
     0.500000   -1.000000   -6.312494   -5.694343    5.500359
     0.500000   -1.000000   -1.742091   -3.724920   -1.402635
     0.500000   -1.000000   -4.342840   -2.200598   -4.284560
     0.500000   -1.000000   -4.442874    1.834971   -3.937804
     0.500000   -1.000000    5.367197    5.959717    1.637965
     0.500000   -1.000000    0.326435   -0.843076    0.364847
     0.500000   -1.000000    4.748243   -0.754152   -4.139357
     0.500000   -1.000000    4.843481   -5.906879   -6.478924
     0.500000   -1.000000    7.309948    5.952255   -3.180136
     0.500000   -1.000000   -2.553361   -5.261724   -3.944736
     0.500000   -1.000000   -5.080769    1.930843    5.697715
     0.500000   -1.000000   -4.444463    3.371782   -0.937957
     0.500000   -1.000000   -2.131360   -1.396911    1.103721
     0.500000   -1.000000    3.047526   -3.575916   -4.457691
     0.500000   -1.000000   -6.332261    7.308526    3.308339
     0.500000   -1.000000   -5.662262    2.289955    2.995535
     0.500000   -1.000000    5.485617   -2.300965    2.491068
     0.500000   -1.000000    1.112637    3.107018   -6.197235
     0.500000   -1.000000   -4.761105    5.723189    7.294789
     0.500000   -1.000000    2.349391   -0.569512    4.751032
     0.500000   -1.000000   -3.614466    6.064389   -7.210306
     0.500000   -1.000000    2.966185    6.930077    1.080220
     0.500000   -1.000000   -1.966546   -3.715500    5.538723
     0.500000   -1.000000   -0.194801   -1.873455   -3.269079
     0.500000   -1.000000   -3.227567    2.817282   -4.714073
     0.500000   -1.000000    3.078273    0.186873   -6.689922
     0.500000   -1.000000    3.974000   -2.674325    1.419928
     0.500000   -1.000000   -3.159169    0.198596    1.301310
     0.500000   -1.000000    5.873605    2.861731   -0.004848
     0.500000   -1.000000   -3.721452   -4.923977   -2.930674
     0.500000   -1.000000   -1.282671    1.082960   -4.047838
     0.500000   -1.000000    1.533627    0.253989   -3.496060
     0.500000   -1.000000   -2.434175   -4.112111    0.914311
     0.500000   -1.000000    1.063290   -3.912854   -5.860650
     0.500000   -1.000000    2.647341   -4.853142   -4.825114
     0.500000   -1.000000   -2.473945    4.821266    1.613585
     0.500000   -1.000000   -2.049492    6.821497   -2.759107
     0.500000   -1.000000   -2.935723   -6.284313   -2.803400
     0.500000   -1.000000   -3.806513   -2.228733    6.061951
     0.500000   -1.000000    4.598627   -3.556562    3.726408
     0.500000   -1.000000   -2.216414    4.010396    6.712495
     0.500000   -1.000000   -6.038686    4.373799    4.476138
     0.500000   -1.000000   -2.983168    7.281333    2.354593
     0.500000   -1.000000   -2.027151    1.547331    6.806712
     0.500000   -1.000000   -1.762685   -5.466008   -2.666998
     0.500000   -1.000000    0.696410    4.768606    1.370964
     0.500000   -1.000000    2.192584    6.257795    6.982020
     0.500000   -1.000000    5.102935   -4.097866    1.432563
     0.500000   -1.000000   -6.578346    6.784911   -3.811631
     0.500000   -1.000000    7.165925   -3.795921   -2.319050
     0.500000   -1.000000    0.947552    6.943488   -7.284584
     0.500000   -1.000000    2.967494    2.919743    7.090611
     0.500000   -1.000000   -6.708475    3.801947    0.064066
     0.500000   -1.000000    3.418864   -3.212995   -5.195119
     0.500000   -1.000000    5.739267    5.096196    6.301182
     0.500000   -1.000000   -4.151284    1.611719    6.632489
     0.500000   -1.000000   -2.310457    6.407550    5.365982
     0.500000   -1.000000   -4.515965   -3.108670    1.818622
     0.500000   -1.000000    6.651457   -0.080952   -4.061991
     0.500000   -1.000000    2.513883    4.333423   -5.100485
     0.500000   -1.000000   -2.383054    6.433671   -4.862030
     0.500000   -1.000000   -3.333291   -1.316669   -3.799442
     0.500000   -1.000000   -3.449271    0.710686   -4.466012
     2.500000  -20.000000    0.938194    0.938194    0.938194
     2.500000  -20.000000   -0.938194   -0.938194   -0.938194
