 160,  1.1911742911788898
    32  -0.787691E+03 -0.801822E+01 -0.829836E+01  0.280141E+00  0.303
     0.400000    3.000000   -0.140231   -1.560868   -1.463639
     0.400000    3.000000    0.035084   -1.459432   -0.165012
     0.400000    3.000000   -1.974911   -0.959026   -0.852796
     0.400000    3.000000   -0.179510    1.104355    0.041910
     0.400000    3.000000   -1.926825    4.141282   -0.712224
     0.400000    3.000000    2.878001   -4.745419   -3.901618
     0.400000    3.000000   -5.481677    3.779445   -1.669379
     0.400000    3.000000    4.382235   -4.306235    4.557248
     0.400000    3.000000    1.146172   -4.274500    3.990900
     0.400000    3.000000   -0.934892    2.664056    5.533233
     0.400000    3.000000   -5.248487   -1.395192    1.130088
     0.400000    3.000000   -4.404408    1.727257    3.218736
     0.400000    3.000000   -3.813990    5.900751    3.207807
     0.400000    3.000000   -1.179480    0.357746   -1.071537
     0.400000    3.000000   -2.864013   -4.351245    4.325738
     0.400000    3.000000    0.730156    0.543357    1.944840
     0.400000    3.000000   -5.396893    0.530085    0.896414
     0.400000    3.000000    0.957033    2.118547    0.620018
     0.400000    3.000000   -0.163866    0.862040    1.699211
     0.400000    3.000000   -1.420073   -0.582040    0.327930
     0.400000    3.000000   -1.680225    4.845997   -4.413184
     0.400000    3.000000   -0.555187   -5.430135   -5.411319
     0.400000    3.000000    0.331531    0.074850   -0.777652
     0.400000    3.000000    3.394539   -2.278647   -4.582153
     0.400000    3.000000    1.999879    1.939943    4.535168
     0.400000    3.000000    3.093688    5.731768   -3.322724
     0.400000    3.000000    5.499756   -5.824995    4.682776
     0.400000    3.000000   -1.484031    0.029115   -3.956347
     0.400000    3.000000    0.554852    1.727086   -3.296890
     0.400000    3.000000   -0.887614   -1.656489    0.090913
     0.400000    3.000000   -5.626776   -0.447401   -5.388610
     0.400000    3.000000    2.260586   -5.387515   -5.372254
     0.400000    3.000000    3.884570    3.821508    0.164378
     0.400000    3.000000   -4.470381    2.060555    1.038943
     0.400000    3.000000   -1.505262   -1.026418   -1.759806
     0.400000    3.000000    0.846669   -4.572575    1.057062
     0.400000    3.000000   -5.647891   -5.593594   -1.677701
     0.400000    3.000000    1.103584   -1.594745   -5.347794
     0.400000    3.000000    0.953503    0.184316   -0.313471
     0.400000    3.000000    1.109616   -0.249160    1.323220
     0.400000    3.000000    3.561854    5.273074    4.801269
     0.400000    3.000000   -4.626768    0.154438   -3.167210
     0.400000    3.000000    1.436724   -5.232336    2.694710
     0.400000    3.000000   -2.242432    4.172428    3.825900
     0.400000    3.000000   -0.144638    0.009546    0.187168
     0.400000    3.000000    2.913814    5.126411   -1.617886
     0.400000    3.000000    1.325522   -4.027841    0.285207
     0.400000    3.000000    1.655038    1.190737    0.043046
     0.400000    3.000000    3.478110   -1.286486   -1.608734
     0.400000    3.000000    1.955580    0.993678    1.066651
     0.400000   -1.000000    1.320375    0.972386   -0.519964
     0.400000   -1.000000    2.860679    0.970081    1.580706
     0.400000   -1.000000    1.967537   -5.461708   -0.090589
     0.400000   -1.000000   -5.247069   -1.807387    2.358430
     0.400000   -1.000000    1.935492    1.011486   -3.733302
     0.400000   -1.000000   -2.101278    1.096277    2.879517
     0.400000   -1.000000    5.428370   -5.708312    5.494918
     0.400000   -1.000000   -2.335479   -2.803900    4.036648
     0.400000   -1.000000    3.259798   -5.867002    3.941779
     0.400000   -1.000000    3.564366   -5.730613   -3.466116
     0.400000   -1.000000    0.982177    3.131717    0.916641
     0.400000   -1.000000   -5.325142    4.088929   -1.371619
     0.400000   -1.000000   -4.817057   -2.773765   -5.780492
     0.400000   -1.000000   -4.793783   -4.648863   -2.409836
     0.400000   -1.000000    3.023924   -4.013091   -1.629092
     0.400000   -1.000000    3.779903    3.589283   -0.361099
     0.400000   -1.000000    3.248705   -2.612050   -4.752349
     0.400000   -1.000000    5.565990   -5.008248   -1.979340
     0.400000   -1.000000   -1.312575   -0.409480    0.698598
     0.400000   -1.000000    5.744792    0.841794    0.777059
     0.400000   -1.000000   -0.259270    2.669291    4.510423
     0.400000   -1.000000   -3.100700   -4.459992    3.947265
     0.400000   -1.000000    5.834075    2.559975   -2.072446
     0.400000   -1.000000   -3.617702   -5.175867   -3.429493
     0.400000   -1.000000    2.884336    5.476559   -3.552583
     0.400000   -1.000000   -4.196859   -3.457808   -0.748039
     0.400000   -1.000000    0.316830   -2.913327   -2.787132
     0.400000   -1.000000    0.465167   -2.471170   -5.426499
     0.400000   -1.000000    5.770769   -5.251259   -3.911672
     0.400000   -1.000000    1.231863   -1.777000   -5.744033
     0.400000   -1.000000   -3.743670   -4.303811    2.427860
     0.400000   -1.000000   -3.590410    1.789130   -0.231382
     0.400000   -1.000000   -3.744163   -1.630961   -2.490183
     0.400000   -1.000000    0.760719   -1.642971   -0.595999
     0.400000   -1.000000    2.667804   -5.609921   -5.539936
     0.400000   -1.000000   -0.261816   -1.063675   -5.056829
     0.400000   -1.000000   -4.134717    2.119495    1.712436
     0.400000   -1.000000   -1.384126    4.590088   -4.508382
     0.400000   -1.000000   -2.533971   -0.538783    0.201369
     0.400000   -1.000000    5.671337   -5.845503    4.292260
     0.400000   -1.000000    0.764539   -1.717995    1.786421
     0.400000   -1.000000   -2.248055    0.140654   -3.542644
     0.400000   -1.000000   -0.009716   -5.649929   -4.438828
     0.400000   -1.000000   -5.000069    3.304523    0.604605
     0.400000   -1.000000    3.981410    5.103623    4.936407
     0.400000   -1.000000   -1.401342    3.077074    5.530426
     0.400000   -1.000000   -2.354302    4.572931    3.710812
     0.400000   -1.000000    0.445259   -0.688631    4.514937
     0.400000   -1.000000   -4.605962    0.310273   -3.546990
     0.400000   -1.000000    3.739172   -3.300567    5.426035
     0.400000   -1.000000    3.510592    3.708207    0.283898
     0.400000   -1.000000    2.494595   -4.707154   -3.772140
     0.400000   -1.000000    0.095038    1.749451   -3.300857
     0.400000   -1.000000   -4.523171    1.731126    2.782036
     0.400000   -1.000000   -0.667800   -5.016176   -5.010834
     0.400000   -1.000000    4.398147   -4.726516    4.421392
     0.400000   -1.000000   -1.645622   -4.669644    3.392184
     0.400000   -1.000000   -5.384885   -0.782751   -5.016221
     0.400000   -1.000000    3.745499   -1.650403   -3.943511
     0.400000   -1.000000   -1.659204    5.033963   -1.667712
     0.400000   -1.000000   -5.582135   -0.503683    0.593424
     0.400000   -1.000000    3.986358    0.147049    3.497898
     0.400000   -1.000000    0.522953   -2.595179    1.744817
     0.400000   -1.000000    3.298806   -4.641985   -3.905389
     0.400000   -1.000000    1.541992   -4.024624    4.612933
     0.400000   -1.000000   -0.146256    3.798747   -1.909184
     0.400000   -1.000000    0.473898    1.633746   -2.876912
     0.400000   -1.000000    1.496141   -4.847175    2.598674
     0.400000   -1.000000   -5.209853    4.059371   -1.896694
     0.400000   -1.000000    1.197706   -4.336728    0.971983
     0.400000   -1.000000    2.451079    1.675477   -4.775958
     0.400000   -1.000000    3.978683    3.008328   -0.118851
     0.400000   -1.000000    3.231321   -0.077942   -4.305288
     0.400000   -1.000000    1.525222    1.807531    4.544049
     0.400000   -1.000000   -1.174403    5.879044   -4.748922
     0.400000   -1.000000    2.410686    2.166399    4.628943
     0.400000   -1.000000    2.274092   -5.060901    1.540680
     0.400000   -1.000000    2.781676   -2.988517    2.308115
     0.400000   -1.000000   -2.403114    3.020097   -1.919966
     0.400000   -1.000000    3.363247    5.074128   -1.690482
     0.400000   -1.000000   -5.138746   -1.588128    0.780881
     0.400000   -1.000000    3.557382   -1.288215   -2.030549
     0.400000   -1.000000   -0.132655    0.770781   -2.363645
     0.400000   -1.000000    2.730258   -0.791842   -3.776550
     0.400000   -1.000000    1.867325   -4.608275   -0.763718
     0.400000   -1.000000   -4.834507   -1.589559    1.353495
     0.400000   -1.000000   -1.061108    3.560193   -4.498170
     0.400000   -1.000000    3.458936   -0.832517   -1.607574
     0.400000   -1.000000    1.376435   -5.486994   -4.222325
     0.400000   -1.000000    0.370480   -5.347694    4.879693
     0.400000   -1.000000   -4.100018    2.224076    1.151221
     0.400000   -1.000000   -2.593685   -3.989183    4.492742
     0.400000   -1.000000   -4.637888   -0.756106    0.138030
     0.400000   -1.000000    2.432971    5.454812    4.497303
     0.400000   -1.000000    5.399562   -3.299917    4.721243
     0.400000   -1.000000   -1.910510    4.343210    4.093644
     0.400000   -1.000000   -4.446267    2.290355    4.137634
     0.400000   -1.000000    4.963445    3.335197   -1.095890
     0.400000   -1.000000   -5.563574    0.291526    3.540895
     0.400000   -1.000000    1.985599    5.598124   -4.976063
     0.400000   -1.000000   -3.983308    2.595726   -5.248910
     0.400000   -1.000000    5.452444    5.762152    3.642617
     0.400000   -1.000000   -2.543972    2.932194    0.349544
     0.400000   -1.000000   -4.752321   -0.330945   -2.881131
     0.400000   -1.000000    3.266491    4.183955   -2.105352
     0.400000   -1.000000    1.749603    3.675206   -2.961680
     0.400000   -1.000000    0.470807    1.297963    2.662463
     0.400000   -1.000000   -5.251764    5.261651    3.304985
     0.400000   -1.000000   -2.190386    4.879484    2.351712
     0.400000   -1.000000    1.048669   -5.026703    2.952949
     2.000000  -20.000000    0.750555    0.750555    0.750555
     2.000000  -20.000000   -0.750555   -0.750555   -0.750555
