 160,  0.23690703455589607
    32  -0.137465E+04 -0.127584E+02 -0.158671E+02  0.310865E+01  0.696
     0.266667    3.000000   -3.897415    0.825514    2.360781
     0.266667    3.000000   -0.237924    0.349279    0.775260
     0.266667    3.000000   -0.209319    3.619357   -1.777941
     0.266667    3.000000    1.020186    0.629984    1.163057
     0.266667    3.000000    0.911345   -0.131488    0.016139
     0.266667    3.000000    3.671581    2.488609    0.312609
     0.266667    3.000000   -2.755116    1.692499   -0.832613
     0.266667    3.000000    0.274790   -0.725119   -0.303498
     0.266667    3.000000   -1.388665   -0.156776   -2.886887
     0.266667    3.000000   -0.823308   -2.633242    0.115832
     0.266667    3.000000    3.606938    0.671094   -3.749142
     0.266667    3.000000    0.636970    0.113022    1.204113
     0.266667    3.000000    2.401805    0.491136   -3.755234
     0.266667    3.000000   -0.716616    3.907979   -1.455734
     0.266667    3.000000   -3.238410    2.300565    2.034895
     0.266667    3.000000    1.324045   -2.253900    0.254180
     0.266667    3.000000   -1.097901   -0.527194    3.417227
     0.266667    3.000000   -3.375652   -0.643493   -1.540560
     0.266667    3.000000    0.233726    0.976023   -0.129961
     0.266667    3.000000    0.175501   -1.676337   -3.576147
     0.266667    3.000000    3.862515   -1.096821   -1.179396
     0.266667    3.000000   -2.422012    2.462986   -0.397867
     0.266667    3.000000   -1.035390    0.106835   -0.403721
     0.266667    3.000000   -2.027717    2.564207   -1.605814
     0.266667    3.000000    2.207541    2.033688   -0.566253
     0.266667    3.000000    0.105136   -0.411847   -1.020375
     0.266667    3.000000    2.490770    2.630492    2.121214
     0.266667    3.000000    3.623106    1.641722    3.111898
     0.266667    3.000000    0.007509   -0.087611    0.003141
     0.266667    3.000000   -0.493794   -0.957269   -1.176523
     0.266667    3.000000    2.558541   -0.487536    2.392648
     0.266667    3.000000    0.231751    1.198398    0.865460
     0.266667    3.000000    0.887162    0.583799   -0.200031
     0.266667    3.000000    3.674009    3.813054   -3.164584
     0.266667    3.000000    0.341671   -3.919824    1.006941
     0.266667    3.000000    1.089863   -0.596947   -1.832548
     0.266667    3.000000   -1.210392   -0.444313   -0.013939
     0.266667    3.000000   -3.292084   -3.231206   -0.143750
     0.266667    3.000000    1.358857    1.291327    0.836563
     0.266667    3.000000    3.326788   -2.062084   -2.500429
     0.266667    3.000000   -0.528762   -0.354284    0.293179
     0.266667    3.000000   -0.266392   -0.867970    0.172855
     0.266667    3.000000    1.069610    2.483190   -2.132329
     0.266667    3.000000    1.338159    0.293202    0.386689
     0.266667    3.000000    2.404363    1.119476   -3.108948
     0.266667    3.000000   -1.838073   -1.444403    2.525535
     0.266667    3.000000    3.755485   -3.177809    1.786707
     0.266667    3.000000    0.400294   -0.241800    0.785590
     0.266667    3.000000   -0.826441   -1.229145   -0.437837
     0.266667    3.000000   -1.023873   -0.400473   -1.099502
     0.266667   -1.000000   -3.144143    2.179720    2.283690
     0.266667   -1.000000   -0.573404   -0.232355    0.560605
     0.266667   -1.000000    0.629975   -0.380185   -1.807022
     0.266667   -1.000000   -1.860155    1.096264    3.518227
     0.266667   -1.000000   -1.111836   -0.571215   -1.287308
     0.266667   -1.000000    0.795843   -3.136129   -2.220692
     0.266667   -1.000000   -0.472884   -1.281773    2.613738
     0.266667   -1.000000    1.631503   -2.178978    0.418839
     0.266667   -1.000000    1.103006   -1.221140    2.882649
     0.266667   -1.000000    2.429742    2.774905    1.897487
     0.266667   -1.000000   -2.939085    2.795194    2.152838
     0.266667   -1.000000   -0.396904   -0.630196    0.289907
     0.266667   -1.000000    2.858216   -2.305971    0.121907
     0.266667   -1.000000    0.639065   -0.419845    0.068616
     0.266667   -1.000000   -0.627071   -3.081031   -0.729337
     0.266667   -1.000000   -2.736020    1.719105   -1.104144
     0.266667   -1.000000    2.860165    0.357866   -3.907656
     0.266667   -1.000000   -2.282593   -2.642511    2.674928
     0.266667   -1.000000    2.180329    3.193709    2.988552
     0.266667   -1.000000    1.503501   -3.789646    3.154042
     0.266667   -1.000000    3.200821    1.772523   -0.974596
     0.266667   -1.000000   -2.060360    2.591875   -1.337918
     0.266667   -1.000000   -2.150052    0.263524   -2.920368
     0.266667   -1.000000    3.505082    1.921430    3.097381
     0.266667   -1.000000   -2.187397    0.566091    1.212167
     0.266667   -1.000000   -0.616712   -2.797494    0.290510
     0.266667   -1.000000   -2.134312   -1.585843    2.681735
     0.266667   -1.000000    3.768501   -0.945803   -0.923908
     0.266667   -1.000000   -3.017484    1.482204   -0.584741
     0.266667   -1.000000   -3.270888    2.025286    1.810547
     0.266667   -1.000000   -0.749330    3.654567   -1.225575
     0.266667   -1.000000   -2.490711    0.152481    1.900555
     0.266667   -1.000000   -1.654727   -0.272413   -2.783504
     0.266667   -1.000000   -0.102629    3.783095   -1.588997
     0.266667   -1.000000    2.915061   -1.378543    1.761943
     0.266667   -1.000000   -1.213986    0.433858   -2.539327
     0.266667   -1.000000    3.490933   -2.367500   -2.654243
     0.266667   -1.000000   -0.827686   -2.359126    0.182116
     0.266667   -1.000000   -0.821296   -1.110610   -3.194520
     0.266667   -1.000000    3.694313    2.325558    0.522801
     0.266667   -1.000000    2.001393    3.017787    0.560256
     0.266667   -1.000000    2.745561    1.150229   -3.238289
     0.266667   -1.000000    1.964841    0.874072   -0.789752
     0.266667   -1.000000    2.082616    0.968756   -3.038709
     0.266667   -1.000000   -3.815550    2.532499    0.320101
     0.266667   -1.000000   -3.642669    1.660518    2.824423
     0.266667   -1.000000   -1.305810   -2.515216   -0.084864
     0.266667   -1.000000    2.021926   -1.505538   -1.176350
     0.266667   -1.000000   -2.027875    2.305848   -1.715482
     0.266667   -1.000000   -1.472336   -0.165805    1.190351
     0.266667   -1.000000   -0.416600    3.684436   -1.938145
     0.266667   -1.000000   -1.582403   -0.735583   -0.523999
     0.266667   -1.000000    0.224837    3.865953    0.694041
     0.266667   -1.000000   -3.740349    0.998439    2.210227
     0.266667   -1.000000   -1.431891   -0.314636   -0.092966
     0.266667   -1.000000   -0.857257   -0.670142    3.419772
     0.266667   -1.000000   -3.540764   -3.389415   -0.304851
     0.266667   -1.000000    2.459573    0.838290   -3.243425
     0.266667   -1.000000    0.755182   -3.611699    1.266975
     0.266667   -1.000000    3.851258    0.616307    2.537380
     0.266667   -1.000000   -0.748655   -3.886894   -1.744456
     0.266667   -1.000000    2.561633   -0.244549    2.260049
     0.266667   -1.000000    3.187361   -1.107825   -1.421305
     0.266667   -1.000000    0.792923    1.554481   -1.798857
     0.266667   -1.000000    3.759785    3.865877   -3.457413
     0.266667   -1.000000    1.314285    1.479699    0.627918
     0.266667   -1.000000    3.870952    0.633468   -3.736370
     0.266667   -1.000000    1.369934   -3.122238    2.441536
     0.266667   -1.000000    1.016309    0.534796   -0.542250
     0.266667   -1.000000    3.496428    0.853506    3.941164
     0.266667   -1.000000    1.315947    0.543950    1.275909
     0.266667   -1.000000   -0.863194   -2.475741    2.897411
     0.266667   -1.000000    1.078764   -2.369930    0.267280
     0.266667   -1.000000   -3.353204   -2.867636    0.278915
     0.266667   -1.000000    1.055997   -0.913396   -1.698916
     0.266667   -1.000000   -1.191743   -2.963510   -3.368247
     0.266667   -1.000000    0.353634   -0.312692   -1.126243
     0.266667   -1.000000    2.313533    1.970981    0.117905
     0.266667   -1.000000    2.747361   -3.308150   -0.665449
     0.266667   -1.000000   -1.343973    2.539385   -1.880937
     0.266667   -1.000000   -2.688035    1.966424   -0.701429
     0.266667   -1.000000   -0.759153   -0.097760    3.381917
     0.266667   -1.000000    3.146275    3.090286   -2.944836
     0.266667   -1.000000    2.155625    2.530703   -2.953427
     0.266667   -1.000000    1.493128    0.049813   -0.217380
     0.266667   -1.000000    1.583316    0.276865    0.526146
     0.266667   -1.000000    3.611546   -3.288260    2.042847
     0.266667   -1.000000    1.953925    1.036000    0.792944
     0.266667   -1.000000    0.894227   -1.102552    0.000254
     0.266667   -1.000000   -3.858911   -1.472294   -0.988718
     0.266667   -1.000000    0.087232    1.118459   -0.901918
     0.266667   -1.000000    3.771312   -3.676661    3.470152
     0.266667   -1.000000    2.285338    0.347047   -3.552544
     0.266667   -1.000000   -0.492921    2.013914    0.993171
     0.266667   -1.000000    1.149267    2.388919   -1.889110
     0.266667   -1.000000    1.422953    1.143359    1.109467
     0.266667   -1.000000    2.366739    2.374287   -0.445800
     0.266667   -1.000000    0.091030   -3.657914    0.962494
     0.266667   -1.000000    3.890031   -3.074143    1.514574
     0.266667   -1.000000    0.018839   -1.508301   -3.734432
     0.266667   -1.000000    3.790532   -1.266273   -1.480930
     0.266667   -1.000000    3.885799    1.039395   -3.773138
     0.266667   -1.000000    1.293562   -1.843276   -2.233742
     0.266667   -1.000000   -2.963204   -1.148062   -0.861413
     0.266667   -1.000000   -3.842853   -0.889140   -1.179602
     0.266667   -1.000000    3.432406    2.755394    0.403218
     0.266667   -1.000000   -3.119877   -3.046657   -0.317430
     0.266667   -1.000000   -1.151222    0.036038    1.788981
     0.266667   -1.000000    0.398709   -0.946055    0.314509
     0.266667   -1.000000    3.345194    0.287643   -3.247388
     1.333333  -20.000000    0.500370    0.500370    0.500370
     1.333333  -20.000000   -0.500370   -0.500370   -0.500370
