 160,  8.6789485093435384E-2
    32  -0.203527E+04 -0.152395E+02 -0.193308E+02  0.409135E+01  1.259
     0.200000    3.000000   -1.564541    2.768956    1.127860
     0.200000    3.000000   -2.051537   -1.141638    0.568316
     0.200000    3.000000    2.438537   -2.851277   -2.063068
     0.200000    3.000000   -0.147653   -0.574692    0.153528
     0.200000    3.000000   -1.588114   -0.711025    2.445383
     0.200000    3.000000   -1.316639    0.195043   -1.892514
     0.200000    3.000000    0.178917    0.184931    0.952095
     0.200000    3.000000   -0.075883    0.018871    0.196820
     0.200000    3.000000   -0.386047   -0.978639   -0.370383
     0.200000    3.000000    2.058865    1.451524    1.686310
     0.200000    3.000000   -0.636865    1.508598   -2.810472
     0.200000    3.000000    1.775464   -1.474544    2.957872
     0.200000    3.000000    0.780493    0.799813    0.559455
     0.200000    3.000000   -0.886606   -0.411351   -0.044207
     0.200000    3.000000   -0.008338   -0.000344   -0.686938
     0.200000    3.000000   -2.193900    0.511723    2.284998
     0.200000    3.000000    0.507751   -1.507963   -2.887867
     0.200000    3.000000   -1.115858    2.519268    2.782961
     0.200000    3.000000   -0.208308    0.411224    0.549817
     0.200000    3.000000   -0.586853   -0.040039   -0.834176
     0.200000    3.000000    2.156647    1.504730   -0.519695
     0.200000    3.000000    0.196489   -0.203528    0.441218
     0.200000    3.000000    0.637561    0.485023    0.911544
     0.200000    3.000000    0.849171    2.830480   -0.219185
     0.200000    3.000000    0.193253   -0.573185   -0.390953
     0.200000    3.000000    1.293758    2.228855    0.728960
     0.200000    3.000000    0.708895    0.036385   -1.984215
     0.200000    3.000000   -0.180142   -0.856873   -0.019939
     0.200000    3.000000    0.602788    1.945126   -0.302138
     0.200000    3.000000    0.023049    2.343642    1.491227
     0.200000    3.000000    0.227887    0.585530    0.921713
     0.200000    3.000000   -2.816453    1.329121    0.249519
     0.200000    3.000000    0.269476    0.971765    0.449179
     0.200000    3.000000    2.554155    1.186335   -0.595738
     0.200000    3.000000    1.551122   -1.453802    2.039613
     0.200000    3.000000   -0.466257    0.193682   -0.158507
     0.200000    3.000000    2.667430   -1.235975   -0.486108
     0.200000    3.000000   -0.435157   -0.570708   -0.943764
     0.200000    3.000000   -2.381784    0.534343    2.833628
     0.200000    3.000000   -0.015182   -0.776806   -0.646595
     0.200000    3.000000    1.098956   -0.029282   -2.367816
     0.200000    3.000000    0.486804    0.403156   -0.252268
     0.200000    3.000000    0.927601    0.355512    0.130482
     0.200000    3.000000   -1.679856    1.343860   -1.704371
     0.200000    3.000000    1.927751   -2.344803    1.489045
     0.200000    3.000000    2.776748    2.304952   -0.317432
     0.200000    3.000000    0.114736    0.789935    0.010436
     0.200000    3.000000    0.790977    0.676133    0.035698
     0.200000    3.000000    0.716807   -0.086406    0.590573
     0.200000    3.000000   -0.931170   -0.495909   -0.592101
     0.200000   -1.000000   -0.529823   -0.426402   -1.048851
     0.200000   -1.000000    0.092040   -0.830197   -0.470375
     0.200000   -1.000000    1.425903   -1.485155    2.196999
     0.200000   -1.000000   -2.270803    0.358181    2.725458
     0.200000   -1.000000    0.531450   -1.445425    2.830320
     0.200000   -1.000000   -2.321856    1.106873    1.432246
     0.200000   -1.000000    0.190019    0.388703    0.960646
     0.200000   -1.000000    2.343830    1.833449   -0.541434
     0.200000   -1.000000    0.638110    2.028857   -0.117033
     0.200000   -1.000000   -1.690737    1.138089   -1.765218
     0.200000   -1.000000   -0.931445    2.615231    2.843504
     0.200000   -1.000000    1.747661    1.876900    1.574188
     0.200000   -1.000000    1.045519   -0.152508   -2.649738
     0.200000   -1.000000    0.893571    0.062787   -2.061408
     0.200000   -1.000000   -0.121823    0.058196   -1.104803
     0.200000   -1.000000   -0.007120   -0.197591    0.402650
     0.200000   -1.000000   -0.984589   -0.269212   -0.609112
     0.200000   -1.000000   -0.068108    0.582052   -0.625825
     0.200000   -1.000000   -1.580323    2.932842    1.247664
     0.200000   -1.000000    0.804537    1.797300   -0.307085
     0.200000   -1.000000    2.867131   -1.319226   -0.448412
     0.200000   -1.000000    2.270340    2.889983   -1.965631
     0.200000   -1.000000    0.576885    1.902498   -0.549949
     0.200000   -1.000000    2.700596    2.470567   -0.190568
     0.200000   -1.000000   -1.847292   -0.990853    0.753714
     0.200000   -1.000000    0.407617   -0.575357   -0.179299
     0.200000   -1.000000    0.400681    0.125268    1.009461
     0.200000   -1.000000    2.498122   -2.781408   -1.875394
     0.200000   -1.000000   -2.809935   -0.234355    0.546349
     0.200000   -1.000000    0.707022    0.999783   -0.206875
     0.200000   -1.000000   -2.851518    1.497841    0.142522
     0.200000   -1.000000   -0.007134    0.944144   -0.090273
     0.200000   -1.000000   -0.118562   -0.951383   -0.646460
     0.200000   -1.000000    1.785395   -1.678163   -2.941011
     0.200000   -1.000000    0.385895    0.643989    1.061862
     0.200000   -1.000000   -1.994341    0.507550    2.269979
     0.200000   -1.000000    0.979410    0.869771    0.541698
     0.200000   -1.000000   -2.225326   -1.229454    0.664145
     0.200000   -1.000000   -1.253779    2.378321    2.681822
     0.200000   -1.000000    1.243540    0.121108   -2.356654
     0.200000   -1.000000   -1.413967    0.110958   -1.713331
     0.200000   -1.000000    0.520536   -1.724773    2.898470
     0.200000   -1.000000    1.642944   -1.274498    2.053698
     0.200000   -1.000000    1.244716   -2.847922    2.679027
     0.200000   -1.000000    1.194568    2.313664    0.554475
     0.200000   -1.000000    0.734628    0.756392    0.774719
     0.200000   -1.000000    1.887103   -1.129024    0.848295
     0.200000   -1.000000   -2.480792    0.565221    2.639470
     0.200000   -1.000000   -2.130447    1.417320   -0.355699
     0.200000   -1.000000    0.961987    0.469346   -0.033978
     0.200000   -1.000000   -0.172549    2.761877   -0.478864
     0.200000   -1.000000   -0.043030   -0.725900    0.053553
     0.200000   -1.000000   -0.562244    0.469640    0.497293
     0.200000   -1.000000    2.673935    1.214416   -0.433853
     0.200000   -1.000000   -0.959036    2.478736    2.466940
     0.200000   -1.000000   -2.691253   -0.519362   -2.305338
     0.200000   -1.000000    0.673521   -2.549390    2.185044
     0.200000   -1.000000   -0.286486    0.218495    0.682042
     0.200000   -1.000000   -0.725120    1.211303   -2.839208
     0.200000   -1.000000   -1.161258   -2.839905   -2.640437
     0.200000   -1.000000    0.903734    0.017727   -2.375797
     0.200000   -1.000000    2.020312    1.596098   -0.635910
     0.200000   -1.000000   -1.100750   -0.536952   -0.030873
     0.200000   -1.000000   -0.820865    1.649941   -2.707145
     0.200000   -1.000000    0.228606    1.148379    0.564007
     0.200000   -1.000000   -0.341444   -1.198101   -0.398512
     0.200000   -1.000000   -1.167760    0.206365   -2.029708
     0.200000   -1.000000   -1.843942   -1.238597    0.275978
     0.200000   -1.000000   -1.146882    0.975308   -0.616744
     0.200000   -1.000000    0.013770    2.417789    1.738164
     0.200000   -1.000000    1.992368   -2.363923    1.281615
     0.200000   -1.000000   -1.680054   -0.589323    2.203333
     0.200000   -1.000000   -1.648176   -2.573562    1.783641
     0.200000   -1.000000   -1.604654   -0.529503    2.641267
     0.200000   -1.000000    0.623744    0.294061   -0.355355
     0.200000   -1.000000   -0.279364   -0.812253    0.168266
     0.200000   -1.000000    0.307206   -1.172540   -2.456798
     0.200000   -1.000000   -1.454075    0.173357   -2.054096
     0.200000   -1.000000    0.686568    2.745116   -0.324152
     0.200000   -1.000000    1.831204   -2.692467   -0.617119
     0.200000   -1.000000   -0.094008    0.807982   -2.568399
     0.200000   -1.000000   -2.436972    1.331457   -0.653269
     0.200000   -1.000000    2.093743    1.372992   -0.360150
     0.200000   -1.000000    0.928857    2.860200   -0.448045
     0.200000   -1.000000    2.601511    0.548088    2.011397
     0.200000   -1.000000    1.278738    2.591093   -0.208928
     0.200000   -1.000000    2.015079    1.536134    1.495722
     0.200000   -1.000000    0.901868   -0.056008    0.690985
     0.200000   -1.000000   -0.129584    0.675714    0.836710
     0.200000   -1.000000   -2.318695    0.346218    2.354973
     0.200000   -1.000000    2.341611    1.198069   -0.664939
     0.200000   -1.000000   -1.357486   -0.730207    2.563126
     0.200000   -1.000000    0.937307    0.568316    0.157733
     0.200000   -1.000000    0.691001    0.341918    1.054990
     0.200000   -1.000000    0.594100    0.175161   -2.100216
     0.200000   -1.000000   -0.267621   -1.008810   -0.116969
     0.200000   -1.000000    0.568385    0.585804   -0.227586
     0.200000   -1.000000    1.487977    2.195481    0.854873
     0.200000   -1.000000    0.165528    2.331685    1.290251
     0.200000   -1.000000    2.836829    2.167691   -0.479232
     0.200000   -1.000000    0.496324   -0.826572   -0.302290
     0.200000   -1.000000   -0.119828    1.697136   -2.548240
     0.200000   -1.000000   -1.768625   -2.744327    1.586314
     0.200000   -1.000000    2.035726   -2.562379    1.733744
     0.200000   -1.000000    1.868712   -1.367928    2.816128
     0.200000   -1.000000    1.868793    1.529261    1.667412
     0.200000   -1.000000    2.497138   -1.226947   -0.338648
     0.200000   -1.000000    2.380412    1.470721   -0.654564
     0.200000   -1.000000   -1.596514    2.567292    1.120156
     0.200000   -1.000000    2.279533   -2.324738   -1.310063
     1.000000  -20.000000    0.375278    0.375278    0.375278
     1.000000  -20.000000   -0.375278   -0.375278   -0.375278
