  1.30    0    -502.44     -4.49     -7.13      2.63  0.16 0.0080
  1.30    0    -503.77     -4.59     -5.38      0.80  0.15 0.0080
  1.30    0    -504.00     -4.64     -4.88      0.24  0.15 0.0080
  1.30    0    -503.32     -4.58     -4.82      0.25  0.14 0.0080
  1.30    0    -502.16     -4.97     -4.80     -0.17  0.14 0.0080
  1.30    0    -502.29     -4.83     -4.80     -0.04  0.14 0.0080
  1.30    0    -502.02     -4.42     -4.31     -0.11  0.14 0.0080
  1.30    0    -502.36     -4.03     -3.77     -0.26  0.14 0.0080
  1.30    0    -502.56     -4.10     -3.89     -0.22  0.14 0.0080
  1.30    1    -502.31     -4.29     -4.13     -0.16  0.14 0.0080
  1.30    1    -502.11     -4.36     -4.11     -0.25  0.15 0.0080
  1.30    1    -502.34     -4.28     -3.88     -0.40  0.14 0.0080
  1.30    1    -502.79     -4.42     -3.96     -0.46  0.15 0.0080
  1.30    1    -503.18     -4.32     -3.90     -0.42  0.15 0.0080
  1.30    1    -502.97     -4.37     -3.98     -0.38  0.15 0.0080
  1.30    1    -503.01     -4.48     -4.01     -0.47  0.15 0.0080
  1.30    1    -502.96     -4.67     -4.11     -0.56  0.14 0.0080
  1.30    1    -503.01     -4.34     -3.78     -0.56  0.14 0.0080
  1.30    1    -503.02     -3.67     -3.15     -0.52  0.15 0.0080
  1.30    2    -503.09     -3.24     -2.69     -0.55  0.14 0.0080
  1.30    2    -503.04     -3.49     -2.90     -0.60  0.15 0.0080
  1.30    2    -503.13     -3.47     -2.83     -0.64  0.15 0.0080
  1.30    2    -503.17     -3.27     -2.58     -0.69  0.15 0.0080
  1.30    2    -503.07     -3.60     -2.86     -0.74  0.15 0.0080
  1.30    2    -503.07     -3.55     -2.82     -0.73  0.15 0.0080
  1.30    2    -503.08     -3.74     -2.95     -0.79  0.15 0.0080
  1.30    2    -503.12     -3.77     -2.97     -0.80  0.15 0.0080
  1.30    2    -503.09     -3.68     -2.88     -0.79  0.15 0.0080
  1.30    2    -503.09     -3.76     -2.96     -0.80  0.15 0.0080
  1.30    3    -503.06     -3.58     -2.78     -0.81  0.15 0.0080
  1.30    3    -503.11     -3.67     -2.85     -0.82  0.15 0.0080
  1.30    3    -503.00     -3.60     -2.78     -0.82  0.15 0.0080
  1.30    3    -502.97     -3.60     -2.75     -0.86  0.15 0.0080
  1.30    3    -502.99     -3.78     -2.90     -0.88  0.15 0.0080
  1.30    3    -502.99     -3.91     -3.06     -0.85  0.15 0.0080
  1.30    3    -503.01     -4.16     -3.32     -0.84  0.15 0.0080
  1.30    3    -502.94     -4.26     -3.42     -0.85  0.15 0.0080
  1.30    3    -502.96     -4.27     -3.45     -0.82  0.15 0.0080
  1.30    3    -502.99     -4.14     -3.32     -0.81  0.15 0.0080
  1.30    4    -503.02     -3.93     -3.14     -0.80  0.15 0.0080
  1.30    4    -503.02     -3.89     -3.09     -0.80  0.15 0.0080
  1.30    4    -503.04     -3.85     -3.08     -0.78  0.15 0.0080
  1.30    4    -503.00     -3.67     -2.89     -0.78  0.15 0.0080
  1.30    4    -502.93     -3.42     -2.64     -0.78  0.15 0.0080
  1.30    4    -502.95     -3.51     -2.74     -0.77  0.15 0.0080
  1.30    4    -502.93     -3.56     -2.78     -0.78  0.15 0.0080
  1.30    4    -502.92     -3.67     -2.89     -0.78  0.15 0.0080
  1.30    4    -502.90     -3.95     -3.19     -0.76  0.15 0.0080
  1.30    4    -502.91     -3.95     -3.18     -0.77  0.15 0.0080
  1.30    5    -502.88     -4.06     -3.27     -0.79  0.15 0.0080
  1.30    5    -502.90     -4.06     -3.26     -0.80  0.15 0.0080
  1.30    5    -502.89     -3.84     -3.01     -0.83  0.15 0.0080
  1.30    5    -502.88     -3.78     -2.98     -0.80  0.15 0.0080
  1.30    5    -502.91     -3.75     -2.95     -0.80  0.15 0.0080
  1.30    5    -502.89     -3.70     -2.92     -0.79  0.15 0.0080
  1.30    5    -502.91     -3.54     -2.75     -0.79  0.15 0.0080
  1.30    5    -502.87     -3.68     -2.90     -0.78  0.15 0.0080
  1.30    5    -502.87     -3.66     -2.88     -0.78  0.15 0.0080
  1.30    5    -502.85     -3.67     -2.88     -0.79  0.15 0.0080
  1.30    6    -502.83     -3.74     -2.93     -0.81  0.15 0.0080
  1.30    6    -502.81     -3.68     -2.87     -0.81  0.15 0.0080
  1.30    6    -502.80     -3.63     -2.81     -0.82  0.15 0.0080
  1.30    6    -502.81     -3.66     -2.84     -0.82  0.15 0.0080
  1.30    6    -502.80     -3.53     -2.74     -0.79  0.15 0.0080
  1.30    6    -502.81     -3.66     -2.85     -0.81  0.15 0.0080
  1.30    6    -502.80     -3.41     -2.60     -0.81  0.15 0.0080
  1.30    6    -502.80     -3.52     -2.71     -0.81  0.15 0.0080
  1.30    6    -502.78     -3.43     -2.60     -0.82  0.15 0.0080
  1.30    6    -502.78     -3.27     -2.47     -0.80  0.15 0.0080
  1.30    7    -502.78     -3.17     -2.38     -0.80  0.15 0.0080
  1.30    7    -502.76     -3.10     -2.31     -0.79  0.15 0.0080
  1.30    7    -502.77     -3.24     -2.46     -0.78  0.15 0.0080
  1.30    7    -502.78     -3.27     -2.50     -0.77  0.15 0.0080
  1.30    7    -502.79     -3.17     -2.40     -0.77  0.15 0.0080
  1.30    7    -502.75     -3.25     -2.47     -0.78  0.15 0.0080
  1.30    7    -502.76     -3.18     -2.41     -0.77  0.15 0.0080
  1.30    7    -502.75     -3.06     -2.30     -0.76  0.15 0.0080
  1.30    7    -502.72     -3.18     -2.44     -0.74  0.15 0.0080
  1.30    7    -502.74     -3.44     -2.71     -0.73  0.15 0.0080
  1.30    7    -502.73     -3.35     -2.63     -0.72  0.15 0.0080
  1.30    7    -502.73     -3.46     -2.72     -0.74  0.15 0.0080
  1.30    7    -502.70     -3.24     -2.50     -0.74  0.15 0.0080
  1.30    7    -502.72     -3.26     -2.52     -0.74  0.15 0.0080
  1.30    7    -502.72     -3.31     -2.57     -0.74  0.15 0.0080
  1.30    7    -502.73     -3.35     -2.61     -0.74  0.15 0.0080
  1.30    7    -502.72     -3.49     -2.74     -0.74  0.15 0.0080
  1.30    7    -502.72     -3.44     -2.69     -0.75  0.15 0.0080
  1.30    8    -502.71     -3.45     -2.71     -0.74  0.15 0.0080
  1.30    8    -502.70     -3.51     -2.77     -0.74  0.15 0.0080
  1.30    8    -502.69     -3.44     -2.71     -0.73  0.15 0.0080
  1.30    8    -502.71     -3.30     -2.58     -0.73  0.15 0.0080
  1.30    8    -502.69     -3.27     -2.53     -0.73  0.15 0.0080
  1.30    8    -502.71     -3.35     -2.62     -0.73  0.15 0.0080
  1.30    8    -502.71     -3.31     -2.60     -0.72  0.15 0.0080
  1.30    8    -502.70     -3.33     -2.62     -0.71  0.15 0.0080
  1.30    8    -502.71     -3.47     -2.76     -0.72  0.15 0.0080
  1.30    8    -502.71     -3.39     -2.67     -0.72  0.15 0.0080
  1.30    9    -502.72     -3.17     -2.45     -0.73  0.15 0.0080
  1.30    9    -502.70     -3.05     -2.32     -0.73  0.15 0.0080
  1.30    9    -502.70     -3.08     -2.36     -0.72  0.15 0.0080
  1.30    9    -502.71     -3.08     -2.36     -0.72  0.15 0.0080
  1.30    9    -502.68     -3.10     -2.38     -0.73  0.15 0.0080
  1.30    9    -502.69     -3.17     -2.44     -0.73  0.15 0.0080
  1.30    9    -502.70     -3.32     -2.58     -0.74  0.15 0.0080
  1.30    9    -502.69     -3.33     -2.59     -0.74  0.15 0.0080
  1.30    9    -502.71     -3.48     -2.75     -0.73  0.15 0.0080
  1.30    9    -502.72     -3.34     -2.61     -0.73  0.15 0.0080
  1.30   10    -502.71     -3.38     -2.64     -0.73  0.15 0.0080
  1.30   10    -502.71     -3.41     -2.68     -0.72  0.15 0.0080
  1.30   10    -502.73     -3.51     -2.78     -0.73  0.15 0.0080
  1.30   10    -502.74     -3.47     -2.74     -0.73  0.15 0.0080
  1.30   10    -502.72     -3.44     -2.72     -0.72  0.15 0.0080
  1.30   10    -502.74     -3.55     -2.84     -0.71  0.15 0.0080
  1.30   10    -502.77     -3.50     -2.79     -0.71  0.15 0.0080
  1.30   10    -502.77     -3.54     -2.82     -0.72  0.15 0.0080
  1.30   10    -502.77     -3.43     -2.71     -0.73  0.15 0.0080
  1.30   10    -502.78     -3.61     -2.87     -0.74  0.15 0.0080
  1.30   11    -502.78     -3.68     -2.96     -0.73  0.15 0.0080
  1.30   11    -502.79     -3.78     -3.06     -0.71  0.15 0.0080
  1.30   11    -502.80     -3.78     -3.07     -0.71  0.15 0.0080
  1.30   11    -502.80     -3.93     -3.22     -0.71  0.15 0.0080
  1.30   11    -502.79     -4.02     -3.32     -0.70  0.15 0.0080
  1.30   11    -502.78     -3.99     -3.29     -0.69  0.15 0.0080
  1.30   11    -502.79     -3.92     -3.22     -0.70  0.15 0.0080
  1.30   11    -502.78     -3.67     -2.96     -0.71  0.15 0.0080
  1.30   11    -502.79     -3.59     -2.88     -0.72  0.15 0.0080
  1.30   11    -502.79     -3.74     -3.03     -0.71  0.15 0.0080
  1.30   12    -502.78     -3.74     -3.02     -0.71  0.15 0.0080
  1.30   12    -502.79     -3.83     -3.12     -0.71  0.15 0.0080
  1.30   12    -502.78     -3.78     -3.07     -0.70  0.15 0.0080
  1.30   12    -502.78     -3.83     -3.15     -0.68  0.15 0.0080
  1.30   12    -502.78     -3.84     -3.17     -0.67  0.15 0.0080
  1.30   12    -502.78     -3.89     -3.22     -0.67  0.15 0.0080
  1.30   12    -502.78     -3.82     -3.16     -0.66  0.15 0.0080
  1.30   12    -502.76     -3.81     -3.16     -0.65  0.15 0.0080
  1.30   12    -502.76     -3.77     -3.11     -0.66  0.15 0.0080
  1.30   12    -502.76     -3.79     -3.13     -0.66  0.15 0.0080
  1.30   13    -502.77     -3.78     -3.11     -0.67  0.15 0.0080
  1.30   13    -502.77     -3.67     -3.00     -0.68  0.15 0.0080
  1.30   13    -502.76     -3.69     -3.01     -0.68  0.15 0.0080
  1.30   13    -502.75     -3.62     -2.96     -0.66  0.15 0.0080
  1.30   13    -502.75     -3.71     -3.05     -0.66  0.15 0.0080
  1.30   13    -502.76     -3.62     -2.96     -0.66  0.15 0.0080
  1.30   13    -502.76     -3.66     -2.99     -0.67  0.15 0.0080
  1.30   13    -502.75     -3.66     -2.98     -0.68  0.15 0.0080
  1.30   13    -502.75     -3.65     -2.97     -0.68  0.15 0.0080
  1.30   13    -502.77     -3.70     -3.02     -0.68  0.15 0.0080
  1.30   14    -502.76     -3.62     -2.95     -0.68  0.15 0.0080
  1.30   14    -502.75     -3.65     -2.96     -0.68  0.15 0.0080
  1.30   14    -502.75     -3.63     -2.96     -0.67  0.15 0.0080
  1.30   14    -502.73     -3.64     -2.97     -0.67  0.15 0.0080
  1.30   14    -502.70     -3.61     -2.95     -0.67  0.15 0.0080
  1.30   14    -502.72     -3.66     -3.00     -0.67  0.15 0.0080
  1.30   14    -502.71     -3.72     -3.05     -0.67  0.15 0.0080
  1.30   14    -502.71     -3.60     -2.92     -0.68  0.15 0.0080
  1.30   14    -502.71     -3.66     -2.99     -0.67  0.15 0.0080
  1.30   14    -502.70     -3.61     -2.94     -0.67  0.15 0.0080
  1.30   15    -502.70     -3.63     -2.95     -0.68  0.15 0.0080
  1.30   15    -502.70     -3.68     -3.00     -0.68  0.15 0.0080
  1.30   15    -502.70     -3.72     -3.04     -0.68  0.15 0.0080
  1.30   15    -502.71     -3.72     -3.03     -0.69  0.15 0.0080
  1.30   15    -502.71     -3.65     -2.96     -0.69  0.15 0.0080
  1.30   15    -502.71     -3.68     -2.99     -0.69  0.15 0.0080
  1.30   15    -502.70     -3.66     -2.96     -0.70  0.15 0.0080
  1.30   15    -502.71     -3.74     -3.03     -0.70  0.15 0.0080
  1.30   15    -502.70     -3.66     -2.96     -0.70  0.15 0.0080
  1.30   15    -502.72     -3.58     -2.88     -0.70  0.15 0.0080
  1.30   16    -502.70     -3.61     -2.91     -0.70  0.15 0.0080
  1.30   16    -502.70     -3.56     -2.85     -0.70  0.15 0.0080
  1.30   16    -502.70     -3.52     -2.82     -0.71  0.15 0.0080
  1.30   16    -502.70     -3.53     -2.83     -0.70  0.15 0.0080
  1.30   16    -502.69     -3.46     -2.76     -0.70  0.15 0.0080
  1.30   16    -502.69     -3.44     -2.74     -0.70  0.15 0.0080
  1.30   16    -502.68     -3.52     -2.81     -0.71  0.15 0.0080
  1.30   16    -502.70     -3.52     -2.81     -0.70  0.15 0.0080
  1.30   16    -502.69     -3.43     -2.73     -0.70  0.15 0.0080
  1.30   16    -502.69     -3.49     -2.79     -0.70  0.15 0.0080
  1.30   17    -502.69     -3.44     -2.74     -0.70  0.15 0.0080
  1.30   17    -502.70     -3.35     -2.65     -0.70  0.15 0.0080
  1.30   17    -502.70     -3.34     -2.64     -0.70  0.15 0.0080
  1.30   17    -502.70     -3.28     -2.58     -0.70  0.15 0.0080
  1.30   17    -502.70     -3.21     -2.52     -0.69  0.15 0.0080
  1.30   17    -502.71     -3.19     -2.49     -0.70  0.15 0.0080
  1.30   17    -502.72     -3.18     -2.48     -0.70  0.15 0.0080
  1.30   17    -502.71     -3.28     -2.58     -0.70  0.15 0.0080
  1.30   17    -502.71     -3.29     -2.59     -0.71  0.15 0.0080
  1.30   17    -502.70     -3.29     -2.59     -0.70  0.15 0.0080
  1.30   18    -502.71     -3.20     -2.50     -0.70  0.15 0.0080
  1.30   18    -502.71     -3.24     -2.54     -0.70  0.15 0.0080
  1.30   18    -502.71     -3.24     -2.54     -0.70  0.15 0.0080
  1.30   18    -502.70     -3.24     -2.54     -0.70  0.15 0.0080
  1.30   18    -502.71     -3.29     -2.60     -0.70  0.15 0.0080
  1.30   18    -502.71     -3.28     -2.59     -0.70  0.15 0.0080
  1.30   18    -502.70     -3.32     -2.63     -0.70  0.15 0.0080
  1.30   18    -502.70     -3.38     -2.68     -0.70  0.15 0.0080
  1.30   18    -502.69     -3.42     -2.72     -0.69  0.15 0.0080
  1.30   18    -502.69     -3.42     -2.71     -0.70  0.15 0.0080
  1.30   19    -502.70     -3.31     -2.60     -0.71  0.15 0.0080
  1.30   19    -502.70     -3.44     -2.72     -0.72  0.15 0.0080
  1.30   19    -502.71     -3.45     -2.72     -0.72  0.15 0.0080
  1.30   19    -502.71     -3.52     -2.80     -0.72  0.15 0.0080
  1.30   19    -502.71     -3.46     -2.75     -0.71  0.15 0.0080
  1.30   19    -502.71     -3.60     -2.91     -0.69  0.15 0.0080
  1.30   19    -502.71     -3.59     -2.90     -0.69  0.15 0.0080
  1.30   19    -502.71     -3.61     -2.91     -0.69  0.15 0.0080
  1.30   19    -502.71     -3.67     -2.97     -0.70  0.15 0.0080
  1.30   19    -502.72     -3.77     -3.07     -0.69  0.15 0.0080
  1.30   20    -502.71     -3.72     -3.03     -0.69  0.15 0.0080
  1.30   20    -502.70     -3.77     -3.08     -0.69  0.15 0.0080
  1.30   20    -502.70     -3.74     -3.06     -0.69  0.15 0.0080
  1.30   20    -502.71     -3.77     -3.09     -0.68  0.15 0.0080
  1.30   20    -502.72     -3.76     -3.08     -0.68  0.15 0.0080
  1.30   20    -502.71     -3.64     -2.94     -0.69  0.15 0.0080
  1.30   20    -502.72     -3.52     -2.83     -0.69  0.15 0.0080
  1.30   20    -502.71     -3.43     -2.73     -0.69  0.15 0.0080
  1.30   20    -502.69     -3.38     -2.68     -0.70  0.15 0.0080
  1.30   20    -502.70     -3.38     -2.68     -0.70  0.15 0.0080
  1.30   21    -502.70     -3.43     -2.74     -0.69  0.15 0.0080
  1.30   21    -502.70     -3.44     -2.75     -0.69  0.15 0.0080
  1.30   21    -502.72     -3.42     -2.73     -0.69  0.15 0.0080
  1.30   21    -502.72     -3.46     -2.77     -0.69  0.15 0.0080
  1.30   21    -502.72     -3.39     -2.71     -0.68  0.15 0.0080
  1.30   21    -502.72     -3.37     -2.69     -0.68  0.15 0.0080
  1.30   21    -502.72     -3.38     -2.69     -0.68  0.15 0.0080
  1.30   21    -502.71     -3.36     -2.67     -0.68  0.15 0.0080
  1.30   21    -502.71     -3.36     -2.68     -0.68  0.15 0.0080
  1.30   21    -502.71     -3.31     -2.63     -0.68  0.15 0.0080
  1.30   22    -502.72     -3.34     -2.66     -0.68  0.15 0.0080
  1.30   22    -502.72     -3.37     -2.68     -0.69  0.15 0.0080
  1.30   22    -502.72     -3.36     -2.68     -0.68  0.15 0.0080
  1.30   22    -502.72     -3.38     -2.69     -0.68  0.15 0.0080
  1.30   22    -502.73     -3.31     -2.63     -0.68  0.15 0.0080
  1.30   22    -502.74     -3.28     -2.60     -0.67  0.15 0.0080
  1.30   22    -502.75     -3.20     -2.52     -0.68  0.15 0.0080
  1.30   22    -502.77     -3.24     -2.57     -0.67  0.15 0.0080
  1.30   22    -502.77     -3.18     -2.51     -0.68  0.15 0.0080
  1.30   22    -502.78     -3.24     -2.56     -0.68  0.15 0.0080
  1.30   23    -502.77     -3.24     -2.56     -0.68  0.15 0.0080
  1.30   23    -502.77     -3.27     -2.61     -0.67  0.15 0.0080
  1.30   23    -502.76     -3.23     -2.56     -0.67  0.15 0.0080
  1.30   23    -502.77     -3.28     -2.63     -0.66  0.15 0.0080
  1.30   23    -502.75     -3.25     -2.60     -0.65  0.15 0.0080
  1.30   23    -502.75     -3.30     -2.66     -0.64  0.15 0.0080
  1.30   23    -502.75     -3.25     -2.60     -0.64  0.15 0.0080
  1.30   23    -502.74     -3.36     -2.72     -0.64  0.15 0.0080
  1.30   23    -502.75     -3.48     -2.83     -0.64  0.15 0.0080
  1.30   23    -502.75     -3.42     -2.78     -0.64  0.15 0.0080
  1.30   24    -502.75     -3.42     -2.78     -0.64  0.15 0.0080
  1.30   24    -502.75     -3.43     -2.79     -0.64  0.15 0.0080
  1.30   24    -502.75     -3.46     -2.82     -0.65  0.15 0.0080
  1.30   24    -502.74     -3.47     -2.83     -0.65  0.15 0.0080
  1.30   24    -502.75     -3.59     -2.95     -0.64  0.15 0.0080
  1.30   24    -502.76     -3.69     -3.05     -0.64  0.15 0.0080
  1.30   24    -502.76     -3.72     -3.08     -0.64  0.15 0.0080
  1.30   24    -502.76     -3.77     -3.12     -0.65  0.15 0.0080
  1.30   24    -502.76     -3.74     -3.10     -0.64  0.15 0.0080
  1.30   24    -502.76     -3.71     -3.06     -0.65  0.15 0.0080
  1.30   25    -502.76     -3.76     -3.11     -0.65  0.15 0.0080
  1.30   25    -502.76     -3.77     -3.12     -0.65  0.15 0.0080
  1.30   25    -502.76     -3.78     -3.13     -0.65  0.15 0.0080
  1.30   25    -502.77     -3.83     -3.18     -0.65  0.15 0.0080
  1.30   25    -502.76     -3.80     -3.16     -0.65  0.15 0.0080
  1.30   25    -502.76     -3.83     -3.18     -0.65  0.15 0.0080
  1.30   25    -502.75     -3.84     -3.18     -0.65  0.15 0.0080
  1.30   25    -502.75     -3.85     -3.20     -0.65  0.15 0.0080
  1.30   25    -502.75     -3.81     -3.16     -0.65  0.15 0.0080
  1.30   25    -502.76     -3.90     -3.25     -0.65  0.15 0.0080
  1.30   26    -502.76     -3.93     -3.28     -0.65  0.15 0.0080
  1.30   26    -502.77     -3.84     -3.18     -0.65  0.15 0.0080
  1.30   26    -502.76     -3.90     -3.26     -0.64  0.15 0.0080
  1.30   26    -502.75     -3.90     -3.26     -0.65  0.15 0.0080
  1.30   26    -502.75     -3.87     -3.23     -0.64  0.15 0.0080
  1.30   26    -502.76     -3.94     -3.30     -0.64  0.15 0.0080
  1.30   26    -502.75     -3.97     -3.33     -0.64  0.15 0.0080
  1.30   26    -502.75     -3.92     -3.28     -0.65  0.15 0.0080
  1.30   26    -502.75     -3.92     -3.27     -0.64  0.15 0.0080
  1.30   26    -502.75     -3.93     -3.28     -0.64  0.15 0.0080
  1.30   27    -502.75     -3.98     -3.33     -0.64  0.15 0.0080
  1.30   27    -502.75     -3.91     -3.26     -0.65  0.15 0.0080
  1.30   27    -502.74     -3.88     -3.23     -0.65  0.15 0.0080
  1.30   27    -502.75     -4.01     -3.37     -0.64  0.15 0.0080
  1.30   27    -502.75     -4.03     -3.39     -0.64  0.15 0.0080
  1.30   27    -502.75     -4.00     -3.35     -0.65  0.15 0.0080
  1.30   27    -502.75     -3.96     -3.31     -0.65  0.15 0.0080
  1.30   27    -502.75     -4.03     -3.37     -0.66  0.15 0.0080
  1.30   27    -502.75     -4.09     -3.44     -0.66  0.15 0.0080
  1.30   27    -502.75     -4.15     -3.50     -0.65  0.15 0.0080
  1.30   28    -502.75     -4.14     -3.49     -0.65  0.15 0.0080
  1.30   28    -502.74     -4.08     -3.43     -0.65  0.15 0.0080
  1.30   28    -502.74     -4.06     -3.41     -0.65  0.15 0.0080
  1.30   28    -502.74     -4.08     -3.43     -0.65  0.15 0.0080
  1.30   28    -502.74     -4.08     -3.42     -0.65  0.15 0.0080
  1.30   28    -502.74     -4.02     -3.36     -0.65  0.15 0.0080
  1.30   28    -502.75     -4.07     -3.41     -0.66  0.15 0.0080
  1.30   28    -502.74     -4.03     -3.38     -0.66  0.15 0.0080
  1.30   28    -502.74     -4.11     -3.46     -0.65  0.15 0.0080
  1.30   28    -502.74     -4.11     -3.46     -0.66  0.15 0.0080
  1.30   29    -502.75     -4.10     -3.44     -0.65  0.15 0.0080
  1.30   29    -502.74     -4.11     -3.46     -0.65  0.15 0.0080
  1.30   29    -502.75     -4.10     -3.45     -0.66  0.15 0.0080
  1.30   29    -502.74     -4.05     -3.40     -0.66  0.15 0.0080
  1.30   29    -502.74     -4.02     -3.36     -0.66  0.15 0.0080
  1.30   29    -502.74     -3.98     -3.32     -0.66  0.15 0.0080
  1.30   29    -502.73     -3.99     -3.34     -0.66  0.15 0.0080
  1.30   29    -502.73     -4.00     -3.34     -0.66  0.15 0.0080
  1.30   29    -502.73     -4.01     -3.35     -0.66  0.15 0.0080
  1.30   29    -502.72     -4.01     -3.35     -0.65  0.15 0.0080
  1.30   30    -502.72     -3.97     -3.32     -0.65  0.15 0.0080
  1.30   30    -502.71     -3.94     -3.29     -0.65  0.15 0.0080
  1.30   30    -502.72     -3.92     -3.27     -0.65  0.15 0.0080
  1.30   30    -502.72     -3.96     -3.30     -0.66  0.15 0.0080
  1.30   30    -502.72     -3.96     -3.30     -0.66  0.15 0.0080
  1.30   30    -502.73     -3.96     -3.31     -0.66  0.15 0.0080
  1.30   30    -502.73     -3.94     -3.28     -0.66  0.15 0.0080
  1.30   30    -502.73     -3.96     -3.30     -0.66  0.15 0.0080
  1.30   30    -502.73     -3.93     -3.28     -0.66  0.15 0.0080
  1.30   30    -502.73     -3.95     -3.30     -0.66  0.15 0.0080
  1.30   31    -502.74     -3.97     -3.31     -0.66  0.15 0.0080
