  1.30    0    -587.40     -6.44     -7.04      0.61  0.16 0.0080
  1.30    0    -584.18     -5.92     -6.11      0.20  0.18 0.0080
  1.30    0    -585.01     -6.83     -7.09      0.26  0.18 0.0080
  1.30    0    -585.11     -6.26     -5.78     -0.48  0.18 0.0080
  1.30    0    -585.11     -6.39     -5.97     -0.41  0.18 0.0080
  1.30    0    -585.36     -6.12     -5.82     -0.30  0.19 0.0080
  1.30    0    -585.14     -6.50     -5.97     -0.53  0.19 0.0080
  1.30    0    -585.21     -6.04     -5.51     -0.53  0.19 0.0080
  1.30    0    -584.60     -5.82     -5.22     -0.60  0.19 0.0080
  1.30    1    -584.28     -5.49     -4.87     -0.62  0.19 0.0080
  1.30    1    -584.17     -5.95     -5.43     -0.53  0.19 0.0080
  1.30    1    -584.22     -6.21     -5.72     -0.49  0.19 0.0080
  1.30    1    -584.17     -5.69     -5.21     -0.48  0.18 0.0080
  1.30    1    -584.26     -5.46     -4.99     -0.47  0.18 0.0080
  1.30    1    -584.40     -5.42     -4.90     -0.53  0.19 0.0080
  1.30    1    -584.67     -5.66     -5.12     -0.54  0.19 0.0080
  1.30    1    -584.68     -5.81     -5.30     -0.51  0.19 0.0080
  1.30    1    -584.71     -6.07     -5.54     -0.53  0.19 0.0080
  1.30    1    -584.78     -6.14     -5.59     -0.56  0.19 0.0080
  1.30    2    -584.62     -6.17     -5.60     -0.57  0.19 0.0080
  1.30    2    -584.56     -5.87     -5.26     -0.61  0.19 0.0080
  1.30    2    -584.56     -5.77     -5.14     -0.63  0.19 0.0080
  1.30    2    -584.39     -5.43     -4.73     -0.69  0.19 0.0080
  1.30    2    -584.44     -5.08     -4.40     -0.68  0.19 0.0080
  1.30    2    -584.38     -5.26     -4.62     -0.63  0.19 0.0080
  1.30    2    -584.35     -5.39     -4.76     -0.63  0.19 0.0080
  1.30    2    -584.35     -5.43     -4.76     -0.67  0.19 0.0080
  1.30    2    -584.26     -5.67     -4.96     -0.70  0.19 0.0080
  1.30    2    -584.27     -5.64     -4.94     -0.69  0.19 0.0080
  1.30    3    -584.25     -5.63     -4.98     -0.65  0.19 0.0080
  1.30    3    -584.25     -5.67     -4.99     -0.68  0.19 0.0080
  1.30    3    -584.22     -5.73     -5.04     -0.69  0.19 0.0080
  1.30    3    -584.24     -5.32     -4.63     -0.69  0.19 0.0080
  1.30    3    -584.28     -5.13     -4.45     -0.68  0.19 0.0080
  1.30    3    -584.24     -5.19     -4.53     -0.66  0.19 0.0080
  1.30    3    -584.21     -5.11     -4.45     -0.65  0.19 0.0080
  1.30    3    -584.15     -4.92     -4.24     -0.68  0.19 0.0080
  1.30    3    -584.15     -4.80     -4.11     -0.69  0.19 0.0080
  1.30    3    -584.12     -4.63     -3.96     -0.67  0.19 0.0080
  1.30    4    -584.11     -4.75     -4.09     -0.66  0.19 0.0080
  1.30    4    -584.12     -4.98     -4.34     -0.64  0.19 0.0080
  1.30    4    -584.10     -5.22     -4.58     -0.63  0.19 0.0080
  1.30    4    -584.10     -5.37     -4.73     -0.64  0.19 0.0080
  1.30    4    -584.05     -5.44     -4.78     -0.66  0.19 0.0080
  1.30    4    -584.04     -5.51     -4.84     -0.67  0.19 0.0080
  1.30    4    -583.98     -5.47     -4.80     -0.67  0.19 0.0080
  1.30    4    -583.98     -5.54     -4.86     -0.68  0.19 0.0080
  1.30    4    -583.93     -5.48     -4.83     -0.66  0.19 0.0080
  1.30    4    -583.94     -5.57     -4.92     -0.65  0.19 0.0080
  1.30    5    -583.92     -5.49     -4.85     -0.64  0.19 0.0080
  1.30    5    -583.94     -5.58     -4.94     -0.64  0.19 0.0080
  1.30    5    -583.93     -5.56     -4.92     -0.64  0.19 0.0080
  1.30    5    -583.93     -5.50     -4.87     -0.62  0.19 0.0080
  1.30    5    -583.92     -5.39     -4.74     -0.65  0.19 0.0080
  1.30    5    -583.91     -5.34     -4.73     -0.62  0.19 0.0080
  1.30    5    -583.88     -5.47     -4.83     -0.64  0.19 0.0080
  1.30    5    -583.90     -5.43     -4.77     -0.66  0.19 0.0080
  1.30    5    -583.87     -5.40     -4.73     -0.67  0.19 0.0080
  1.30    5    -583.88     -5.35     -4.69     -0.65  0.19 0.0080
  1.30    6    -583.88     -5.49     -4.82     -0.66  0.19 0.0080
  1.30    6    -583.89     -5.38     -4.73     -0.64  0.19 0.0080
  1.30    6    -583.90     -5.50     -4.85     -0.65  0.19 0.0080
  1.30    6    -583.90     -5.42     -4.78     -0.64  0.19 0.0080
  1.30    6    -583.85     -5.27     -4.64     -0.63  0.19 0.0080
  1.30    6    -583.85     -5.39     -4.75     -0.64  0.19 0.0080
  1.30    6    -583.86     -5.12     -4.49     -0.63  0.19 0.0080
  1.30    6    -583.83     -4.96     -4.33     -0.64  0.19 0.0080
  1.30    6    -583.81     -5.02     -4.39     -0.63  0.19 0.0080
  1.30    6    -583.83     -5.23     -4.64     -0.59  0.19 0.0080
  1.30    7    -583.87     -5.38     -4.80     -0.58  0.19 0.0080
  1.30    7    -583.91     -5.48     -4.88     -0.60  0.19 0.0080
  1.30    7    -583.88     -5.57     -4.97     -0.60  0.19 0.0080
  1.30    7    -583.90     -5.63     -5.04     -0.59  0.19 0.0080
  1.30    7    -583.92     -5.53     -4.93     -0.60  0.19 0.0080
  1.30    7    -583.89     -5.35     -4.74     -0.61  0.19 0.0080
  1.30    7    -583.91     -5.29     -4.72     -0.57  0.19 0.0080
  1.30    7    -583.88     -5.17     -4.60     -0.57  0.19 0.0080
  1.30    7    -583.89     -5.19     -4.62     -0.58  0.19 0.0080
  1.30    7    -583.89     -5.17     -4.58     -0.59  0.19 0.0080
  1.30    7    -583.86     -5.15     -4.55     -0.60  0.19 0.0080
  1.30    7    -583.87     -5.14     -4.55     -0.60  0.19 0.0080
  1.30    7    -583.88     -5.28     -4.69     -0.59  0.19 0.0080
  1.30    7    -583.84     -5.42     -4.83     -0.59  0.19 0.0080
  1.30    7    -583.84     -5.56     -4.97     -0.59  0.19 0.0080
  1.30    7    -583.85     -5.61     -5.03     -0.58  0.19 0.0080
  1.30    7    -583.89     -5.47     -4.90     -0.58  0.19 0.0080
  1.30    7    -583.89     -5.40     -4.81     -0.59  0.19 0.0080
  1.30    8    -583.90     -5.40     -4.80     -0.59  0.19 0.0080
  1.30    8    -583.89     -5.44     -4.84     -0.60  0.19 0.0080
  1.30    8    -583.91     -5.36     -4.75     -0.61  0.19 0.0080
  1.30    8    -583.92     -5.33     -4.72     -0.61  0.19 0.0080
  1.30    8    -583.97     -5.34     -4.73     -0.62  0.19 0.0080
  1.30    8    -583.97     -5.26     -4.64     -0.63  0.19 0.0080
  1.30    8    -583.95     -5.34     -4.70     -0.63  0.19 0.0080
  1.30    8    -583.93     -5.27     -4.64     -0.64  0.19 0.0080
  1.30    8    -583.94     -5.24     -4.62     -0.62  0.19 0.0080
  1.30    8    -583.95     -5.34     -4.73     -0.60  0.19 0.0080
  1.30    9    -583.95     -5.33     -4.72     -0.60  0.19 0.0080
  1.30    9    -583.96     -5.52     -4.92     -0.60  0.19 0.0080
  1.30    9    -583.93     -5.64     -5.04     -0.60  0.19 0.0080
  1.30    9    -583.93     -5.65     -5.07     -0.58  0.19 0.0080
  1.30    9    -583.92     -5.70     -5.12     -0.58  0.19 0.0080
  1.30    9    -583.92     -5.77     -5.18     -0.58  0.19 0.0080
  1.30    9    -583.93     -5.82     -5.23     -0.59  0.19 0.0080
  1.30    9    -583.95     -5.76     -5.17     -0.59  0.19 0.0080
  1.30    9    -583.92     -5.63     -5.05     -0.58  0.19 0.0080
  1.30    9    -583.92     -5.55     -4.97     -0.58  0.19 0.0080
  1.30   10    -583.91     -5.39     -4.83     -0.56  0.19 0.0080
  1.30   10    -583.92     -5.38     -4.81     -0.56  0.19 0.0080
  1.30   10    -583.93     -5.46     -4.88     -0.58  0.19 0.0080
  1.30   10    -583.94     -5.58     -5.03     -0.56  0.19 0.0080
  1.30   10    -583.94     -5.50     -4.92     -0.58  0.19 0.0080
  1.30   10    -583.95     -5.49     -4.92     -0.58  0.19 0.0080
  1.30   10    -583.92     -5.43     -4.84     -0.59  0.19 0.0080
  1.30   10    -583.91     -5.44     -4.86     -0.58  0.19 0.0080
  1.30   10    -583.90     -5.53     -4.95     -0.58  0.19 0.0080
  1.30   10    -583.88     -5.48     -4.91     -0.57  0.19 0.0080
  1.30   11    -583.88     -5.62     -5.04     -0.57  0.19 0.0080
  1.30   11    -583.89     -5.55     -5.00     -0.55  0.19 0.0080
  1.30   11    -583.91     -5.54     -4.98     -0.55  0.19 0.0080
  1.30   11    -583.92     -5.47     -4.91     -0.56  0.19 0.0080
  1.30   11    -583.91     -5.44     -4.88     -0.56  0.19 0.0080
  1.30   11    -583.93     -5.50     -4.95     -0.55  0.19 0.0080
  1.30   11    -583.90     -5.60     -5.06     -0.54  0.19 0.0080
  1.30   11    -583.92     -5.48     -4.92     -0.56  0.19 0.0080
  1.30   11    -583.91     -5.47     -4.91     -0.56  0.19 0.0080
  1.30   11    -583.89     -5.54     -4.96     -0.58  0.19 0.0080
  1.30   12    -583.88     -5.33     -4.75     -0.59  0.19 0.0080
  1.30   12    -583.90     -5.24     -4.65     -0.58  0.19 0.0080
  1.30   12    -583.90     -5.13     -4.55     -0.58  0.19 0.0080
  1.30   12    -583.92     -5.21     -4.63     -0.58  0.19 0.0080
  1.30   12    -583.93     -5.18     -4.59     -0.59  0.19 0.0080
  1.30   12    -583.93     -5.30     -4.72     -0.59  0.19 0.0080
  1.30   12    -583.93     -5.26     -4.67     -0.59  0.19 0.0080
  1.30   12    -583.92     -5.21     -4.62     -0.59  0.19 0.0080
  1.30   12    -583.91     -5.11     -4.52     -0.59  0.19 0.0080
  1.30   12    -583.91     -5.15     -4.56     -0.59  0.19 0.0080
  1.30   13    -583.91     -4.99     -4.39     -0.60  0.19 0.0080
  1.30   13    -583.90     -5.09     -4.49     -0.60  0.19 0.0080
  1.30   13    -583.90     -5.10     -4.48     -0.61  0.19 0.0080
  1.30   13    -583.91     -5.09     -4.49     -0.60  0.19 0.0080
  1.30   13    -583.90     -5.17     -4.57     -0.60  0.19 0.0080
  1.30   13    -583.90     -5.15     -4.56     -0.59  0.19 0.0080
  1.30   13    -583.89     -5.00     -4.41     -0.59  0.19 0.0080
  1.30   13    -583.88     -4.88     -4.29     -0.58  0.19 0.0080
  1.30   13    -583.87     -4.94     -4.36     -0.58  0.19 0.0080
  1.30   13    -583.86     -4.94     -4.36     -0.58  0.19 0.0080
  1.30   14    -583.84     -5.03     -4.45     -0.57  0.19 0.0080
  1.30   14    -583.83     -5.24     -4.68     -0.56  0.19 0.0080
  1.30   14    -583.82     -5.35     -4.78     -0.57  0.19 0.0080
  1.30   14    -583.82     -5.29     -4.71     -0.57  0.19 0.0080
  1.30   14    -583.83     -5.40     -4.82     -0.58  0.18 0.0080
  1.30   14    -583.84     -5.25     -4.66     -0.59  0.19 0.0080
  1.30   14    -583.86     -5.15     -4.56     -0.59  0.18 0.0080
  1.30   14    -583.88     -5.20     -4.61     -0.60  0.18 0.0080
  1.30   14    -583.88     -5.21     -4.61     -0.60  0.18 0.0080
  1.30   14    -583.86     -5.26     -4.66     -0.60  0.18 0.0080
  1.30   15    -583.87     -5.07     -4.47     -0.61  0.19 0.0080
  1.30   15    -583.87     -5.08     -4.46     -0.62  0.19 0.0080
  1.30   15    -583.86     -4.93     -4.30     -0.63  0.19 0.0080
  1.30   15    -583.85     -4.84     -4.21     -0.63  0.18 0.0080
  1.30   15    -583.84     -4.77     -4.14     -0.63  0.18 0.0080
  1.30   15    -583.86     -4.75     -4.13     -0.63  0.18 0.0080
  1.30   15    -583.84     -4.77     -4.15     -0.63  0.18 0.0080
  1.30   15    -583.85     -4.82     -4.21     -0.61  0.18 0.0080
  1.30   15    -583.84     -4.80     -4.19     -0.61  0.18 0.0080
  1.30   15    -583.82     -4.76     -4.14     -0.62  0.18 0.0080
  1.30   16    -583.82     -4.71     -4.09     -0.62  0.18 0.0080
  1.30   16    -583.85     -4.69     -4.08     -0.61  0.18 0.0080
  1.30   16    -583.83     -4.67     -4.06     -0.61  0.18 0.0080
  1.30   16    -583.81     -4.66     -4.05     -0.61  0.18 0.0080
  1.30   16    -583.82     -4.70     -4.08     -0.61  0.18 0.0080
  1.30   16    -583.82     -4.62     -4.01     -0.61  0.18 0.0080
  1.30   16    -583.83     -4.61     -4.00     -0.61  0.18 0.0080
  1.30   16    -583.82     -4.64     -4.02     -0.61  0.18 0.0080
  1.30   16    -583.83     -4.59     -3.99     -0.60  0.18 0.0080
  1.30   16    -583.82     -4.52     -3.92     -0.61  0.18 0.0080
  1.30   17    -583.82     -4.49     -3.87     -0.61  0.18 0.0080
  1.30   17    -583.82     -4.43     -3.81     -0.62  0.18 0.0080
  1.30   17    -583.83     -4.43     -3.82     -0.61  0.18 0.0080
  1.30   17    -583.83     -4.37     -3.76     -0.61  0.18 0.0080
  1.30   17    -583.82     -4.45     -3.84     -0.61  0.18 0.0080
  1.30   17    -583.81     -4.44     -3.83     -0.61  0.18 0.0080
  1.30   17    -583.80     -4.39     -3.78     -0.61  0.18 0.0080
  1.30   17    -583.81     -4.37     -3.75     -0.61  0.18 0.0080
  1.30   17    -583.79     -4.29     -3.66     -0.62  0.18 0.0080
  1.30   17    -583.79     -4.27     -3.66     -0.62  0.18 0.0080
  1.30   18    -583.80     -4.26     -3.65     -0.61  0.18 0.0080
  1.30   18    -583.80     -4.18     -3.56     -0.62  0.18 0.0080
  1.30   18    -583.79     -4.25     -3.63     -0.62  0.18 0.0080
  1.30   18    -583.79     -4.26     -3.65     -0.61  0.18 0.0080
  1.30   18    -583.79     -4.44     -3.83     -0.61  0.18 0.0080
  1.30   18    -583.80     -4.38     -3.77     -0.61  0.18 0.0080
  1.30   18    -583.80     -4.48     -3.87     -0.61  0.18 0.0080
  1.30   18    -583.79     -4.49     -3.87     -0.61  0.18 0.0080
  1.30   18    -583.78     -4.45     -3.84     -0.61  0.18 0.0080
  1.30   18    -583.77     -4.32     -3.70     -0.62  0.18 0.0080
  1.30   19    -583.77     -4.28     -3.67     -0.61  0.18 0.0080
  1.30   19    -583.76     -4.14     -3.52     -0.62  0.18 0.0080
  1.30   19    -583.76     -4.13     -3.52     -0.62  0.18 0.0080
  1.30   19    -583.76     -4.10     -3.48     -0.61  0.18 0.0080
  1.30   19    -583.76     -4.06     -3.44     -0.62  0.18 0.0080
  1.30   19    -583.75     -4.10     -3.49     -0.61  0.18 0.0080
  1.30   19    -583.75     -4.25     -3.64     -0.61  0.18 0.0080
  1.30   19    -583.75     -4.23     -3.63     -0.60  0.18 0.0080
  1.30   19    -583.75     -4.21     -3.60     -0.61  0.18 0.0080
  1.30   19    -583.75     -4.14     -3.52     -0.62  0.18 0.0080
  1.30   20    -583.75     -4.12     -3.49     -0.62  0.18 0.0080
  1.30   20    -583.75     -4.16     -3.55     -0.62  0.18 0.0080
  1.30   20    -583.74     -4.11     -3.49     -0.62  0.18 0.0080
  1.30   20    -583.75     -4.08     -3.45     -0.62  0.18 0.0080
  1.30   20    -583.75     -4.23     -3.61     -0.62  0.18 0.0080
  1.30   20    -583.76     -4.17     -3.54     -0.63  0.18 0.0080
  1.30   20    -583.75     -4.08     -3.44     -0.64  0.18 0.0080
  1.30   20    -583.74     -4.08     -3.44     -0.64  0.18 0.0080
  1.30   20    -583.73     -4.07     -3.42     -0.65  0.18 0.0080
  1.30   20    -583.74     -4.08     -3.43     -0.65  0.18 0.0080
  1.30   21    -583.73     -4.15     -3.52     -0.64  0.18 0.0080
  1.30   21    -583.73     -4.14     -3.50     -0.63  0.18 0.0080
  1.30   21    -583.74     -4.12     -3.48     -0.63  0.18 0.0080
  1.30   21    -583.73     -4.27     -3.64     -0.63  0.18 0.0080
  1.30   21    -583.73     -4.44     -3.82     -0.63  0.18 0.0080
  1.30   21    -583.72     -4.40     -3.77     -0.63  0.18 0.0080
  1.30   21    -583.72     -4.27     -3.64     -0.63  0.18 0.0080
  1.30   21    -583.72     -4.35     -3.72     -0.63  0.18 0.0080
  1.30   21    -583.71     -4.32     -3.69     -0.63  0.18 0.0080
  1.30   21    -583.71     -4.32     -3.70     -0.63  0.18 0.0080
  1.30   22    -583.71     -4.35     -3.72     -0.62  0.18 0.0080
  1.30   22    -583.72     -4.40     -3.79     -0.62  0.18 0.0080
  1.30   22    -583.73     -4.35     -3.74     -0.62  0.18 0.0080
  1.30   22    -583.72     -4.33     -3.71     -0.62  0.18 0.0080
  1.30   22    -583.72     -4.37     -3.74     -0.62  0.18 0.0080
  1.30   22    -583.70     -4.43     -3.80     -0.63  0.19 0.0080
  1.30   22    -583.71     -4.38     -3.75     -0.63  0.19 0.0080
  1.30   22    -583.72     -4.39     -3.76     -0.63  0.19 0.0080
  1.30   22    -583.71     -4.38     -3.76     -0.62  0.19 0.0080
  1.30   22    -583.71     -4.42     -3.80     -0.62  0.19 0.0080
  1.30   23    -583.70     -4.41     -3.80     -0.61  0.19 0.0080
  1.30   23    -583.71     -4.46     -3.84     -0.61  0.19 0.0080
  1.30   23    -583.70     -4.45     -3.83     -0.62  0.19 0.0080
  1.30   23    -583.68     -4.49     -3.87     -0.61  0.19 0.0080
  1.30   23    -583.67     -4.42     -3.80     -0.61  0.19 0.0080
  1.30   23    -583.67     -4.36     -3.75     -0.61  0.18 0.0080
  1.30   23    -583.68     -4.36     -3.75     -0.61  0.19 0.0080
  1.30   23    -583.68     -4.46     -3.86     -0.61  0.19 0.0080
  1.30   23    -583.67     -4.56     -3.95     -0.61  0.19 0.0080
  1.30   23    -583.67     -4.61     -4.00     -0.61  0.19 0.0080
  1.30   24    -583.66     -4.60     -3.98     -0.61  0.19 0.0080
  1.30   24    -583.66     -4.55     -3.93     -0.62  0.19 0.0080
  1.30   24    -583.67     -4.55     -3.93     -0.62  0.19 0.0080
  1.30   24    -583.66     -4.52     -3.91     -0.62  0.18 0.0080
  1.30   24    -583.66     -4.50     -3.89     -0.61  0.19 0.0080
  1.30   24    -583.65     -4.46     -3.84     -0.62  0.19 0.0080
  1.30   24    -583.65     -4.48     -3.86     -0.62  0.19 0.0080
  1.30   24    -583.66     -4.53     -3.92     -0.61  0.19 0.0080
  1.30   24    -583.66     -4.56     -3.94     -0.62  0.19 0.0080
  1.30   24    -583.67     -4.58     -3.97     -0.62  0.18 0.0080
  1.30   25    -583.67     -4.62     -4.01     -0.61  0.19 0.0080
  1.30   25    -583.67     -4.57     -3.96     -0.61  0.18 0.0080
  1.30   25    -583.67     -4.53     -3.92     -0.62  0.18 0.0080
  1.30   25    -583.67     -4.63     -4.01     -0.61  0.19 0.0080
  1.30   25    -583.67     -4.62     -4.00     -0.62  0.19 0.0080
  1.30   25    -583.67     -4.67     -4.06     -0.61  0.19 0.0080
  1.30   25    -583.67     -4.70     -4.09     -0.61  0.19 0.0080
  1.30   25    -583.66     -4.72     -4.11     -0.60  0.19 0.0080
  1.30   25    -583.65     -4.69     -4.08     -0.60  0.19 0.0080
  1.30   25    -583.66     -4.69     -4.09     -0.61  0.19 0.0080
  1.30   26    -583.66     -4.57     -3.96     -0.61  0.19 0.0080
  1.30   26    -583.66     -4.53     -3.92     -0.61  0.19 0.0080
  1.30   26    -583.66     -4.51     -3.89     -0.62  0.19 0.0080
  1.30   26    -583.66     -4.54     -3.92     -0.62  0.19 0.0080
  1.30   26    -583.66     -4.49     -3.86     -0.62  0.19 0.0080
  1.30   26    -583.65     -4.43     -3.81     -0.62  0.19 0.0080
  1.30   26    -583.65     -4.46     -3.84     -0.62  0.19 0.0080
  1.30   26    -583.66     -4.46     -3.84     -0.62  0.19 0.0080
  1.30   26    -583.66     -4.47     -3.85     -0.62  0.19 0.0080
  1.30   26    -583.66     -4.48     -3.85     -0.63  0.19 0.0080
  1.30   27    -583.65     -4.50     -3.87     -0.63  0.19 0.0080
  1.30   27    -583.64     -4.57     -3.95     -0.62  0.19 0.0080
  1.30   27    -583.65     -4.56     -3.94     -0.62  0.19 0.0080
  1.30   27    -583.65     -4.61     -3.99     -0.61  0.19 0.0080
  1.30   27    -583.64     -4.63     -4.01     -0.62  0.19 0.0080
  1.30   27    -583.64     -4.57     -3.96     -0.61  0.19 0.0080
  1.30   27    -583.65     -4.54     -3.93     -0.61  0.19 0.0080
  1.30   27    -583.64     -4.58     -3.96     -0.62  0.19 0.0080
  1.30   27    -583.64     -4.57     -3.96     -0.61  0.19 0.0080
  1.30   27    -583.63     -4.54     -3.93     -0.61  0.19 0.0080
  1.30   28    -583.63     -4.53     -3.92     -0.61  0.19 0.0080
  1.30   28    -583.64     -4.54     -3.94     -0.60  0.19 0.0080
  1.30   28    -583.64     -4.54     -3.94     -0.60  0.19 0.0080
  1.30   28    -583.64     -4.58     -3.98     -0.60  0.19 0.0080
  1.30   28    -583.65     -4.50     -3.91     -0.60  0.19 0.0080
  1.30   28    -583.66     -4.44     -3.85     -0.59  0.19 0.0080
  1.30   28    -583.66     -4.41     -3.81     -0.59  0.19 0.0080
  1.30   28    -583.66     -4.39     -3.81     -0.59  0.19 0.0080
  1.30   28    -583.65     -4.32     -3.74     -0.59  0.19 0.0080
  1.30   28    -583.65     -4.28     -3.70     -0.58  0.19 0.0080
  1.30   29    -583.65     -4.28     -3.71     -0.58  0.19 0.0080
  1.30   29    -583.65     -4.26     -3.68     -0.57  0.19 0.0080
  1.30   29    -583.64     -4.23     -3.67     -0.56  0.19 0.0080
  1.30   29    -583.65     -4.26     -3.69     -0.56  0.19 0.0080
  1.30   29    -583.64     -4.28     -3.72     -0.56  0.19 0.0080
  1.30   29    -583.64     -4.29     -3.72     -0.57  0.19 0.0080
  1.30   29    -583.64     -4.36     -3.79     -0.57  0.19 0.0080
  1.30   29    -583.64     -4.36     -3.79     -0.56  0.19 0.0080
  1.30   29    -583.64     -4.31     -3.75     -0.56  0.19 0.0080
  1.30   29    -583.65     -4.32     -3.77     -0.55  0.19 0.0080
  1.30   30    -583.65     -4.27     -3.72     -0.55  0.19 0.0080
  1.30   30    -583.66     -4.25     -3.70     -0.55  0.19 0.0080
  1.30   30    -583.66     -4.32     -3.77     -0.55  0.19 0.0080
  1.30   30    -583.66     -4.27     -3.73     -0.54  0.19 0.0080
  1.30   30    -583.65     -4.27     -3.73     -0.54  0.19 0.0080
  1.30   30    -583.65     -4.29     -3.75     -0.54  0.19 0.0080
  1.30   30    -583.66     -4.25     -3.71     -0.54  0.19 0.0080
  1.30   30    -583.66     -4.28     -3.74     -0.54  0.19 0.0080
  1.30   30    -583.66     -4.22     -3.69     -0.53  0.19 0.0080
  1.30   30    -583.66     -4.25     -3.73     -0.52  0.19 0.0080
  1.30   31    -583.65     -4.32     -3.80     -0.51  0.19 0.0080
