  1.30    0   -1382.25    -11.95    -19.42      7.47  0.68 0.0080
  1.30    0   -1378.40    -12.54    -12.84      0.30  0.68 0.0080
  1.30    0   -1375.21    -12.55    -13.69      1.14  0.68 0.0080
  1.30    0   -1372.18    -10.63    -12.60      1.97  0.68 0.0080
  1.30    0   -1372.74    -11.66    -13.94      2.28  0.68 0.0080
  1.30    0   -1372.84    -13.29    -15.65      2.35  0.68 0.0080
  1.30    0   -1373.38    -14.00    -16.32      2.32  0.68 0.0080
  1.30    0   -1373.25    -14.42    -15.96      1.54  0.68 0.0080
  1.30    0   -1373.07    -14.32    -16.52      2.20  0.68 0.0080
  1.30    1   -1372.15    -15.15    -17.02      1.88  0.68 0.0080
  1.30    1   -1371.15    -16.02    -17.98      1.96  0.68 0.0080
  1.30    1   -1371.10    -16.35    -18.54      2.19  0.68 0.0080
  1.30    1   -1370.73    -16.64    -18.63      1.98  0.68 0.0080
  1.30    1   -1370.66    -15.77    -17.53      1.76  0.68 0.0080
  1.30    1   -1370.90    -15.41    -16.78      1.38  0.68 0.0080
  1.30    1   -1369.93    -15.24    -16.46      1.22  0.68 0.0080
  1.30    1   -1369.17    -14.30    -15.86      1.57  0.68 0.0080
  1.30    1   -1369.33    -14.75    -16.43      1.67  0.68 0.0080
  1.30    1   -1369.06    -14.64    -16.26      1.62  0.68 0.0080
  1.30    2   -1369.20    -14.54    -16.17      1.63  0.68 0.0080
  1.30    2   -1368.89    -14.25    -15.79      1.54  0.68 0.0080
  1.30    2   -1369.11    -14.34    -16.04      1.70  0.68 0.0080
  1.30    2   -1369.03    -14.15    -15.72      1.57  0.68 0.0080
  1.30    2   -1369.39    -14.31    -16.12      1.81  0.69 0.0080
  1.30    2   -1370.22    -14.00    -15.78      1.78  0.69 0.0080
  1.30    2   -1370.67    -13.28    -15.24      1.96  0.69 0.0080
  1.30    2   -1371.40    -12.52    -14.59      2.07  0.69 0.0080
  1.30    2   -1371.14    -12.35    -14.01      1.66  0.69 0.0080
  1.30    2   -1371.10    -11.76    -13.51      1.75  0.69 0.0080
  1.30    3   -1371.05    -11.62    -13.32      1.70  0.69 0.0080
  1.30    3   -1370.69    -12.12    -13.74      1.62  0.69 0.0080
  1.30    3   -1370.94    -11.92    -13.62      1.70  0.69 0.0080
  1.30    3   -1370.86    -12.11    -13.58      1.48  0.69 0.0080
  1.30    3   -1370.41    -12.05    -13.53      1.48  0.69 0.0080
  1.30    3   -1370.15    -12.07    -13.60      1.53  0.69 0.0080
  1.30    3   -1370.00    -11.97    -13.52      1.55  0.69 0.0080
  1.30    3   -1370.12    -11.81    -13.31      1.50  0.69 0.0080
  1.30    3   -1370.62    -11.52    -13.32      1.80  0.68 0.0080
  1.30    3   -1371.21    -11.19    -13.01      1.82  0.69 0.0080
  1.30    4   -1371.62    -11.14    -12.87      1.73  0.69 0.0080
  1.30    4   -1371.51    -10.96    -12.64      1.67  0.69 0.0080
  1.30    4   -1371.59    -10.95    -12.67      1.72  0.69 0.0080
  1.30    4   -1371.76    -10.83    -12.38      1.55  0.69 0.0080
  1.30    4   -1371.81    -10.94    -12.58      1.64  0.69 0.0080
  1.30    4   -1371.41    -10.69    -12.52      1.82  0.69 0.0080
  1.30    4   -1371.51    -10.75    -12.50      1.75  0.69 0.0080
  1.30    4   -1371.59    -10.70    -12.36      1.66  0.69 0.0080
  1.30    4   -1371.65    -10.35    -11.88      1.52  0.69 0.0080
  1.30    4   -1371.39    -10.63    -12.38      1.75  0.69 0.0080
  1.30    5   -1371.11    -10.77    -12.65      1.88  0.69 0.0080
  1.30    5   -1371.17    -10.84    -12.77      1.93  0.69 0.0080
  1.30    5   -1371.35    -10.80    -12.93      2.13  0.69 0.0080
  1.30    5   -1371.60    -10.77    -12.88      2.11  0.69 0.0080
  1.30    5   -1371.96    -10.95    -12.99      2.04  0.69 0.0080
  1.30    5   -1372.05    -11.10    -12.98      1.88  0.69 0.0080
  1.30    5   -1372.15    -11.05    -12.77      1.72  0.69 0.0080
  1.30    5   -1372.31    -11.23    -12.92      1.69  0.69 0.0080
  1.30    5   -1372.46    -11.15    -13.02      1.87  0.69 0.0080
  1.30    5   -1372.48    -11.31    -13.10      1.79  0.69 0.0080
  1.30    6   -1372.34    -11.49    -13.25      1.76  0.69 0.0080
  1.30    6   -1372.32    -11.47    -13.30      1.83  0.69 0.0080
  1.30    6   -1372.49    -11.51    -13.27      1.77  0.69 0.0080
  1.30    6   -1372.42    -11.51    -13.36      1.85  0.69 0.0080
  1.30    6   -1372.44    -11.54    -13.57      2.03  0.69 0.0080
  1.30    6   -1372.20    -11.44    -13.43      1.98  0.69 0.0080
  1.30    6   -1372.34    -11.68    -13.57      1.89  0.69 0.0080
  1.30    6   -1372.49    -11.79    -13.63      1.84  0.69 0.0080
  1.30    6   -1372.68    -11.74    -13.61      1.87  0.69 0.0080
  1.30    6   -1372.95    -11.83    -13.79      1.96  0.69 0.0080
  1.30    7   -1373.07    -11.90    -13.87      1.97  0.69 0.0080
  1.30    7   -1373.22    -11.96    -14.03      2.07  0.69 0.0080
  1.30    7   -1373.43    -11.80    -13.98      2.18  0.69 0.0080
  1.30    7   -1373.51    -11.71    -13.91      2.20  0.69 0.0080
  1.30    7   -1373.48    -11.55    -13.84      2.29  0.69 0.0080
  1.30    7   -1373.27    -11.59    -13.83      2.24  0.69 0.0080
  1.30    7   -1373.31    -11.54    -13.88      2.34  0.69 0.0080
  1.30    7   -1373.48    -11.44    -13.93      2.49  0.69 0.0080
  1.30    7   -1373.40    -11.43    -13.97      2.54  0.69 0.0080
  1.30    7   -1373.62    -11.56    -14.15      2.59  0.69 0.0080
  1.30    8   -1373.73    -11.48    -14.04      2.57  0.70 0.0080
  1.30    8   -1373.77    -11.45    -13.96      2.51  0.70 0.0080
  1.30    8   -1373.87    -11.49    -13.98      2.49  0.70 0.0080
  1.30    8   -1373.99    -11.68    -14.08      2.40  0.70 0.0080
  1.30    8   -1373.96    -11.57    -13.97      2.40  0.70 0.0080
  1.30    8   -1374.00    -11.60    -14.11      2.50  0.70 0.0080
  1.30    8   -1373.89    -11.67    -14.07      2.41  0.70 0.0080
  1.30    8   -1373.78    -11.65    -14.13      2.49  0.70 0.0080
  1.30    8   -1373.64    -11.65    -14.18      2.53  0.70 0.0080
  1.30    8   -1373.49    -11.60    -14.15      2.55  0.70 0.0080
  1.30    9   -1373.56    -11.64    -14.11      2.47  0.70 0.0080
  1.30    9   -1373.50    -11.72    -14.19      2.47  0.70 0.0080
  1.30    9   -1373.53    -11.69    -14.20      2.51  0.70 0.0080
  1.30    9   -1373.70    -11.66    -14.22      2.56  0.70 0.0080
  1.30    9   -1373.68    -11.64    -14.17      2.54  0.70 0.0080
  1.30    9   -1373.63    -11.67    -14.17      2.50  0.70 0.0080
  1.30    9   -1373.53    -11.70    -14.26      2.57  0.70 0.0080
  1.30    9   -1373.50    -11.71    -14.32      2.61  0.70 0.0080
  1.30    9   -1373.55    -11.79    -14.44      2.65  0.70 0.0080
  1.30    9   -1373.61    -11.81    -14.49      2.67  0.70 0.0080
  1.30   10   -1373.67    -11.79    -14.51      2.72  0.70 0.0080
  1.30   10   -1373.61    -11.90    -14.62      2.72  0.70 0.0080
  1.30   10   -1373.43    -11.86    -14.59      2.73  0.70 0.0080
  1.30   10   -1373.29    -11.87    -14.60      2.73  0.70 0.0080
  1.30   10   -1373.16    -11.82    -14.55      2.73  0.70 0.0080
  1.30   10   -1373.19    -11.70    -14.50      2.80  0.70 0.0080
  1.30   10   -1373.18    -11.65    -14.43      2.77  0.70 0.0080
  1.30   10   -1373.24    -11.78    -14.49      2.71  0.70 0.0080
  1.30   10   -1373.28    -11.86    -14.54      2.68  0.70 0.0080
  1.30   10   -1373.32    -11.87    -14.62      2.76  0.70 0.0080
  1.30   11   -1373.30    -11.71    -14.61      2.90  0.70 0.0080
  1.30   11   -1373.36    -11.65    -14.60      2.95  0.70 0.0080
  1.30   11   -1373.33    -11.69    -14.64      2.95  0.70 0.0080
  1.30   11   -1373.23    -11.69    -14.65      2.96  0.70 0.0080
  1.30   11   -1373.28    -11.70    -14.65      2.95  0.70 0.0080
  1.30   11   -1373.33    -11.81    -14.76      2.95  0.70 0.0080
  1.30   11   -1373.47    -11.82    -14.79      2.98  0.70 0.0080
  1.30   11   -1373.55    -11.86    -14.82      2.95  0.70 0.0080
  1.30   11   -1373.62    -11.86    -14.86      3.00  0.70 0.0080
  1.30   11   -1373.60    -11.91    -14.85      2.95  0.70 0.0080
  1.30   12   -1373.59    -11.90    -14.88      2.97  0.70 0.0080
  1.30   12   -1373.69    -11.87    -14.82      2.95  0.70 0.0080
  1.30   12   -1373.56    -11.94    -14.87      2.93  0.70 0.0080
  1.30   12   -1373.59    -12.03    -15.00      2.98  0.70 0.0080
  1.30   12   -1373.53    -12.03    -15.02      2.99  0.70 0.0080
  1.30   12   -1373.55    -12.04    -14.99      2.95  0.70 0.0080
  1.30   12   -1373.53    -12.09    -15.05      2.96  0.70 0.0080
  1.30   12   -1373.65    -12.08    -15.08      3.00  0.70 0.0080
  1.30   12   -1373.74    -12.10    -15.12      3.02  0.70 0.0080
  1.30   12   -1373.78    -12.04    -15.05      3.01  0.70 0.0080
  1.30   13   -1373.83    -12.04    -15.05      3.01  0.70 0.0080
  1.30   13   -1373.76    -12.00    -14.99      2.99  0.70 0.0080
  1.30   13   -1373.75    -11.98    -14.96      2.99  0.70 0.0080
  1.30   13   -1373.79    -11.95    -14.91      2.96  0.70 0.0080
  1.30   13   -1373.78    -11.98    -14.93      2.95  0.70 0.0080
  1.30   13   -1373.78    -12.04    -15.01      2.97  0.70 0.0080
  1.30   13   -1373.78    -12.08    -15.09      3.00  0.70 0.0080
  1.30   13   -1373.73    -12.08    -15.11      3.03  0.70 0.0080
  1.30   13   -1373.70    -12.07    -15.10      3.03  0.70 0.0080
  1.30   13   -1373.68    -12.09    -15.15      3.06  0.70 0.0080
  1.30   14   -1373.71    -12.10    -15.19      3.09  0.70 0.0080
  1.30   14   -1373.69    -12.15    -15.14      2.99  0.70 0.0080
  1.30   14   -1373.67    -12.12    -15.10      2.98  0.70 0.0080
  1.30   14   -1373.63    -12.09    -15.07      2.98  0.70 0.0080
  1.30   14   -1373.56    -12.09    -15.09      3.00  0.70 0.0080
  1.30   14   -1373.56    -12.06    -15.07      3.01  0.70 0.0080
  1.30   14   -1373.55    -12.06    -15.03      2.97  0.70 0.0080
  1.30   14   -1373.51    -12.00    -14.92      2.92  0.70 0.0080
  1.30   14   -1373.60    -12.04    -14.95      2.91  0.70 0.0080
  1.30   14   -1373.58    -12.06    -14.93      2.87  0.70 0.0080
  1.30   15   -1373.52    -12.04    -14.92      2.88  0.70 0.0080
  1.30   15   -1373.46    -12.04    -14.85      2.81  0.70 0.0080
  1.30   15   -1373.35    -12.03    -14.85      2.82  0.70 0.0080
  1.30   15   -1373.37    -12.01    -14.84      2.83  0.70 0.0080
  1.30   15   -1373.41    -11.86    -14.72      2.86  0.70 0.0080
  1.30   15   -1373.43    -11.79    -14.73      2.94  0.70 0.0080
  1.30   15   -1373.43    -11.84    -14.78      2.94  0.70 0.0080
  1.30   15   -1373.37    -12.03    -15.00      2.98  0.70 0.0080
  1.30   15   -1373.43    -11.97    -14.97      3.00  0.70 0.0080
  1.30   15   -1373.46    -12.03    -15.03      3.00  0.70 0.0080
  1.30   16   -1373.53    -12.08    -15.09      3.02  0.70 0.0080
  1.30   16   -1373.49    -12.08    -15.11      3.03  0.70 0.0080
  1.30   16   -1373.46    -12.17    -15.15      2.98  0.70 0.0080
  1.30   16   -1373.42    -12.18    -15.17      2.99  0.70 0.0080
  1.30   16   -1373.43    -12.06    -15.05      2.99  0.70 0.0080
  1.30   16   -1373.44    -12.15    -15.14      3.00  0.70 0.0080
  1.30   16   -1373.45    -12.11    -15.09      2.98  0.70 0.0080
  1.30   16   -1373.44    -12.10    -15.05      2.95  0.70 0.0080
  1.30   16   -1373.49    -12.08    -14.95      2.87  0.70 0.0080
  1.30   16   -1373.50    -12.12    -14.99      2.87  0.70 0.0080
  1.30   17   -1373.58    -12.19    -15.02      2.83  0.70 0.0080
  1.30   17   -1373.68    -12.13    -14.95      2.82  0.70 0.0080
  1.30   17   -1373.64    -12.15    -14.99      2.84  0.70 0.0080
  1.30   17   -1373.64    -12.20    -15.06      2.86  0.70 0.0080
  1.30   17   -1373.64    -12.20    -15.04      2.84  0.70 0.0080
  1.30   17   -1373.65    -12.15    -15.00      2.85  0.70 0.0080
  1.30   17   -1373.66    -12.16    -15.01      2.85  0.70 0.0080
  1.30   17   -1373.69    -12.13    -14.98      2.85  0.70 0.0080
  1.30   17   -1373.66    -12.17    -15.01      2.84  0.70 0.0080
  1.30   17   -1373.64    -12.25    -15.06      2.80  0.70 0.0080
  1.30   18   -1373.64    -12.22    -15.08      2.87  0.70 0.0080
  1.30   18   -1373.69    -12.19    -15.06      2.87  0.70 0.0080
  1.30   18   -1373.69    -12.19    -15.08      2.89  0.70 0.0080
  1.30   18   -1373.64    -12.24    -15.16      2.92  0.70 0.0080
  1.30   18   -1373.72    -12.23    -15.10      2.87  0.70 0.0080
  1.30   18   -1373.79    -12.21    -15.05      2.84  0.70 0.0080
  1.30   18   -1373.79    -12.14    -15.01      2.87  0.70 0.0080
  1.30   18   -1373.85    -12.21    -15.01      2.80  0.70 0.0080
  1.30   18   -1373.94    -12.17    -14.98      2.81  0.70 0.0080
  1.30   18   -1373.97    -12.08    -14.88      2.80  0.70 0.0080
  1.30   19   -1373.99    -12.12    -14.95      2.83  0.70 0.0080
  1.30   19   -1374.02    -12.19    -15.05      2.85  0.70 0.0080
  1.30   19   -1373.92    -12.21    -15.08      2.87  0.70 0.0080
  1.30   19   -1373.89    -12.27    -15.19      2.92  0.70 0.0080
  1.30   19   -1373.92    -12.27    -15.16      2.89  0.70 0.0080
  1.30   19   -1373.95    -12.27    -15.17      2.90  0.70 0.0080
  1.30   19   -1373.98    -12.35    -15.26      2.91  0.70 0.0080
  1.30   19   -1374.09    -12.32    -15.25      2.93  0.70 0.0080
  1.30   19   -1374.19    -12.30    -15.28      2.98  0.70 0.0080
  1.30   19   -1374.23    -12.30    -15.29      2.98  0.70 0.0080
  1.30   20   -1374.25    -12.32    -15.29      2.98  0.70 0.0080
  1.30   20   -1374.28    -12.36    -15.38      3.02  0.70 0.0080
  1.30   20   -1374.29    -12.36    -15.35      2.99  0.70 0.0080
  1.30   20   -1374.29    -12.36    -15.36      2.99  0.70 0.0080
  1.30   20   -1374.33    -12.33    -15.33      3.00  0.70 0.0080
  1.30   20   -1374.33    -12.36    -15.35      2.99  0.70 0.0080
  1.30   20   -1374.32    -12.39    -15.33      2.94  0.70 0.0080
  1.30   20   -1374.32    -12.36    -15.34      2.98  0.70 0.0080
  1.30   20   -1374.35    -12.40    -15.38      2.98  0.70 0.0080
  1.30   20   -1374.42    -12.37    -15.35      2.99  0.70 0.0080
  1.30   21   -1374.41    -12.39    -15.38      2.99  0.70 0.0080
  1.30   21   -1374.40    -12.41    -15.39      2.98  0.70 0.0080
  1.30   21   -1374.36    -12.39    -15.37      2.98  0.70 0.0080
  1.30   21   -1374.31    -12.41    -15.37      2.95  0.70 0.0080
  1.30   21   -1374.31    -12.37    -15.38      3.01  0.70 0.0080
  1.30   21   -1374.34    -12.29    -15.29      3.00  0.70 0.0080
  1.30   21   -1374.34    -12.38    -15.37      2.99  0.70 0.0080
  1.30   21   -1374.25    -12.38    -15.39      3.00  0.70 0.0080
  1.30   21   -1374.18    -12.44    -15.42      2.98  0.70 0.0080
  1.30   21   -1374.16    -12.46    -15.46      3.00  0.70 0.0080
  1.30   22   -1374.15    -12.46    -15.49      3.03  0.70 0.0080
  1.30   22   -1374.17    -12.41    -15.45      3.04  0.70 0.0080
  1.30   22   -1374.15    -12.49    -15.52      3.03  0.70 0.0080
  1.30   22   -1374.13    -12.50    -15.51      3.01  0.70 0.0080
  1.30   22   -1374.14    -12.50    -15.47      2.97  0.70 0.0080
  1.30   22   -1374.20    -12.47    -15.46      2.99  0.70 0.0080
  1.30   22   -1374.23    -12.44    -15.43      3.00  0.70 0.0080
  1.30   22   -1374.23    -12.39    -15.39      2.99  0.70 0.0080
  1.30   22   -1374.24    -12.38    -15.43      3.05  0.70 0.0080
  1.30   22   -1374.31    -12.39    -15.44      3.05  0.70 0.0080
  1.30   23   -1374.31    -12.43    -15.48      3.05  0.70 0.0080
  1.30   23   -1374.34    -12.40    -15.47      3.07  0.70 0.0080
  1.30   23   -1374.38    -12.41    -15.51      3.10  0.70 0.0080
  1.30   23   -1374.42    -12.44    -15.54      3.09  0.70 0.0080
  1.30   23   -1374.44    -12.46    -15.58      3.11  0.70 0.0080
  1.30   23   -1374.44    -12.49    -15.59      3.10  0.70 0.0080
  1.30   23   -1374.45    -12.47    -15.59      3.12  0.70 0.0080
  1.30   23   -1374.43    -12.48    -15.60      3.12  0.70 0.0080
  1.30   23   -1374.40    -12.52    -15.65      3.14  0.70 0.0080
  1.30   23   -1374.41    -12.44    -15.60      3.16  0.70 0.0080
  1.30   24   -1374.34    -12.48    -15.59      3.11  0.70 0.0080
  1.30   24   -1374.32    -12.48    -15.59      3.10  0.70 0.0080
  1.30   24   -1374.30    -12.49    -15.61      3.12  0.70 0.0080
  1.30   24   -1374.26    -12.54    -15.67      3.13  0.70 0.0080
  1.30   24   -1374.22    -12.60    -15.75      3.15  0.70 0.0080
  1.30   24   -1374.33    -12.62    -15.77      3.15  0.70 0.0080
  1.30   24   -1374.32    -12.61    -15.76      3.15  0.70 0.0080
  1.30   24   -1374.29    -12.64    -15.79      3.15  0.70 0.0080
  1.30   24   -1374.32    -12.65    -15.84      3.19  0.70 0.0080
  1.30   24   -1374.34    -12.67    -15.83      3.15  0.70 0.0080
  1.30   25   -1374.40    -12.67    -15.81      3.14  0.70 0.0080
  1.30   25   -1374.48    -12.66    -15.80      3.14  0.70 0.0080
  1.30   25   -1374.53    -12.63    -15.76      3.13  0.70 0.0080
  1.30   25   -1374.52    -12.63    -15.75      3.13  0.70 0.0080
  1.30   25   -1374.52    -12.61    -15.75      3.13  0.70 0.0080
  1.30   25   -1374.57    -12.65    -15.76      3.12  0.70 0.0080
  1.30   25   -1374.54    -12.61    -15.77      3.16  0.70 0.0080
  1.30   25   -1374.52    -12.64    -15.79      3.14  0.70 0.0080
  1.30   25   -1374.50    -12.64    -15.80      3.15  0.70 0.0080
  1.30   25   -1374.52    -12.62    -15.75      3.13  0.70 0.0080
  1.30   26   -1374.51    -12.64    -15.76      3.11  0.70 0.0080
  1.30   26   -1374.49    -12.64    -15.75      3.11  0.70 0.0080
  1.30   26   -1374.52    -12.66    -15.77      3.11  0.70 0.0080
  1.30   26   -1374.56    -12.64    -15.75      3.11  0.70 0.0080
  1.30   26   -1374.58    -12.63    -15.73      3.10  0.70 0.0080
  1.30   26   -1374.53    -12.64    -15.72      3.08  0.70 0.0080
  1.30   26   -1374.52    -12.66    -15.71      3.06  0.70 0.0080
  1.30   26   -1374.53    -12.66    -15.75      3.08  0.70 0.0080
  1.30   26   -1374.50    -12.64    -15.71      3.07  0.70 0.0080
  1.30   26   -1374.46    -12.64    -15.71      3.07  0.70 0.0080
  1.30   27   -1374.42    -12.64    -15.70      3.07  0.70 0.0080
  1.30   27   -1374.36    -12.66    -15.73      3.07  0.70 0.0080
  1.30   27   -1374.36    -12.68    -15.72      3.04  0.70 0.0080
  1.30   27   -1374.35    -12.70    -15.76      3.06  0.70 0.0080
  1.30   27   -1374.36    -12.74    -15.78      3.04  0.70 0.0080
  1.30   27   -1374.38    -12.74    -15.79      3.05  0.70 0.0080
  1.30   27   -1374.40    -12.73    -15.77      3.04  0.70 0.0080
  1.30   27   -1374.43    -12.77    -15.82      3.05  0.70 0.0080
  1.30   27   -1374.46    -12.75    -15.82      3.07  0.70 0.0080
  1.30   27   -1374.47    -12.74    -15.80      3.07  0.70 0.0080
  1.30   28   -1374.44    -12.79    -15.84      3.05  0.70 0.0080
  1.30   28   -1374.43    -12.76    -15.79      3.03  0.70 0.0080
  1.30   28   -1374.40    -12.78    -15.81      3.02  0.70 0.0080
  1.30   28   -1374.41    -12.83    -15.86      3.04  0.70 0.0080
  1.30   28   -1374.38    -12.79    -15.82      3.03  0.70 0.0080
  1.30   28   -1374.43    -12.75    -15.83      3.08  0.70 0.0080
  1.30   28   -1374.39    -12.75    -15.81      3.07  0.70 0.0080
  1.30   28   -1374.39    -12.74    -15.80      3.07  0.70 0.0080
  1.30   28   -1374.35    -12.72    -15.80      3.08  0.70 0.0080
  1.30   28   -1374.33    -12.75    -15.83      3.07  0.70 0.0080
  1.30   29   -1374.35    -12.75    -15.85      3.09  0.70 0.0080
  1.30   29   -1374.40    -12.71    -15.79      3.07  0.70 0.0080
  1.30   29   -1374.39    -12.72    -15.79      3.07  0.70 0.0080
  1.30   29   -1374.41    -12.70    -15.78      3.08  0.70 0.0080
  1.30   29   -1374.38    -12.65    -15.76      3.11  0.70 0.0080
  1.30   29   -1374.33    -12.64    -15.72      3.08  0.70 0.0080
  1.30   29   -1374.35    -12.67    -15.73      3.06  0.70 0.0080
  1.30   29   -1374.37    -12.70    -15.76      3.06  0.70 0.0080
  1.30   29   -1374.37    -12.70    -15.76      3.06  0.70 0.0080
  1.30   29   -1374.39    -12.67    -15.76      3.09  0.70 0.0080
  1.30   30   -1374.43    -12.70    -15.80      3.10  0.70 0.0080
  1.30   30   -1374.47    -12.71    -15.83      3.12  0.70 0.0080
  1.30   30   -1374.52    -12.70    -15.84      3.14  0.70 0.0080
  1.30   30   -1374.52    -12.73    -15.89      3.16  0.70 0.0080
  1.30   30   -1374.51    -12.73    -15.88      3.15  0.70 0.0080
  1.30   30   -1374.52    -12.67    -15.82      3.15  0.70 0.0080
  1.30   30   -1374.51    -12.71    -15.83      3.12  0.70 0.0080
  1.30   30   -1374.56    -12.71    -15.84      3.13  0.70 0.0080
  1.30   30   -1374.60    -12.72    -15.84      3.12  0.70 0.0080
  1.30   30   -1374.64    -12.73    -15.85      3.12  0.70 0.0080
  1.30   31   -1374.65    -12.73    -15.86      3.12  0.70 0.0080
  1.30   31   -1374.60    -12.75    -15.88      3.13  0.70 0.0080
  1.30   31   -1374.59    -12.79    -15.90      3.11  0.70 0.0080
  1.30   31   -1374.61    -12.77    -15.88      3.11  0.70 0.0080
  1.30   31   -1374.67    -12.74    -15.85      3.11  0.70 0.0080
  1.30   31   -1374.67    -12.78    -15.89      3.11  0.70 0.0080
  1.30   31   -1374.68    -12.82    -15.92      3.09  0.70 0.0080
  1.30   31   -1374.69    -12.81    -15.88      3.08  0.70 0.0080
  1.30   31   -1374.64    -12.84    -15.93      3.09  0.70 0.0080
  1.30   31   -1374.64    -12.79    -15.89      3.10  0.70 0.0080
  1.30   32   -1374.65    -12.76    -15.87      3.11  0.70 0.0080
