  1.30    0   -2036.95     -1.38    -27.69     26.31  1.27 0.0080
  1.30    0   -2032.13      1.96    -25.58     27.54  1.26 0.0080
  1.30    0   -2031.40      0.15    -26.41     26.56  1.24 0.0080
  1.30    0   -2033.86     -6.77    -27.07     20.30  1.25 0.0080
  1.30    0   -2033.93     -9.04    -23.08     14.03  1.27 0.0080
  1.30    0   -2033.77     -6.49    -18.82     12.33  1.27 0.0080
  1.30    0   -2035.68     -6.99    -19.53     12.54  1.27 0.0080
  1.30    0   -2036.54     -8.85    -19.80     10.95  1.26 0.0080
  1.30    0   -2035.14     -8.93    -20.15     11.22  1.26 0.0080
  1.30    1   -2035.31    -10.52    -19.52      9.00  1.26 0.0080
  1.30    1   -2035.49    -10.49    -20.03      9.54  1.26 0.0080
  1.30    1   -2036.15    -10.05    -20.74     10.69  1.27 0.0080
  1.30    1   -2035.74     -9.77    -18.95      9.19  1.27 0.0080
  1.30    1   -2035.50    -10.75    -19.74      8.99  1.28 0.0080
  1.30    1   -2034.60    -11.20    -19.24      8.04  1.28 0.0080
  1.30    1   -2034.22    -12.65    -20.44      7.79  1.28 0.0080
  1.30    1   -2033.73    -13.05    -20.16      7.11  1.28 0.0080
  1.30    1   -2033.67    -12.52    -18.36      5.83  1.28 0.0080
  1.30    1   -2033.87    -11.95    -18.01      6.06  1.28 0.0080
  1.30    2   -2034.18    -11.89    -18.01      6.12  1.28 0.0080
  1.30    2   -2034.88    -11.94    -18.40      6.45  1.28 0.0080
  1.30    2   -2033.73    -11.08    -18.50      7.41  1.27 0.0080
  1.30    2   -2032.88    -11.44    -18.27      6.84  1.26 0.0080
  1.30    2   -2031.81    -12.07    -18.39      6.32  1.26 0.0080
  1.30    2   -2031.27    -12.67    -18.93      6.26  1.26 0.0080
  1.30    2   -2030.97    -13.40    -18.51      5.11  1.26 0.0080
  1.30    2   -2030.73    -13.93    -18.48      4.55  1.26 0.0080
  1.30    2   -2030.74    -13.60    -18.62      5.03  1.25 0.0080
  1.30    2   -2030.48    -14.14    -19.42      5.29  1.25 0.0080
  1.30    3   -2030.26    -14.45    -19.27      4.82  1.25 0.0080
  1.30    3   -2029.86    -14.55    -18.85      4.30  1.25 0.0080
  1.30    3   -2029.70    -14.46    -19.05      4.59  1.25 0.0080
  1.30    3   -2029.24    -14.13    -18.54      4.41  1.25 0.0080
  1.30    3   -2028.89    -14.05    -18.29      4.24  1.25 0.0080
  1.30    3   -2028.87    -14.20    -19.00      4.80  1.25 0.0080
  1.30    3   -2028.62    -13.79    -18.89      5.10  1.25 0.0080
  1.30    3   -2028.63    -13.96    -19.12      5.16  1.25 0.0080
  1.30    3   -2028.54    -13.84    -20.09      6.25  1.25 0.0080
  1.30    3   -2028.34    -13.91    -20.58      6.67  1.25 0.0080
  1.30    4   -2027.78    -13.92    -21.01      7.09  1.25 0.0080
  1.30    4   -2027.19    -14.30    -21.48      7.18  1.25 0.0080
  1.30    4   -2026.87    -14.26    -21.70      7.44  1.25 0.0080
  1.30    4   -2026.84    -14.55    -21.52      6.97  1.25 0.0080
  1.30    4   -2026.76    -14.94    -22.11      7.17  1.24 0.0080
  1.30    4   -2026.93    -14.83    -21.63      6.80  1.25 0.0080
  1.30    4   -2026.90    -14.69    -21.13      6.44  1.25 0.0080
  1.30    4   -2027.16    -15.09    -21.04      5.95  1.25 0.0080
  1.30    4   -2027.17    -14.78    -20.94      6.17  1.25 0.0080
  1.30    4   -2027.28    -14.63    -21.15      6.52  1.25 0.0080
  1.30    5   -2027.67    -14.82    -21.45      6.63  1.25 0.0080
  1.30    5   -2028.19    -15.11    -21.38      6.28  1.25 0.0080
  1.30    5   -2028.79    -15.25    -21.07      5.82  1.25 0.0080
  1.30    5   -2029.06    -15.24    -21.25      6.02  1.25 0.0080
  1.30    5   -2029.01    -15.09    -20.97      5.88  1.25 0.0080
  1.30    5   -2029.19    -15.06    -20.99      5.93  1.25 0.0080
  1.30    5   -2029.48    -15.01    -21.01      5.99  1.25 0.0080
  1.30    5   -2029.61    -14.86    -20.80      5.94  1.25 0.0080
  1.30    5   -2029.91    -14.82    -20.45      5.62  1.25 0.0080
  1.30    5   -2030.01    -15.23    -20.27      5.04  1.25 0.0080
  1.30    6   -2030.06    -14.96    -20.12      5.16  1.25 0.0080
  1.30    6   -2030.14    -15.28    -20.51      5.24  1.25 0.0080
  1.30    6   -2030.47    -15.07    -20.44      5.38  1.25 0.0080
  1.30    6   -2030.54    -14.91    -20.39      5.48  1.25 0.0080
  1.30    6   -2030.76    -14.89    -20.57      5.68  1.25 0.0080
  1.30    6   -2030.41    -15.27    -20.65      5.38  1.25 0.0080
  1.30    6   -2030.31    -15.33    -20.59      5.27  1.25 0.0080
  1.30    6   -2030.32    -15.52    -20.37      4.85  1.25 0.0080
  1.30    6   -2030.16    -15.62    -20.24      4.62  1.25 0.0080
  1.30    6   -2030.01    -15.69    -20.17      4.48  1.25 0.0080
  1.30    7   -2029.97    -15.76    -20.24      4.48  1.25 0.0080
  1.30    7   -2030.08    -15.51    -20.02      4.51  1.25 0.0080
  1.30    7   -2030.09    -15.40    -20.24      4.84  1.25 0.0080
  1.30    7   -2030.16    -15.22    -20.08      4.87  1.25 0.0080
  1.30    7   -2030.53    -15.28    -19.84      4.56  1.25 0.0080
  1.30    7   -2031.01    -15.21    -19.79      4.57  1.25 0.0080
  1.30    7   -2031.51    -15.39    -19.85      4.46  1.25 0.0080
  1.30    7   -2031.69    -15.38    -19.98      4.60  1.25 0.0080
  1.30    7   -2031.87    -15.05    -19.85      4.80  1.25 0.0080
  1.30    7   -2032.15    -14.73    -19.67      4.94  1.25 0.0080
  1.30    8   -2032.33    -14.70    -19.45      4.75  1.25 0.0080
  1.30    8   -2032.44    -14.95    -19.55      4.60  1.25 0.0080
  1.30    8   -2032.49    -15.02    -19.54      4.52  1.25 0.0080
  1.30    8   -2032.79    -15.12    -19.29      4.17  1.25 0.0080
  1.30    8   -2032.86    -14.92    -19.02      4.10  1.25 0.0080
  1.30    8   -2032.62    -14.84    -18.96      4.12  1.25 0.0080
  1.30    8   -2032.54    -14.82    -18.92      4.10  1.25 0.0080
  1.30    8   -2032.70    -15.06    -18.94      3.87  1.25 0.0080
  1.30    8   -2032.93    -15.07    -18.96      3.89  1.26 0.0080
  1.30    8   -2032.92    -14.92    -18.87      3.96  1.25 0.0080
  1.30    9   -2033.07    -14.91    -18.77      3.86  1.25 0.0080
  1.30    9   -2033.14    -14.77    -18.59      3.82  1.25 0.0080
  1.30    9   -2033.23    -14.86    -18.41      3.56  1.25 0.0080
  1.30    9   -2033.29    -14.86    -18.33      3.47  1.25 0.0080
  1.30    9   -2033.34    -14.95    -18.22      3.28  1.25 0.0080
  1.30    9   -2033.37    -14.80    -17.95      3.15  1.26 0.0080
  1.30    9   -2033.54    -14.58    -17.81      3.22  1.26 0.0080
  1.30    9   -2033.77    -14.47    -17.88      3.41  1.26 0.0080
  1.30    9   -2033.84    -14.43    -17.86      3.42  1.26 0.0080
  1.30    9   -2033.89    -14.39    -17.62      3.23  1.26 0.0080
  1.30   10   -2034.01    -14.44    -17.45      3.01  1.26 0.0080
  1.30   10   -2034.14    -14.43    -17.44      3.01  1.26 0.0080
  1.30   10   -2034.15    -14.54    -17.56      3.03  1.26 0.0080
  1.30   10   -2034.19    -14.49    -17.63      3.13  1.26 0.0080
  1.30   10   -2034.22    -14.37    -17.63      3.26  1.26 0.0080
  1.30   10   -2034.41    -14.35    -17.67      3.32  1.26 0.0080
  1.30   10   -2034.51    -14.21    -17.46      3.24  1.26 0.0080
  1.30   10   -2034.71    -14.01    -17.26      3.26  1.26 0.0080
  1.30   10   -2034.91    -14.09    -17.46      3.37  1.26 0.0080
  1.30   10   -2035.17    -14.15    -17.62      3.47  1.26 0.0080
  1.30   11   -2035.26    -14.08    -17.67      3.59  1.26 0.0080
  1.30   11   -2035.25    -14.12    -17.72      3.60  1.26 0.0080
  1.30   11   -2035.23    -14.13    -17.87      3.74  1.26 0.0080
  1.30   11   -2035.48    -14.06    -17.69      3.63  1.26 0.0080
  1.30   11   -2035.65    -13.89    -17.48      3.59  1.26 0.0080
  1.30   11   -2035.94    -13.89    -17.45      3.56  1.26 0.0080
  1.30   11   -2036.18    -13.83    -17.37      3.54  1.26 0.0080
  1.30   11   -2036.38    -13.94    -17.45      3.51  1.26 0.0080
  1.30   11   -2036.59    -13.88    -17.43      3.55  1.26 0.0080
  1.30   11   -2036.80    -13.83    -17.29      3.45  1.26 0.0080
  1.30   12   -2037.15    -13.66    -17.22      3.55  1.26 0.0080
  1.30   12   -2037.29    -13.65    -17.21      3.56  1.26 0.0080
  1.30   12   -2037.40    -13.74    -17.46      3.73  1.26 0.0080
  1.30   12   -2037.57    -13.78    -17.65      3.87  1.26 0.0080
  1.30   12   -2037.58    -13.73    -17.71      3.98  1.26 0.0080
  1.30   12   -2037.56    -13.78    -17.60      3.82  1.26 0.0080
  1.30   12   -2037.62    -13.71    -17.51      3.80  1.26 0.0080
  1.30   12   -2037.57    -13.66    -17.61      3.95  1.26 0.0080
  1.30   12   -2037.53    -13.64    -17.59      3.95  1.26 0.0080
  1.30   12   -2037.63    -13.79    -17.68      3.89  1.26 0.0080
  1.30   13   -2037.81    -13.74    -17.64      3.90  1.26 0.0080
  1.30   13   -2037.96    -13.70    -17.75      4.05  1.26 0.0080
  1.30   13   -2037.89    -13.69    -17.68      3.98  1.26 0.0080
  1.30   13   -2037.75    -13.65    -17.58      3.93  1.26 0.0080
  1.30   13   -2037.63    -13.62    -17.57      3.96  1.26 0.0080
  1.30   13   -2037.51    -13.56    -17.61      4.05  1.26 0.0080
  1.30   13   -2037.38    -13.62    -17.59      3.98  1.26 0.0080
  1.30   13   -2037.22    -13.56    -17.44      3.88  1.26 0.0080
  1.30   13   -2037.11    -13.68    -17.51      3.83  1.26 0.0080
  1.30   13   -2037.02    -13.74    -17.54      3.81  1.26 0.0080
  1.30   14   -2037.05    -13.78    -17.62      3.84  1.26 0.0080
  1.30   14   -2037.11    -13.81    -17.74      3.93  1.26 0.0080
  1.30   14   -2037.02    -13.79    -17.77      3.98  1.26 0.0080
  1.30   14   -2037.04    -13.84    -17.77      3.93  1.26 0.0080
  1.30   14   -2037.04    -13.96    -17.86      3.90  1.26 0.0080
  1.30   14   -2037.15    -14.00    -17.89      3.89  1.26 0.0080
  1.30   14   -2037.27    -14.04    -17.93      3.89  1.26 0.0080
  1.30   14   -2037.37    -14.06    -18.04      3.98  1.26 0.0080
  1.30   14   -2037.36    -14.16    -18.26      4.10  1.26 0.0080
  1.30   14   -2037.38    -14.21    -18.32      4.11  1.26 0.0080
  1.30   15   -2037.39    -14.22    -18.25      4.03  1.26 0.0080
  1.30   15   -2037.33    -14.31    -18.32      4.01  1.26 0.0080
  1.30   15   -2037.36    -14.25    -18.24      3.99  1.26 0.0080
  1.30   15   -2037.34    -14.31    -18.32      4.01  1.26 0.0080
  1.30   15   -2037.32    -14.32    -18.34      4.01  1.26 0.0080
  1.30   15   -2037.36    -14.26    -18.24      3.98  1.26 0.0080
  1.30   15   -2037.33    -14.20    -18.07      3.87  1.26 0.0080
  1.30   15   -2037.36    -14.34    -18.10      3.76  1.26 0.0080
  1.30   15   -2037.44    -14.33    -17.98      3.65  1.26 0.0080
  1.30   15   -2037.48    -14.35    -17.99      3.64  1.26 0.0080
  1.30   16   -2037.53    -14.20    -17.91      3.71  1.26 0.0080
  1.30   16   -2037.41    -14.23    -17.98      3.75  1.26 0.0080
  1.30   16   -2037.40    -14.30    -18.09      3.80  1.26 0.0080
  1.30   16   -2037.47    -14.26    -18.06      3.79  1.26 0.0080
  1.30   16   -2037.60    -14.27    -18.05      3.78  1.26 0.0080
  1.30   16   -2037.59    -14.33    -18.16      3.83  1.26 0.0080
  1.30   16   -2037.51    -14.34    -18.17      3.84  1.26 0.0080
  1.30   16   -2037.44    -14.30    -18.04      3.74  1.26 0.0080
  1.30   16   -2037.39    -14.26    -17.97      3.71  1.26 0.0080
  1.30   16   -2037.27    -14.34    -17.88      3.55  1.26 0.0080
  1.30   17   -2037.25    -14.19    -17.70      3.50  1.26 0.0080
  1.30   17   -2037.22    -14.26    -17.65      3.39  1.26 0.0080
  1.30   17   -2037.20    -14.23    -17.59      3.36  1.26 0.0080
  1.30   17   -2037.15    -14.26    -17.71      3.44  1.26 0.0080
  1.30   17   -2037.06    -14.31    -17.78      3.47  1.26 0.0080
  1.30   17   -2036.94    -14.42    -17.71      3.29  1.26 0.0080
  1.30   17   -2036.83    -14.47    -17.70      3.23  1.26 0.0080
  1.30   17   -2036.53    -14.48    -17.76      3.28  1.26 0.0080
  1.30   17   -2036.35    -14.49    -17.87      3.37  1.26 0.0080
  1.30   17   -2036.13    -14.50    -17.86      3.36  1.26 0.0080
  1.30   18   -2036.03    -14.48    -17.91      3.42  1.26 0.0080
  1.30   18   -2035.83    -14.54    -18.08      3.54  1.26 0.0080
  1.30   18   -2035.74    -14.49    -18.08      3.60  1.26 0.0080
  1.30   18   -2035.61    -14.53    -18.11      3.58  1.26 0.0080
  1.30   18   -2035.52    -14.46    -18.06      3.61  1.26 0.0080
  1.30   18   -2035.46    -14.47    -18.10      3.63  1.26 0.0080
  1.30   18   -2035.47    -14.41    -18.06      3.65  1.26 0.0080
  1.30   18   -2035.43    -14.38    -18.03      3.66  1.26 0.0080
  1.30   18   -2035.43    -14.40    -18.03      3.62  1.26 0.0080
  1.30   18   -2035.48    -14.42    -18.07      3.65  1.26 0.0080
  1.30   19   -2035.55    -14.42    -18.04      3.62  1.26 0.0080
  1.30   19   -2035.67    -14.59    -18.09      3.50  1.26 0.0080
  1.30   19   -2035.74    -14.66    -18.02      3.37  1.26 0.0080
  1.30   19   -2035.72    -14.73    -18.08      3.35  1.26 0.0080
  1.30   19   -2035.77    -14.80    -18.18      3.38  1.26 0.0080
  1.30   19   -2035.82    -14.80    -18.26      3.46  1.26 0.0080
  1.30   19   -2035.75    -14.79    -18.30      3.50  1.26 0.0080
  1.30   19   -2035.62    -14.85    -18.33      3.48  1.26 0.0080
  1.30   19   -2035.59    -14.88    -18.32      3.44  1.26 0.0080
  1.30   19   -2035.53    -14.84    -18.30      3.46  1.26 0.0080
  1.30   20   -2035.51    -14.84    -18.28      3.44  1.26 0.0080
  1.30   20   -2035.46    -14.93    -18.42      3.49  1.26 0.0080
  1.30   20   -2035.46    -14.92    -18.38      3.46  1.26 0.0080
  1.30   20   -2035.41    -14.84    -18.32      3.48  1.26 0.0080
  1.30   20   -2035.43    -14.79    -18.28      3.49  1.26 0.0080
  1.30   20   -2035.40    -14.80    -18.41      3.62  1.26 0.0080
  1.30   20   -2035.35    -14.81    -18.51      3.70  1.26 0.0080
  1.30   20   -2035.40    -14.82    -18.51      3.70  1.26 0.0080
  1.30   20   -2035.45    -14.92    -18.58      3.66  1.26 0.0080
  1.30   20   -2035.41    -14.92    -18.63      3.72  1.26 0.0080
  1.30   21   -2035.55    -14.97    -18.68      3.71  1.26 0.0080
  1.30   21   -2035.67    -14.96    -18.70      3.74  1.26 0.0080
  1.30   21   -2035.70    -14.94    -18.74      3.80  1.26 0.0080
  1.30   21   -2035.76    -14.96    -18.62      3.66  1.26 0.0080
  1.30   21   -2035.78    -14.92    -18.60      3.68  1.26 0.0080
  1.30   21   -2035.69    -14.93    -18.54      3.61  1.26 0.0080
  1.30   21   -2035.65    -14.97    -18.51      3.54  1.26 0.0080
  1.30   21   -2035.60    -14.95    -18.53      3.58  1.26 0.0080
  1.30   21   -2035.61    -14.98    -18.57      3.59  1.26 0.0080
  1.30   21   -2035.65    -15.02    -18.60      3.58  1.26 0.0080
  1.30   22   -2035.71    -15.04    -18.63      3.59  1.26 0.0080
  1.30   22   -2035.63    -15.11    -18.71      3.60  1.26 0.0080
  1.30   22   -2035.68    -15.13    -18.66      3.53  1.26 0.0080
  1.30   22   -2035.74    -15.07    -18.66      3.59  1.26 0.0080
  1.30   22   -2035.84    -15.05    -18.69      3.64  1.26 0.0080
  1.30   22   -2035.89    -15.06    -18.73      3.67  1.26 0.0080
  1.30   22   -2035.87    -15.09    -18.68      3.60  1.26 0.0080
  1.30   22   -2035.86    -15.04    -18.56      3.53  1.26 0.0080
  1.30   22   -2035.81    -14.96    -18.59      3.64  1.26 0.0080
  1.30   22   -2035.85    -15.01    -18.61      3.60  1.26 0.0080
  1.30   23   -2035.82    -15.00    -18.71      3.71  1.26 0.0080
  1.30   23   -2035.79    -15.00    -18.71      3.71  1.26 0.0080
  1.30   23   -2035.81    -15.06    -18.71      3.66  1.26 0.0080
  1.30   23   -2035.86    -15.07    -18.75      3.68  1.26 0.0080
  1.30   23   -2035.89    -15.07    -18.68      3.62  1.26 0.0080
  1.30   23   -2035.90    -15.12    -18.77      3.65  1.26 0.0080
  1.30   23   -2035.90    -15.11    -18.69      3.58  1.26 0.0080
  1.30   23   -2035.80    -15.15    -18.64      3.49  1.26 0.0080
  1.30   23   -2035.75    -15.11    -18.58      3.47  1.26 0.0080
  1.30   23   -2035.69    -15.16    -18.51      3.35  1.26 0.0080
  1.30   24   -2035.61    -15.18    -18.46      3.28  1.26 0.0080
  1.30   24   -2035.52    -15.24    -18.49      3.26  1.26 0.0080
  1.30   24   -2035.48    -15.32    -18.54      3.22  1.26 0.0080
  1.30   24   -2035.42    -15.27    -18.60      3.33  1.26 0.0080
  1.30   24   -2035.32    -15.33    -18.60      3.27  1.26 0.0080
  1.30   24   -2035.39    -15.35    -18.61      3.26  1.26 0.0080
  1.30   24   -2035.30    -15.36    -18.60      3.25  1.26 0.0080
  1.30   24   -2035.20    -15.31    -18.54      3.23  1.26 0.0080
  1.30   24   -2035.16    -15.34    -18.55      3.20  1.26 0.0080
  1.30   24   -2035.07    -15.31    -18.57      3.26  1.26 0.0080
  1.30   25   -2034.95    -15.29    -18.63      3.34  1.26 0.0080
  1.30   25   -2034.79    -15.24    -18.70      3.46  1.26 0.0080
  1.30   25   -2034.74    -15.30    -18.73      3.42  1.26 0.0080
  1.30   25   -2034.70    -15.24    -18.67      3.43  1.26 0.0080
  1.30   25   -2034.62    -15.27    -18.66      3.39  1.26 0.0080
  1.30   25   -2034.50    -15.33    -18.74      3.41  1.26 0.0080
  1.30   25   -2034.48    -15.27    -18.68      3.42  1.26 0.0080
  1.30   25   -2034.42    -15.24    -18.69      3.45  1.26 0.0080
  1.30   25   -2034.38    -15.26    -18.84      3.58  1.26 0.0080
  1.30   25   -2034.31    -15.29    -18.94      3.65  1.26 0.0080
  1.30   26   -2034.32    -15.21    -18.89      3.68  1.26 0.0080
  1.30   26   -2034.30    -15.22    -18.97      3.75  1.26 0.0080
  1.30   26   -2034.25    -15.26    -19.01      3.76  1.26 0.0080
  1.30   26   -2034.26    -15.27    -19.04      3.77  1.26 0.0080
  1.30   26   -2034.24    -15.19    -19.01      3.82  1.26 0.0080
  1.30   26   -2034.24    -15.25    -19.03      3.78  1.26 0.0080
  1.30   26   -2034.25    -15.32    -19.01      3.69  1.26 0.0080
  1.30   26   -2034.21    -15.30    -18.97      3.67  1.26 0.0080
  1.30   26   -2034.21    -15.40    -19.06      3.67  1.26 0.0080
  1.30   26   -2034.24    -15.41    -19.07      3.66  1.26 0.0080
  1.30   27   -2034.17    -15.38    -19.12      3.74  1.26 0.0080
  1.30   27   -2034.12    -15.39    -19.15      3.76  1.26 0.0080
  1.30   27   -2034.13    -15.40    -19.22      3.81  1.26 0.0080
  1.30   27   -2034.11    -15.48    -19.22      3.74  1.26 0.0080
  1.30   27   -2034.16    -15.41    -19.15      3.73  1.26 0.0080
  1.30   27   -2034.22    -15.41    -19.13      3.72  1.26 0.0080
  1.30   27   -2034.26    -15.43    -19.11      3.68  1.26 0.0080
  1.30   27   -2034.24    -15.46    -19.11      3.65  1.26 0.0080
  1.30   27   -2034.23    -15.40    -19.14      3.73  1.26 0.0080
  1.30   27   -2034.23    -15.43    -19.17      3.74  1.26 0.0080
  1.30   28   -2034.26    -15.45    -19.17      3.72  1.26 0.0080
  1.30   28   -2034.34    -15.43    -19.11      3.68  1.26 0.0080
  1.30   28   -2034.43    -15.35    -19.02      3.67  1.26 0.0080
  1.30   28   -2034.50    -15.34    -19.02      3.68  1.26 0.0080
  1.30   28   -2034.54    -15.34    -19.03      3.69  1.26 0.0080
  1.30   28   -2034.55    -15.34    -19.03      3.69  1.26 0.0080
  1.30   28   -2034.53    -15.35    -19.09      3.73  1.26 0.0080
  1.30   28   -2034.56    -15.32    -19.20      3.88  1.26 0.0080
  1.30   28   -2034.64    -15.32    -19.20      3.88  1.26 0.0080
  1.30   28   -2034.73    -15.30    -19.22      3.92  1.26 0.0080
  1.30   29   -2034.83    -15.32    -19.24      3.92  1.26 0.0080
  1.30   29   -2034.96    -15.30    -19.25      3.95  1.26 0.0080
  1.30   29   -2035.04    -15.25    -19.13      3.88  1.26 0.0080
  1.30   29   -2035.13    -15.27    -19.09      3.82  1.26 0.0080
  1.30   29   -2035.19    -15.26    -19.02      3.76  1.26 0.0080
  1.30   29   -2035.27    -15.30    -19.08      3.78  1.26 0.0080
  1.30   29   -2035.36    -15.30    -19.09      3.79  1.26 0.0080
  1.30   29   -2035.35    -15.36    -19.17      3.81  1.26 0.0080
  1.30   29   -2035.29    -15.35    -19.16      3.81  1.26 0.0080
  1.30   29   -2035.32    -15.33    -19.13      3.80  1.26 0.0080
  1.30   30   -2035.36    -15.38    -19.17      3.80  1.26 0.0080
  1.30   30   -2035.34    -15.34    -19.15      3.82  1.26 0.0080
  1.30   30   -2035.33    -15.35    -19.08      3.74  1.26 0.0080
  1.30   30   -2035.31    -15.39    -19.22      3.83  1.26 0.0080
  1.30   30   -2035.32    -15.41    -19.22      3.81  1.26 0.0080
  1.30   30   -2035.36    -15.40    -19.25      3.85  1.26 0.0080
  1.30   30   -2035.36    -15.41    -19.29      3.88  1.26 0.0080
  1.30   30   -2035.32    -15.32    -19.25      3.94  1.26 0.0080
  1.30   30   -2035.33    -15.34    -19.26      3.91  1.26 0.0080
  1.30   30   -2035.37    -15.30    -19.29      3.98  1.26 0.0080
  1.30   31   -2035.39    -15.28    -19.29      4.01  1.26 0.0080
  1.30   31   -2035.38    -15.23    -19.32      4.10  1.26 0.0080
  1.30   31   -2035.40    -15.18    -19.31      4.13  1.26 0.0080
  1.30   31   -2035.38    -15.22    -19.34      4.12  1.26 0.0080
  1.30   31   -2035.34    -15.23    -19.35      4.12  1.26 0.0080
  1.30   31   -2035.33    -15.28    -19.40      4.13  1.26 0.0080
  1.30   31   -2035.30    -15.20    -19.39      4.18  1.26 0.0080
  1.30   31   -2035.28    -15.18    -19.43      4.26  1.26 0.0080
  1.30   31   -2035.28    -15.17    -19.38      4.21  1.26 0.0080
  1.30   31   -2035.29    -15.22    -19.38      4.15  1.26 0.0080
  1.30   32   -2035.27    -15.24    -19.33      4.09  1.26 0.0080
