 1.30  -0.203233E+04 -0.146984E+02 -0.194451E+02  0.474679E+01
 1.30  -0.137373E+04 -0.114782E+02 -0.140445E+02  0.256632E+01
 1.30  -0.787404E+03 -0.871428E+01 -0.905880E+01  0.344523E+00
 1.30  -0.203753E+04 -0.141975E+02 -0.179080E+02  0.371049E+01
 1.30  -0.137353E+04 -0.120787E+02 -0.150945E+02  0.301577E+01
 1.30  -0.787563E+03 -0.892860E+01 -0.918339E+01  0.254786E+00
 1.30  -0.583870E+03 -0.507456E+01 -0.446941E+01 -0.605152E+00
 1.30  -0.502698E+03 -0.362924E+01 -0.295042E+01 -0.678820E+00
 1.30  -0.203561E+04 -0.151824E+02 -0.184608E+02  0.327838E+01
 1.30  -0.137434E+04 -0.124776E+02 -0.155900E+02  0.311236E+01
 1.30  -0.787652E+03 -0.855650E+01 -0.886407E+01  0.307573E+00
 1.30  -0.583701E+03 -0.440977E+01 -0.379814E+01 -0.611627E+00
 1.30  -0.502770E+03 -0.323618E+01 -0.255937E+01 -0.676809E+00
 1.30  -0.203527E+04 -0.152395E+02 -0.193308E+02  0.409135E+01
 1.30  -0.137465E+04 -0.127584E+02 -0.158671E+02  0.310865E+01
 1.30  -0.787691E+03 -0.801822E+01 -0.829836E+01  0.280141E+00
 1.30  -0.583653E+03 -0.431662E+01 -0.380422E+01 -0.512399E+00
 1.30  -0.502743E+03 -0.397058E+01 -0.331390E+01 -0.656687E+00
