 160,  4.1369341058201661
    32  -0.502668E+03 -0.273110E+01 -0.195429E+01 -0.776804E+00  0.095
     0.559910    3.000000    0.269492    7.762494    7.108112
     0.559910    3.000000   -7.168442   -3.885870   -5.313140
     0.559910    3.000000    0.218288    2.004712    2.295850
     0.559910    3.000000   -7.748985    4.717349   -4.412673
     0.559910    3.000000    0.079022   -5.283940    5.429080
     0.559910    3.000000   -1.504490   -0.288669   -2.495616
     0.559910    3.000000   -3.091415    7.387196   -0.066925
     0.559910    3.000000   -4.621734   -2.442685    7.756500
     0.559910    3.000000    0.251396   -4.872557    0.853103
     0.559910    3.000000    3.982773    3.443237    1.603790
     0.559910    3.000000   -0.118011   -0.331018    0.550427
     0.559910    3.000000   -0.849803    0.951805    1.088031
     0.559910    3.000000    2.329004    1.951670    2.365256
     0.559910    3.000000    2.377965    0.724206   -0.100092
     0.559910    3.000000    7.317279    6.870857   -2.607317
     0.559910    3.000000    0.130134   -1.770480   -2.759944
     0.559910    3.000000   -1.731186   -1.348954    0.531511
     0.559910    3.000000    3.784698   -4.654431   -3.790070
     0.559910    3.000000    0.404460    0.429368   -0.388043
     0.559910    3.000000   -8.048618   -3.290918    1.069635
     0.559910    3.000000    4.110760   -1.385618    5.048862
     0.559910    3.000000    0.651609    2.725889    1.211314
     0.559910    3.000000   -5.144493    5.449176    7.573784
     0.559910    3.000000   -3.084569   -0.114289   -0.757526
     0.559910    3.000000    2.044107    7.101958   -4.635530
     0.559910    3.000000    1.829399   -0.366125    0.433403
     0.559910    3.000000   -1.851984   -6.745787    7.032763
     0.559910    3.000000   -6.975330    7.469254    2.501332
     0.559910    3.000000   -5.375412    1.603027    3.717571
     0.559910    3.000000    1.014618    1.195509    2.762449
     0.559910    3.000000    2.575030    7.584214    3.665624
     0.559910    3.000000    7.123348    6.972128   -6.520110
     0.559910    3.000000    2.246056    1.844687    0.078772
     0.559910    3.000000    2.133343   -2.479277   -4.994060
     0.559910    3.000000   -2.139528   -4.769649   -2.210336
     0.559910    3.000000   -2.547816   -1.664958   -0.256011
     0.559910    3.000000   -0.094058   -2.475624   -0.856426
     0.559910    3.000000   -0.154565   -0.325902   -7.174242
     0.559910    3.000000    4.547561    7.520442   -7.652805
     0.559910    3.000000   -7.725172    7.335587   -6.583461
     0.559910    3.000000   -1.578197    1.090824   -4.874555
     0.559910    3.000000    1.750149    3.291792    8.026228
     0.559910    3.000000    5.159400   -0.155436   -0.810874
     0.559910    3.000000    0.536484   -0.626476   -1.585359
     0.559910    3.000000    3.096087   -5.025145    3.021401
     0.559910    3.000000   -6.780843    5.383710   -3.026747
     0.559910    3.000000   -7.340076   -4.004647   -8.274876
     0.559910    3.000000    0.000335    1.999641   -0.060569
     0.559910    3.000000   -1.659492   -1.571951   -7.430431
     0.559910    3.000000   -5.711552   -7.188303    0.207450
     0.559910   -1.000000   -7.157475    5.688888    0.360580
     0.559910   -1.000000   -2.203652   -6.152891    1.822430
     0.559910   -1.000000    2.809837   -5.680106    2.978946
     0.559910   -1.000000   -8.176078   -2.029617    1.710913
     0.559910   -1.000000   -7.172724   -1.813359    7.917151
     0.559910   -1.000000   -5.986070   -8.007612    3.071793
     0.559910   -1.000000   -0.572882    4.676079    5.687950
     0.559910   -1.000000   -6.162102   -6.862317    0.072551
     0.559910   -1.000000    2.056835   -3.556104   -0.352992
     0.559910   -1.000000   -3.495262   -2.185677   -0.781311
     0.559910   -1.000000   -6.834608    5.835114   -4.870152
     0.559910   -1.000000   -2.968665    6.468009    0.262997
     0.559910   -1.000000   -0.780339   -4.892030    5.524163
     0.559910   -1.000000   -1.393097    2.275164    0.674679
     0.559910   -1.000000    1.941386   -1.439208   -7.539076
     0.559910   -1.000000    0.527714    6.069142    6.619842
     0.559910   -1.000000    2.730994    2.612431    3.322283
     0.559910   -1.000000   -2.053793    7.390764   -7.362141
     0.559910   -1.000000    1.218003   -1.559089    5.018007
     0.559910   -1.000000   -6.237396    4.318412   -8.212089
     0.559910   -1.000000    4.904435    8.033007   -6.951327
     0.559910   -1.000000   -2.213855    1.342089    0.676028
     0.559910   -1.000000    1.037033    3.968266    7.446237
     0.559910   -1.000000   -0.402580    0.335613   -4.235998
     0.559910   -1.000000   -6.641678    1.083819    8.237648
     0.559910   -1.000000   -2.714499   -4.158688    5.657258
     0.559910   -1.000000    1.157093    0.845688   -1.284807
     0.559910   -1.000000    7.248843    7.387783    4.701216
     0.559910   -1.000000   -5.225324    5.116175    0.524172
     0.559910   -1.000000    0.025175   -5.128551    0.392574
     0.559910   -1.000000   -8.157152    3.012312   -2.497734
     0.559910   -1.000000    6.602724   -7.415354   -3.582264
     0.559910   -1.000000   -0.071146    0.667203   -3.230975
     0.559910   -1.000000   -6.901330   -3.100898   -7.782481
     0.559910   -1.000000    5.585173   -7.042055    3.353714
     0.559910   -1.000000    1.018552   -3.279181   -3.511468
     0.559910   -1.000000    4.706407    6.947661   -8.094258
     0.559910   -1.000000    7.643826   -4.361046    1.727317
     0.559910   -1.000000    0.921503    0.052195   -4.275901
     0.559910   -1.000000   -3.337321   -1.196997   -7.898579
     0.559910   -1.000000   -4.510150   -2.948932   -6.381374
     0.559910   -1.000000    2.611874    2.158062    7.678442
     0.559910   -1.000000    4.302261   -2.581495    1.901106
     0.559910   -1.000000   -6.591157    5.650271   -2.387322
     0.559910   -1.000000    7.712982    6.898765   -1.913382
     0.559910   -1.000000    2.080853    5.645624   -2.542008
     0.559910   -1.000000    3.061432   -6.351195   -3.766407
     0.559910   -1.000000   -2.820476    7.853992   -7.587405
     0.559910   -1.000000   -1.512611   -0.528480   -5.799424
     0.559910   -1.000000    4.061379   -3.356383    2.311461
     0.559910   -1.000000    7.695560    7.125698   -6.037242
     0.559910   -1.000000   -5.320196    4.989175    3.584589
     0.559910   -1.000000    7.235278   -2.322181    7.632289
     0.559910   -1.000000   -6.714409    6.987360    7.376458
     0.559910   -1.000000    6.381907   -7.186451   -7.991153
     0.559910   -1.000000    1.852186   -2.298999   -5.543119
     0.559910   -1.000000   -7.093891    6.253626   -0.082760
     0.559910   -1.000000    4.390739   -0.528989    0.005031
     0.559910   -1.000000   -1.357093    1.930303    6.662574
     0.559910   -1.000000   -1.737090   -5.960485    6.758832
     0.559910   -1.000000    1.388256    2.442073   -6.684690
     0.559910   -1.000000   -1.679040    2.016372   -0.273390
     0.559910   -1.000000   -8.281428   -3.622978    1.770627
     0.559910   -1.000000    7.156199    1.986173   -5.596848
     0.559910   -1.000000    7.920117    2.370798    8.155968
     0.559910   -1.000000   -1.980606   -4.109958   -2.473287
     0.559910   -1.000000   -5.544938   -2.275373   -7.033042
     0.559910   -1.000000   -2.513467    2.882396   -6.531811
     0.559910   -1.000000   -3.248218   -8.062749   -1.194916
     0.559910   -1.000000   -3.789117   -6.534463   -0.031070
     0.559910   -1.000000    7.803447    5.621354    5.365076
     0.559910   -1.000000    6.364025   -3.784373   -6.406915
     0.559910   -1.000000    0.637232   -8.254182   -5.191452
     0.559910   -1.000000   -4.678413   -8.239713   -7.912654
     0.559910   -1.000000   -1.573310    7.035951   -8.201829
     0.559910   -1.000000    3.386965    1.205360    3.596973
     0.559910   -1.000000    2.251980    6.474016   -1.841870
     0.559910   -1.000000   -2.501340   -4.627528    0.636389
     0.559910   -1.000000   -3.796362    8.027253    6.942276
     0.559910   -1.000000    5.391084    1.603250   -1.338207
     0.559910   -1.000000    3.650282   -0.278091   -0.186683
     0.559910   -1.000000    0.863517   -5.813499   -1.148542
     0.559910   -1.000000   -4.926453   -2.209976    5.932673
     0.559910   -1.000000    4.542396   -0.167823   -4.221061
     0.559910   -1.000000    1.524290   -3.063691    3.412653
     0.559910   -1.000000   -4.038818    1.471743    1.964526
     0.559910   -1.000000    3.385647   -3.339780   -2.788467
     0.559910   -1.000000    6.661772   -4.160434    4.918509
     0.559910   -1.000000    6.936971    3.632659    3.619202
     0.559910   -1.000000   -7.548520    7.890868   -6.686340
     0.559910   -1.000000    7.834034    6.900427   -7.006192
     0.559910   -1.000000   -6.336925   -5.576854   -1.416560
     0.559910   -1.000000    0.169319    0.433992    7.054210
     0.559910   -1.000000    4.435354    7.627668   -2.002833
     0.559910   -1.000000   -7.044356    5.743732   -3.523383
     0.559910   -1.000000   -5.193033    0.724246   -6.966326
     0.559910   -1.000000    3.390789   -7.263003    6.075825
     0.559910   -1.000000   -1.166768   -2.248968   -7.599489
     0.559910   -1.000000   -2.276196   -6.299762   -6.480991
     0.559910   -1.000000   -3.112062   -0.356431    2.052491
     0.559910   -1.000000   -0.290066    1.668792   -5.063675
     0.559910   -1.000000   -1.588993   -5.770920    2.541918
     0.559910   -1.000000   -1.156242   -0.589725    2.055839
     0.559910   -1.000000   -7.428238    7.347418    2.189999
     0.559910   -1.000000   -0.371546    2.894377    6.962135
     0.559910   -1.000000   -0.250843    8.168141    6.920453
     0.559910   -1.000000   -5.766435   -1.552686   -2.455908
     0.559910   -1.000000   -2.516644   -4.815086   -1.744459
     0.559910   -1.000000    8.168877    4.973191   -4.051875
     0.559910   -1.000000    3.582544    2.266516    4.306087
     2.799552  -20.000000    1.050609    1.050609    1.050609
     2.799552  -20.000000   -1.050609   -1.050609   -1.050609
