 160,  1.1947394506998523
    32  -0.787783E+03 -0.824631E+01 -0.859324E+01  0.346934E+00  0.191
     0.400000    3.000000    2.309115    0.560392   -0.103564
     0.400000    3.000000    3.988986    1.985386   -0.366100
     0.400000    3.000000    4.458458   -4.611945   -2.697594
     0.400000    3.000000   -0.717196    0.364271   -0.279070
     0.400000    3.000000   -1.071790   -0.884329   -1.933781
     0.400000    3.000000    4.588568    4.073142    0.499160
     0.400000    3.000000   -2.045398   -0.525306   -1.013169
     0.400000    3.000000    2.620612   -1.317995    1.715348
     0.400000    3.000000   -1.676628   -5.586518   -4.336900
     0.400000    3.000000    3.033331    2.970574   -0.151813
     0.400000    3.000000    1.361087   -5.518753   -3.479988
     0.400000    3.000000   -0.859123   -1.784761   -1.354065
     0.400000    3.000000   -5.423982   -1.865292   -4.237075
     0.400000    3.000000    5.474019    0.229590    4.478436
     0.400000    3.000000   -0.147536    0.630041    1.588354
     0.400000    3.000000    0.716451   -2.704172   -3.984552
     0.400000    3.000000   -2.330489    2.100364   -1.655901
     0.400000    3.000000   -2.706236    2.326044    1.768197
     0.400000    3.000000   -4.391212   -1.602521   -5.480721
     0.400000    3.000000    1.715924    3.036637    5.897449
     0.400000    3.000000   -5.729072   -0.400513   -0.448091
     0.400000    3.000000    1.088372    0.389655    1.926549
     0.400000    3.000000    0.313714    0.146998   -0.287204
     0.400000    3.000000    0.214064   -1.129039   -1.453134
     0.400000    3.000000   -4.339038   -0.040475    4.105765
     0.400000    3.000000    0.733908   -0.472419    0.590291
     0.400000    3.000000    3.963014    2.121557   -4.263959
     0.400000    3.000000    3.650554   -3.555384    0.332919
     0.400000    3.000000    1.459723   -0.894684   -5.022958
     0.400000    3.000000    0.598828   -3.491170    4.670076
     0.400000    3.000000   -0.123413   -0.004672   -1.498234
     0.400000    3.000000    1.575485   -1.920409   -0.800864
     0.400000    3.000000   -3.992573    2.995629    3.938050
     0.400000    3.000000   -1.078700    0.522481    5.064761
     0.400000    3.000000    0.350002    1.949451    0.722785
     0.400000    3.000000    1.169439    1.561945    1.616428
     0.400000    3.000000   -1.180403    1.421709   -1.888767
     0.400000    3.000000   -0.952764   -1.180784    0.434832
     0.400000    3.000000    4.239463    5.503933    5.244421
     0.400000    3.000000   -1.714213   -0.196242   -0.030513
     0.400000    3.000000   -0.198197   -3.881233    0.741595
     0.400000    3.000000   -4.613399   -5.579747   -0.315813
     0.400000    3.000000   -1.418177   -5.415560    0.768860
     0.400000    3.000000   -0.108427    3.209091    0.183823
     0.400000    3.000000    0.050670   -0.252357    1.027800
     0.400000    3.000000    1.395193    1.307746   -0.151653
     0.400000    3.000000    5.403536    5.522473    2.618580
     0.400000    3.000000   -4.595919   -1.787853    3.380352
     0.400000    3.000000   -1.048270   -4.784491   -1.835484
     0.400000    3.000000   -2.101056    5.091769    5.399505
     0.400000   -1.000000   -4.408022    1.802904   -2.345975
     0.400000   -1.000000   -0.015341    3.753781    3.821081
     0.400000   -1.000000    1.531383   -4.421714   -3.309684
     0.400000   -1.000000    5.102690    0.903104   -1.708377
     0.400000   -1.000000   -4.188173    5.634135   -2.868357
     0.400000   -1.000000   -0.518636    3.593891   -0.492764
     0.400000   -1.000000   -3.655864   -5.565384    0.419698
     0.400000   -1.000000    4.110952   -3.440465    0.429180
     0.400000   -1.000000   -2.832772   -3.874875    5.135596
     0.400000   -1.000000    1.069567   -2.197067   -0.678667
     0.400000   -1.000000   -1.843645   -0.970723   -5.743269
     0.400000   -1.000000    2.781905   -1.178403    1.180204
     0.400000   -1.000000   -0.822622   -3.853503   -3.692019
     0.400000   -1.000000   -3.601863   -0.716267    1.820474
     0.400000   -1.000000    0.201226   -4.090290    0.626918
     0.400000   -1.000000    0.424362   -4.169571    4.594611
     0.400000   -1.000000    4.126889   -0.195271    1.867125
     0.400000   -1.000000   -3.708692   -1.628811   -5.385048
     0.400000   -1.000000    4.103816    4.827909    5.366398
     0.400000   -1.000000    0.531450    0.604447   -1.905429
     0.400000   -1.000000   -5.902213   -2.349960   -4.210467
     0.400000   -1.000000   -3.729620    2.139339    5.650689
     0.400000   -1.000000   -4.633282   -0.051845    5.155403
     0.400000   -1.000000    1.578495   -3.217588    3.605010
     0.400000   -1.000000   -2.327073    3.338802    2.760473
     0.400000   -1.000000    3.981417   -1.390264   -3.590505
     0.400000   -1.000000    5.033300    5.785756    2.625551
     0.400000   -1.000000   -4.521657    5.438284    4.267248
     0.400000   -1.000000   -3.984302    2.610875    0.099384
     0.400000   -1.000000    4.999446    4.242398    0.432068
     0.400000   -1.000000    0.258480    4.475484   -4.830496
     0.400000   -1.000000   -1.204139   -2.503387    4.799787
     0.400000   -1.000000    1.165766   -0.528824   -4.931671
     0.400000   -1.000000   -2.369667    5.518382    5.294759
     0.400000   -1.000000    1.955686    2.658509    5.675236
     0.400000   -1.000000    0.895801    2.863586    0.364450
     0.400000   -1.000000   -0.493461   -4.804081   -4.129033
     0.400000   -1.000000    2.847603   -3.953608   -0.465580
     0.400000   -1.000000    0.677923   -1.034795   -5.150171
     0.400000   -1.000000   -4.914346   -1.681508   -5.176580
     0.400000   -1.000000    3.060239    3.888175   -0.894456
     0.400000   -1.000000   -4.430047   -1.978142    3.758304
     0.400000   -1.000000    3.814918    2.370973   -0.560745
     0.400000   -1.000000   -5.817575   -1.856600   -3.264180
     0.400000   -1.000000   -1.660249   -1.502164    1.528672
     0.400000   -1.000000    2.045125   -5.465353    4.017153
     0.400000   -1.000000    5.549449    0.585142    3.659267
     0.400000   -1.000000    3.570488   -4.420872    1.734189
     0.400000   -1.000000   -1.620222   -5.637169   -3.888504
     0.400000   -1.000000   -1.094648    1.469708   -2.290365
     0.400000   -1.000000    4.012893   -1.478313    0.103941
     0.400000   -1.000000    4.396387   -4.124011   -2.456558
     0.400000   -1.000000    1.574576    2.983947    5.178164
     0.400000   -1.000000    5.143653    1.193565   -0.652725
     0.400000   -1.000000   -0.152821    4.940664    4.299335
     0.400000   -1.000000   -3.098572   -2.679825   -3.351473
     0.400000   -1.000000   -1.575207   -5.562100    1.139418
     0.400000   -1.000000    1.207172    1.071891    2.500915
     0.400000   -1.000000   -1.492966    0.611747    5.509962
     0.400000   -1.000000   -5.141216   -1.153130    2.347490
     0.400000   -1.000000   -2.337820    4.919590    5.094400
     0.400000   -1.000000   -4.886411   -0.090116    3.141438
     0.400000   -1.000000    1.304444    5.876994   -3.311966
     0.400000   -1.000000   -1.981593   -0.151067   -1.165688
     0.400000   -1.000000   -0.757354    0.602906    0.110002
     0.400000   -1.000000   -3.420391    3.007830    3.824942
     0.400000   -1.000000   -1.730197    1.414978   -1.767627
     0.400000   -1.000000    1.279333   -5.463768   -4.206460
     0.400000   -1.000000    3.918913   -5.282496    0.017895
     0.400000   -1.000000    3.422414    2.828328    0.373704
     0.400000   -1.000000   -1.267824    4.974913   -5.456436
     0.400000   -1.000000    5.809247    4.725692   -3.196429
     0.400000   -1.000000    5.282236    2.096782    1.013215
     0.400000   -1.000000    1.978793    1.817639   -1.558125
     0.400000   -1.000000    0.036696   -0.410392    3.552463
     0.400000   -1.000000   -2.586529    1.868040    1.552833
     0.400000   -1.000000    1.176934    3.356678   -4.344332
     0.400000   -1.000000    2.152558   -2.861311    4.836944
     0.400000   -1.000000    4.835084    1.978470   -4.630828
     0.400000   -1.000000   -5.145890    0.113262    4.475121
     0.400000   -1.000000    2.550431    3.007608    0.369358
     0.400000   -1.000000    0.392200   -3.625837    1.866150
     0.400000   -1.000000    5.892477    2.297704   -4.916123
     0.400000   -1.000000   -4.444258   -2.200723    4.383779
     0.400000   -1.000000   -4.361404   -1.040147   -5.334941
     0.400000   -1.000000   -5.287002   -1.425643   -4.520903
     0.400000   -1.000000    4.731879    4.010434    0.926288
     0.400000   -1.000000   -5.503564    2.655449    3.196639
     0.400000   -1.000000   -2.104215   -0.244943    0.050811
     0.400000   -1.000000    0.691603    2.076618    0.975773
     0.400000   -1.000000    5.513353   -5.855514    3.919730
     0.400000   -1.000000    2.590741    2.062501   -0.330179
     0.400000   -1.000000   -5.161070   -0.409617    0.793822
     0.400000   -1.000000   -3.303592    4.628372    3.486606
     0.400000   -1.000000   -1.052515   -0.570081    5.699498
     0.400000   -1.000000    2.766421    1.681125   -5.536975
     0.400000   -1.000000    0.414799   -1.447422   -2.111000
     0.400000   -1.000000   -0.434210   -4.001476    1.116003
     0.400000   -1.000000   -1.655849    3.283933   -1.502626
     0.400000   -1.000000   -1.661812   -3.756685   -0.446691
     0.400000   -1.000000    0.556814   -2.370614   -3.815839
     0.400000   -1.000000    2.175602    0.876499    0.205697
     0.400000   -1.000000   -5.212496    2.245239   -3.121029
     0.400000   -1.000000    3.052657   -3.553737   -3.057102
     0.400000   -1.000000    4.746737   -3.425764   -5.551026
     0.400000   -1.000000    3.312157    4.311930    3.560698
     0.400000   -1.000000   -2.895269    4.036951   -4.456235
     0.400000   -1.000000   -0.327876    2.192503   -0.362766
     0.400000   -1.000000   -1.002607   -5.068069   -2.118462
     0.400000   -1.000000   -2.229867    2.264351    2.030000
     2.000000  -20.000000    0.750555    0.750555    0.750555
     2.000000  -20.000000   -0.750555   -0.750555   -0.750555
