  1.30    0    -505.48      0.19      2.00     -1.81  0.15 0.0050
  1.30    0    -503.69      0.98      1.96     -0.97  0.09 0.0050
  1.30    0    -503.13     -1.66     -0.83     -0.83  0.10 0.0050
  1.30    0    -503.30      1.81      2.64     -0.82  0.09 0.0050
  1.30    0    -502.63     -2.46     -1.53     -0.93  0.10 0.0050
  1.30    0    -502.57     -5.65     -4.66     -0.99  0.11 0.0050
  1.30    0    -502.47     -7.09     -5.92     -1.17  0.11 0.0050
  1.30    0    -502.69     -7.93     -6.75     -1.19  0.10 0.0050
  1.30    0    -502.49     -7.00     -5.94     -1.06  0.10 0.0050
  1.30    1    -502.37     -9.03     -8.11     -0.91  0.11 0.0050
  1.30    1    -502.22     -8.76     -7.84     -0.92  0.10 0.0050
  1.30    1    -502.10     -7.92     -7.07     -0.85  0.10 0.0050
  1.30    1    -502.14     -6.20     -5.22     -0.98  0.10 0.0050
  1.30    1    -502.21     -6.83     -5.95     -0.88  0.10 0.0050
  1.30    1    -502.25     -5.68     -4.78     -0.89  0.10 0.0050
  1.30    1    -502.30     -5.34     -4.47     -0.87  0.10 0.0050
  1.30    1    -502.29     -6.58     -5.68     -0.90  0.10 0.0050
  1.30    1    -502.32     -6.23     -5.33     -0.90  0.10 0.0050
  1.30    1    -502.40     -6.66     -5.66     -1.00  0.10 0.0050
  1.30    2    -502.41     -7.88     -6.91     -0.96  0.11 0.0050
  1.30    2    -502.50     -8.31     -7.29     -1.02  0.11 0.0050
  1.30    2    -502.47     -7.44     -6.40     -1.05  0.11 0.0050
  1.30    2    -502.48     -7.32     -6.24     -1.09  0.10 0.0050
  1.30    2    -502.55     -7.70     -6.59     -1.11  0.10 0.0050
  1.30    2    -502.52     -9.03     -7.95     -1.09  0.10 0.0050
  1.30    2    -502.49     -8.90     -7.76     -1.14  0.10 0.0050
  1.30    2    -502.62     -9.32     -8.23     -1.10  0.10 0.0050
  1.30    2    -502.54     -9.42     -8.35     -1.07  0.10 0.0050
  1.30    2    -502.59     -8.52     -7.51     -1.01  0.10 0.0050
  1.30    3    -502.56     -8.01     -7.03     -0.98  0.10 0.0050
  1.30    3    -502.54     -7.15     -6.15     -1.00  0.10 0.0050
  1.30    3    -502.54     -7.18     -6.27     -0.91  0.10 0.0050
  1.30    3    -502.52     -6.48     -5.56     -0.92  0.10 0.0050
  1.30    3    -502.52     -5.46     -4.61     -0.85  0.10 0.0050
  1.30    3    -502.59     -5.34     -4.46     -0.88  0.10 0.0050
  1.30    3    -502.61     -5.12     -4.26     -0.86  0.10 0.0050
  1.30    3    -502.57     -5.03     -4.16     -0.88  0.10 0.0050
  1.30    3    -502.57     -5.38     -4.52     -0.86  0.10 0.0050
  1.30    3    -502.54     -5.67     -4.81     -0.87  0.10 0.0050
  1.30    4    -502.59     -5.32     -4.40     -0.92  0.10 0.0050
  1.30    4    -502.54     -5.27     -4.37     -0.91  0.10 0.0050
  1.30    4    -502.53     -5.49     -4.64     -0.85  0.10 0.0050
  1.30    4    -502.52     -5.19     -4.35     -0.84  0.10 0.0050
  1.30    4    -502.48     -5.29     -4.44     -0.85  0.10 0.0050
  1.30    4    -502.45     -5.52     -4.68     -0.84  0.10 0.0050
  1.30    4    -502.50     -5.11     -4.28     -0.83  0.10 0.0050
  1.30    4    -502.50     -4.86     -4.04     -0.83  0.10 0.0050
  1.30    4    -502.51     -4.90     -4.08     -0.82  0.10 0.0050
  1.30    4    -502.54     -5.10     -4.28     -0.82  0.10 0.0050
  1.30    5    -502.59     -5.71     -4.90     -0.82  0.10 0.0050
  1.30    5    -502.58     -5.58     -4.76     -0.82  0.10 0.0050
  1.30    5    -502.56     -5.72     -4.90     -0.82  0.10 0.0050
  1.30    5    -502.55     -5.72     -4.89     -0.83  0.10 0.0050
  1.30    5    -502.58     -5.54     -4.75     -0.79  0.10 0.0050
  1.30    5    -502.56     -5.67     -4.89     -0.78  0.10 0.0050
  1.30    5    -502.57     -5.80     -5.05     -0.75  0.10 0.0050
  1.30    5    -502.58     -6.17     -5.42     -0.76  0.10 0.0050
  1.30    5    -502.59     -6.16     -5.41     -0.75  0.10 0.0050
  1.30    5    -502.59     -6.15     -5.41     -0.74  0.10 0.0050
  1.30    6    -502.54     -6.29     -5.54     -0.75  0.10 0.0050
  1.30    6    -502.53     -5.90     -5.15     -0.76  0.10 0.0050
  1.30    6    -502.50     -5.77     -5.02     -0.75  0.10 0.0050
  1.30    6    -502.51     -5.26     -4.50     -0.76  0.10 0.0050
  1.30    6    -502.50     -5.24     -4.46     -0.78  0.10 0.0050
  1.30    6    -502.51     -5.60     -4.79     -0.82  0.10 0.0050
  1.30    6    -502.50     -5.67     -4.85     -0.82  0.10 0.0050
  1.30    6    -502.50     -5.83     -5.03     -0.80  0.10 0.0050
  1.30    6    -502.51     -6.12     -5.32     -0.80  0.10 0.0050
  1.30    6    -502.47     -6.00     -5.19     -0.81  0.10 0.0050
  1.30    7    -502.47     -6.26     -5.47     -0.79  0.10 0.0050
  1.30    7    -502.49     -6.09     -5.33     -0.76  0.10 0.0050
  1.30    7    -502.48     -6.33     -5.56     -0.77  0.10 0.0050
  1.30    7    -502.49     -6.19     -5.42     -0.77  0.10 0.0050
  1.30    7    -502.51     -5.93     -5.15     -0.78  0.10 0.0050
  1.30    7    -502.53     -5.85     -5.09     -0.76  0.09 0.0050
  1.30    7    -502.53     -5.88     -5.11     -0.77  0.09 0.0050
  1.30    7    -502.54     -5.78     -5.00     -0.78  0.09 0.0050
  1.30    7    -502.52     -6.05     -5.24     -0.81  0.09 0.0050
  1.30    7    -502.51     -5.95     -5.16     -0.80  0.09 0.0050
  1.30    8    -502.55     -6.19     -5.41     -0.79  0.09 0.0050
  1.30    0    -501.09      1.80      2.58     -0.78  0.04 0.0050
  1.30    0    -501.16    -10.86    -10.22     -0.64  0.07 0.0050
  1.30    0    -501.66     -9.19     -8.40     -0.78  0.08 0.0050
  1.30    0    -502.37     -7.25     -6.60     -0.65  0.10 0.0050
  1.30    0    -502.49     -6.76     -6.20     -0.57  0.09 0.0050
  1.30    0    -502.49    -10.78    -10.26     -0.53  0.10 0.0050
  1.30    0    -502.49    -10.59    -10.15     -0.43  0.10 0.0050
  1.30    0    -502.53    -10.61    -10.23     -0.38  0.09 0.0050
  1.30    0    -502.31     -9.37     -8.83     -0.53  0.09 0.0050
  1.30    1    -502.39    -10.75    -10.21     -0.54  0.09 0.0050
  1.30    1    -502.43     -9.38     -8.81     -0.58  0.09 0.0050
  1.30    1    -502.62    -12.27    -11.74     -0.53  0.09 0.0050
  1.30    1    -502.68    -10.22     -9.71     -0.51  0.09 0.0050
  1.30    1    -502.83     -8.71     -8.20     -0.51  0.09 0.0050
  1.30    1    -502.79     -8.14     -7.54     -0.60  0.08 0.0050
  1.30    1    -502.85     -7.72     -7.12     -0.60  0.09 0.0050
  1.30    1    -502.90     -7.73     -7.15     -0.59  0.08 0.0050
  1.30    1    -503.00     -7.33     -6.67     -0.66  0.08 0.0050
  1.30    1    -503.06     -8.04     -7.31     -0.73  0.08 0.0050
  1.30    2    -503.11     -7.60     -6.77     -0.83  0.08 0.0050
  1.30    2    -503.04     -7.66     -6.81     -0.85  0.08 0.0050
  1.30    2    -502.96     -6.59     -5.68     -0.92  0.08 0.0050
  1.30    2    -503.04     -6.49     -5.56     -0.93  0.08 0.0050
  1.30    2    -503.04     -6.18     -5.23     -0.94  0.08 0.0050
  1.30    2    -503.12     -6.76     -5.85     -0.91  0.09 0.0050
  1.30    2    -503.03     -5.52     -4.65     -0.87  0.09 0.0050
  1.30    2    -502.97     -5.88     -5.03     -0.86  0.09 0.0050
  1.30    2    -502.98     -4.89     -4.09     -0.80  0.08 0.0050
  1.30    2    -503.09     -3.03     -2.26     -0.77  0.09 0.0050
  1.30    3    -503.09     -2.83     -2.12     -0.71  0.09 0.0050
  1.30    3    -503.11     -3.55     -2.79     -0.77  0.09 0.0050
  1.30    3    -503.12     -3.96     -3.22     -0.74  0.09 0.0050
  1.30    3    -503.11     -3.24     -2.44     -0.80  0.09 0.0050
  1.30    3    -503.10     -3.39     -2.57     -0.82  0.09 0.0050
  1.30    3    -503.12     -3.92     -3.05     -0.87  0.08 0.0050
  1.30    3    -503.12     -3.76     -2.89     -0.88  0.08 0.0050
  1.30    3    -503.14     -3.47     -2.61     -0.86  0.08 0.0050
  1.30    3    -503.11     -3.83     -2.92     -0.91  0.08 0.0050
  1.30    3    -503.09     -3.65     -2.76     -0.89  0.08 0.0050
  1.30    4    -503.04     -4.04     -3.12     -0.91  0.09 0.0050
  1.30    4    -503.05     -4.00     -3.10     -0.89  0.09 0.0050
  1.30    4    -503.03     -4.32     -3.41     -0.91  0.09 0.0050
  1.30    4    -503.04     -4.54     -3.62     -0.92  0.09 0.0050
  1.30    4    -503.06     -4.47     -3.55     -0.92  0.09 0.0050
  1.30    4    -503.08     -4.35     -3.44     -0.91  0.09 0.0050
  1.30    4    -503.08     -3.72     -2.81     -0.91  0.09 0.0050
  1.30    4    -503.11     -4.15     -3.23     -0.92  0.09 0.0050
  1.30    4    -503.11     -4.34     -3.42     -0.92  0.09 0.0050
  1.30    4    -503.13     -4.03     -3.11     -0.91  0.09 0.0050
  1.30    5    -503.15     -4.82     -3.91     -0.91  0.09 0.0050
  1.30    5    -503.12     -4.81     -3.87     -0.94  0.09 0.0050
  1.30    5    -503.10     -4.81     -3.86     -0.96  0.09 0.0050
  1.30    5    -503.12     -5.27     -4.30     -0.97  0.09 0.0050
  1.30    5    -503.11     -4.94     -3.98     -0.95  0.09 0.0050
  1.30    5    -503.12     -4.50     -3.53     -0.97  0.09 0.0050
  1.30    5    -503.10     -5.01     -4.06     -0.95  0.09 0.0050
  1.30    5    -503.08     -5.31     -4.38     -0.93  0.09 0.0050
  1.30    5    -503.05     -5.14     -4.24     -0.90  0.09 0.0050
  1.30    5    -503.03     -5.05     -4.17     -0.88  0.09 0.0050
  1.30    6    -503.03     -5.10     -4.20     -0.89  0.09 0.0050
  1.30    6    -503.03     -4.91     -3.99     -0.92  0.09 0.0050
  1.30    6    -503.03     -4.93     -4.04     -0.89  0.09 0.0050
  1.30    6    -503.02     -4.57     -3.70     -0.86  0.09 0.0050
  1.30    6    -503.02     -4.90     -4.03     -0.86  0.09 0.0050
  1.30    6    -503.00     -4.60     -3.75     -0.85  0.09 0.0050
  1.30    6    -502.95     -4.56     -3.72     -0.84  0.09 0.0050
  1.30    6    -502.95     -4.46     -3.60     -0.86  0.09 0.0050
  1.30    6    -502.93     -4.31     -3.44     -0.87  0.09 0.0050
  1.30    6    -502.94     -4.30     -3.43     -0.87  0.09 0.0050
  1.30    7    -502.96     -4.29     -3.40     -0.89  0.09 0.0050
  1.30    7    -502.96     -4.59     -3.73     -0.86  0.09 0.0050
  1.30    7    -502.97     -4.58     -3.72     -0.86  0.09 0.0050
  1.30    7    -502.96     -4.30     -3.44     -0.86  0.09 0.0050
  1.30    7    -502.96     -4.35     -3.50     -0.85  0.09 0.0050
  1.30    7    -502.95     -4.40     -3.56     -0.84  0.09 0.0050
  1.30    7    -502.98     -4.59     -3.77     -0.83  0.09 0.0050
  1.30    7    -502.96     -4.87     -4.05     -0.82  0.09 0.0050
  1.30    7    -502.96     -4.98     -4.14     -0.84  0.09 0.0050
  1.30    7    -502.96     -4.96     -4.14     -0.83  0.09 0.0050
  1.30    8    -502.98     -4.88     -4.05     -0.82  0.09 0.0050
  1.30    0    -502.04     -2.11     -1.47     -0.65  0.11 0.0050
  1.30    0    -502.79     -5.11     -4.73     -0.37  0.07 0.0050
  1.30    0    -502.57     -0.93     -1.09      0.16  0.07 0.0050
  1.30    0    -502.84     -7.12     -6.91     -0.21  0.08 0.0050
  1.30    0    -502.87     -8.18     -7.90     -0.29  0.10 0.0050
  1.30    0    -502.93     -8.11     -7.48     -0.63  0.09 0.0050
  1.30    0    -502.94     -6.45     -5.80     -0.64  0.08 0.0050
  1.30    0    -502.65     -8.27     -7.73     -0.54  0.08 0.0050
  1.30    0    -502.79     -7.62     -7.21     -0.42  0.09 0.0050
  1.30    1    -502.75     -8.61     -8.01     -0.60  0.09 0.0050
  1.30    1    -502.77     -8.51     -7.83     -0.68  0.08 0.0050
  1.30    1    -502.93     -8.41     -7.72     -0.69  0.08 0.0050
  1.30    1    -502.94     -8.68     -8.00     -0.68  0.08 0.0050
  1.30    1    -502.84     -9.87     -9.16     -0.71  0.09 0.0050
  1.30    1    -502.70     -9.65     -8.89     -0.75  0.09 0.0050
  1.30    1    -502.68     -8.98     -8.20     -0.77  0.09 0.0050
  1.30    1    -502.69     -8.15     -7.39     -0.76  0.09 0.0050
  1.30    1    -502.61     -6.40     -5.61     -0.79  0.09 0.0050
  1.30    1    -502.59     -4.64     -3.92     -0.72  0.09 0.0050
  1.30    2    -502.81     -4.18     -3.39     -0.79  0.10 0.0050
  1.30    2    -502.86     -4.18     -3.38     -0.79  0.10 0.0050
  1.30    2    -502.89     -4.71     -3.96     -0.74  0.09 0.0050
  1.30    2    -502.84     -4.34     -3.59     -0.74  0.10 0.0050
  1.30    2    -502.99     -4.66     -3.91     -0.75  0.10 0.0050
  1.30    2    -503.02     -4.36     -3.64     -0.72  0.10 0.0050
  1.30    2    -503.00     -3.80     -3.06     -0.75  0.10 0.0050
  1.30    2    -502.95     -3.52     -2.79     -0.73  0.09 0.0050
  1.30    2    -503.00     -4.33     -3.65     -0.67  0.09 0.0050
  1.30    2    -502.96     -3.72     -3.06     -0.67  0.09 0.0050
  1.30    3    -502.94     -3.25     -2.57     -0.68  0.09 0.0050
  1.30    3    -502.91     -3.35     -2.67     -0.68  0.09 0.0050
  1.30    3    -502.89     -2.53     -1.82     -0.71  0.09 0.0050
  1.30    3    -502.87     -2.41     -1.68     -0.73  0.09 0.0050
  1.30    3    -502.87     -1.59     -0.86     -0.73  0.10 0.0050
  1.30    3    -502.85     -1.59     -0.85     -0.74  0.10 0.0050
  1.30    3    -502.86     -1.59     -0.88     -0.72  0.10 0.0050
  1.30    3    -502.90     -1.37     -0.65     -0.72  0.10 0.0050
  1.30    3    -502.95     -0.99     -0.25     -0.74  0.10 0.0050
  1.30    3    -502.91     -0.46      0.25     -0.72  0.10 0.0050
  1.30    4    -502.93      0.28      1.00     -0.72  0.10 0.0050
  1.30    4    -502.95      0.52      1.26     -0.73  0.10 0.0050
  1.30    4    -502.89      0.66      1.43     -0.77  0.10 0.0050
  1.30    4    -502.91      0.36      1.16     -0.80  0.11 0.0050
  1.30    4    -502.87      0.44      1.24     -0.80  0.11 0.0050
  1.30    4    -502.84      0.73      1.54     -0.81  0.11 0.0050
  1.30    4    -502.82      1.22      2.04     -0.82  0.11 0.0050
  1.30    4    -502.80      1.40      2.15     -0.76  0.10 0.0050
  1.30    4    -502.80      0.98      1.75     -0.77  0.10 0.0050
  1.30    4    -502.75      0.71      1.46     -0.75  0.10 0.0050
  1.30    5    -502.76      0.94      1.70     -0.76  0.10 0.0050
  1.30    5    -502.75      0.67      1.43     -0.76  0.10 0.0050
  1.30    5    -502.76      0.43      1.19     -0.77  0.10 0.0050
  1.30    5    -502.75      0.23      1.01     -0.78  0.10 0.0050
  1.30    5    -502.70      0.25      1.05     -0.80  0.10 0.0050
  1.30    5    -502.69      0.41      1.23     -0.81  0.10 0.0050
  1.30    5    -502.68      0.14      0.95     -0.81  0.10 0.0050
  1.30    5    -502.66     -0.04      0.77     -0.81  0.10 0.0050
  1.30    5    -502.68      0.08      0.91     -0.83  0.10 0.0050
  1.30    5    -502.67     -0.60      0.23     -0.83  0.10 0.0050
  1.30    6    -502.66     -0.63      0.18     -0.81  0.10 0.0050
  1.30    6    -502.67     -0.89     -0.11     -0.78  0.10 0.0050
  1.30    6    -502.67     -0.41      0.37     -0.78  0.10 0.0050
  1.30    6    -502.63     -0.07      0.70     -0.77  0.10 0.0050
  1.30    6    -502.63     -0.06      0.73     -0.79  0.10 0.0050
  1.30    6    -502.63      0.10      0.90     -0.80  0.10 0.0050
  1.30    6    -502.63      0.13      0.91     -0.78  0.10 0.0050
  1.30    6    -502.62     -0.04      0.75     -0.79  0.10 0.0050
  1.30    6    -502.61     -0.22      0.56     -0.78  0.10 0.0050
  1.30    6    -502.64     -0.42      0.33     -0.75  0.10 0.0050
  1.30    7    -502.66     -0.43      0.33     -0.76  0.10 0.0050
  1.30    7    -502.66     -1.13     -0.38     -0.75  0.10 0.0050
  1.30    7    -502.68     -0.96     -0.19     -0.77  0.10 0.0050
  1.30    7    -502.67     -1.08     -0.32     -0.77  0.10 0.0050
  1.30    7    -502.71     -1.00     -0.23     -0.77  0.10 0.0050
  1.30    7    -502.75     -0.87     -0.10     -0.78  0.10 0.0050
  1.30    7    -502.76     -1.35     -0.58     -0.77  0.10 0.0050
  1.30    7    -502.77     -1.09     -0.31     -0.77  0.10 0.0050
  1.30    7    -502.78     -1.36     -0.57     -0.78  0.10 0.0050
  1.30    7    -502.77     -1.17     -0.38     -0.79  0.10 0.0050
  1.30    8    -502.75     -1.25     -0.47     -0.79  0.10 0.0050
  1.30    0    -503.21      3.64      2.60      1.04  0.13 0.0050
  1.30    0    -503.18      6.53      7.34     -0.81  0.10 0.0050
  1.30    0    -502.95      1.58      2.62     -1.04  0.09 0.0050
  1.30    0    -502.27     -1.30     -0.22     -1.08  0.08 0.0050
  1.30    0    -502.66     -3.19     -2.03     -1.16  0.08 0.0050
  1.30    0    -503.17     -5.19     -4.03     -1.16  0.08 0.0050
  1.30    0    -503.29     -5.94     -4.84     -1.10  0.09 0.0050
  1.30    0    -503.26     -4.23     -3.27     -0.96  0.09 0.0050
  1.30    0    -503.13     -4.22     -3.28     -0.94  0.09 0.0050
  1.30    1    -502.99     -3.62     -2.60     -1.02  0.08 0.0050
  1.30    1    -503.07     -5.71     -4.87     -0.84  0.08 0.0050
  1.30    1    -503.04     -4.28     -3.42     -0.86  0.09 0.0050
  1.30    1    -503.00     -5.39     -4.51     -0.89  0.09 0.0050
  1.30    1    -502.82     -6.70     -5.74     -0.96  0.09 0.0050
  1.30    1    -502.82     -6.80     -5.91     -0.89  0.09 0.0050
  1.30    1    -502.85     -7.03     -6.15     -0.88  0.09 0.0050
  1.30    1    -502.87     -7.11     -6.23     -0.88  0.09 0.0050
  1.30    1    -502.83     -6.11     -5.27     -0.84  0.09 0.0050
  1.30    1    -502.91     -5.74     -4.85     -0.89  0.09 0.0050
  1.30    2    -502.97     -6.19     -5.21     -0.98  0.09 0.0050
  1.30    2    -502.96     -5.52     -4.53     -0.99  0.09 0.0050
  1.30    2    -502.96     -5.37     -4.45     -0.92  0.09 0.0050
  1.30    2    -502.89     -5.68     -4.72     -0.96  0.09 0.0050
  1.30    2    -503.00     -6.01     -5.09     -0.92  0.09 0.0050
  1.30    2    -502.93     -6.46     -5.57     -0.89  0.09 0.0050
  1.30    2    -502.94     -5.41     -4.46     -0.95  0.09 0.0050
  1.30    2    -502.87     -5.68     -4.75     -0.92  0.09 0.0050
  1.30    2    -502.83     -5.63     -4.75     -0.88  0.09 0.0050
  1.30    2    -502.80     -5.09     -4.17     -0.92  0.09 0.0050
  1.30    3    -502.77     -4.41     -3.50     -0.92  0.09 0.0050
  1.30    3    -502.73     -4.91     -3.96     -0.95  0.09 0.0050
  1.30    3    -502.76     -4.58     -3.61     -0.97  0.09 0.0050
  1.30    3    -502.76     -4.83     -3.89     -0.93  0.09 0.0050
  1.30    3    -502.77     -4.62     -3.68     -0.94  0.09 0.0050
  1.30    3    -502.80     -5.75     -4.79     -0.96  0.09 0.0050
  1.30    3    -502.75     -5.76     -4.77     -0.99  0.09 0.0050
  1.30    3    -502.75     -6.10     -5.10     -1.00  0.09 0.0050
  1.30    3    -502.88     -5.69     -4.69     -1.01  0.09 0.0050
  1.30    3    -502.94     -5.83     -4.86     -0.97  0.09 0.0050
  1.30    4    -502.95     -5.99     -5.02     -0.97  0.09 0.0050
  1.30    4    -502.98     -5.42     -4.45     -0.97  0.09 0.0050
  1.30    4    -503.00     -4.76     -3.81     -0.95  0.09 0.0050
  1.30    4    -503.02     -4.07     -3.13     -0.95  0.09 0.0050
  1.30    4    -503.09     -3.77     -2.81     -0.96  0.09 0.0050
  1.30    4    -503.09     -3.80     -2.84     -0.95  0.09 0.0050
  1.30    4    -503.10     -3.72     -2.76     -0.96  0.09 0.0050
  1.30    4    -503.08     -3.76     -2.82     -0.94  0.09 0.0050
  1.30    4    -503.09     -3.47     -2.55     -0.93  0.09 0.0050
  1.30    4    -503.10     -3.35     -2.42     -0.93  0.08 0.0050
  1.30    5    -503.06     -3.10     -2.14     -0.95  0.08 0.0050
  1.30    5    -503.01     -3.08     -2.10     -0.98  0.08 0.0050
  1.30    5    -503.01     -2.52     -1.54     -0.98  0.08 0.0050
  1.30    5    -503.00     -2.61     -1.66     -0.96  0.08 0.0050
  1.30    5    -503.00     -2.67     -1.70     -0.97  0.09 0.0050
  1.30    5    -503.01     -2.41     -1.43     -0.99  0.08 0.0050
  1.30    5    -503.04     -2.52     -1.53     -0.99  0.08 0.0050
  1.30    5    -502.97     -2.86     -1.88     -0.98  0.08 0.0050
  1.30    5    -502.92     -2.82     -1.86     -0.96  0.08 0.0050
  1.30    5    -502.90     -3.08     -2.13     -0.95  0.08 0.0050
  1.30    6    -502.92     -3.51     -2.55     -0.96  0.08 0.0050
  1.30    6    -502.93     -3.67     -2.72     -0.95  0.09 0.0050
  1.30    6    -502.91     -3.85     -2.89     -0.95  0.09 0.0050
  1.30    6    -502.90     -4.02     -3.06     -0.96  0.09 0.0050
  1.30    6    -502.90     -3.96     -3.01     -0.95  0.09 0.0050
  1.30    6    -502.88     -3.65     -2.70     -0.95  0.09 0.0050
  1.30    6    -502.90     -3.14     -2.21     -0.94  0.09 0.0050
  1.30    6    -502.93     -3.48     -2.57     -0.91  0.09 0.0050
  1.30    6    -502.93     -3.51     -2.60     -0.91  0.09 0.0050
  1.30    6    -502.93     -3.48     -2.59     -0.88  0.09 0.0050
  1.30    7    -502.95     -3.55     -2.65     -0.89  0.09 0.0050
  1.30    7    -502.95     -3.71     -2.81     -0.90  0.09 0.0050
  1.30    7    -502.95     -3.82     -2.92     -0.90  0.09 0.0050
  1.30    7    -502.96     -3.56     -2.65     -0.91  0.09 0.0050
  1.30    7    -502.99     -3.71     -2.81     -0.91  0.09 0.0050
  1.30    7    -503.02     -3.21     -2.30     -0.90  0.09 0.0050
  1.30    7    -503.00     -3.36     -2.45     -0.90  0.09 0.0050
  1.30    7    -502.97     -3.44     -2.54     -0.90  0.09 0.0050
  1.30    7    -502.96     -2.88     -1.97     -0.90  0.09 0.0050
  1.30    7    -502.94     -2.62     -1.71     -0.91  0.09 0.0050
  1.30    8    -502.93     -2.56     -1.65     -0.90  0.09 0.0050
  1.30    8    -502.93     -2.70     -1.80     -0.90  0.09 0.0050
  1.30    8    -502.92     -2.63     -1.74     -0.90  0.09 0.0050
  1.30    8    -502.90     -2.57     -1.70     -0.87  0.09 0.0050
  1.30    8    -502.90     -2.52     -1.65     -0.87  0.09 0.0050
  1.30    8    -502.90     -2.68     -1.80     -0.88  0.09 0.0050
  1.30    8    -502.86     -2.32     -1.44     -0.88  0.09 0.0050
  1.30    8    -502.84     -2.31     -1.44     -0.87  0.09 0.0050
  1.30    8    -502.86     -2.33     -1.46     -0.87  0.09 0.0050
  1.30    8    -502.86     -2.29     -1.41     -0.88  0.09 0.0050
  1.30    9    -502.84     -2.27     -1.38     -0.89  0.09 0.0050
  1.30    9    -502.84     -2.23     -1.36     -0.87  0.09 0.0050
  1.30    9    -502.84     -2.34     -1.46     -0.87  0.09 0.0050
  1.30    9    -502.83     -2.38     -1.50     -0.88  0.09 0.0050
  1.30    9    -502.81     -2.28     -1.41     -0.87  0.09 0.0050
  1.30    9    -502.79     -2.48     -1.60     -0.88  0.09 0.0050
  1.30    9    -502.79     -2.77     -1.91     -0.85  0.09 0.0050
  1.30    9    -502.78     -2.51     -1.65     -0.86  0.09 0.0050
  1.30    9    -502.81     -2.47     -1.60     -0.87  0.09 0.0050
  1.30    9    -502.80     -2.41     -1.53     -0.88  0.09 0.0050
  1.30   10    -502.81     -2.46     -1.57     -0.90  0.09 0.0050
  1.30   10    -502.82     -2.52     -1.63     -0.90  0.09 0.0050
  1.30   10    -502.82     -2.60     -1.70     -0.90  0.09 0.0050
  1.30   10    -502.83     -2.90     -2.01     -0.89  0.09 0.0050
  1.30   10    -502.82     -2.76     -1.88     -0.88  0.09 0.0050
  1.30   10    -502.82     -3.05     -2.17     -0.88  0.09 0.0050
  1.30   10    -502.79     -3.22     -2.34     -0.88  0.09 0.0050
  1.30   10    -502.80     -3.10     -2.23     -0.88  0.09 0.0050
  1.30   10    -502.81     -3.02     -2.14     -0.88  0.09 0.0050
  1.30   10    -502.80     -3.10     -2.21     -0.89  0.09 0.0050
  1.30   11    -502.80     -3.21     -2.33     -0.88  0.09 0.0050
  1.30   11    -502.80     -3.21     -2.33     -0.88  0.09 0.0050
  1.30   11    -502.82     -3.05     -2.17     -0.88  0.09 0.0050
  1.30   11    -502.81     -3.24     -2.36     -0.88  0.09 0.0050
  1.30   11    -502.81     -3.23     -2.36     -0.87  0.09 0.0050
  1.30   11    -502.81     -3.35     -2.48     -0.87  0.09 0.0050
  1.30   11    -502.81     -3.25     -2.38     -0.87  0.09 0.0050
  1.30   11    -502.81     -3.17     -2.30     -0.87  0.09 0.0050
  1.30   11    -502.82     -3.18     -2.32     -0.87  0.09 0.0050
  1.30   11    -502.85     -3.13     -2.26     -0.87  0.09 0.0050
  1.30   12    -502.85     -2.90     -2.03     -0.87  0.09 0.0050
  1.30   12    -502.82     -2.76     -1.89     -0.87  0.09 0.0050
  1.30   12    -502.80     -2.84     -1.96     -0.88  0.09 0.0050
  1.30   12    -502.80     -2.71     -1.84     -0.87  0.09 0.0050
  1.30   12    -502.81     -2.74     -1.87     -0.87  0.09 0.0050
  1.30   12    -502.81     -2.61     -1.75     -0.86  0.09 0.0050
  1.30   12    -502.80     -2.85     -1.98     -0.87  0.09 0.0050
  1.30   12    -502.81     -2.79     -1.93     -0.86  0.09 0.0050
  1.30   12    -502.79     -2.88     -2.01     -0.87  0.09 0.0050
  1.30   12    -502.78     -2.80     -1.93     -0.87  0.09 0.0050
  1.30   13    -502.78     -2.83     -1.96     -0.87  0.09 0.0050
  1.30   13    -502.79     -2.67     -1.82     -0.86  0.09 0.0050
  1.30   13    -502.78     -2.74     -1.88     -0.86  0.09 0.0050
  1.30   13    -502.79     -2.70     -1.84     -0.86  0.09 0.0050
  1.30   13    -502.80     -2.75     -1.89     -0.86  0.09 0.0050
  1.30   13    -502.79     -2.61     -1.75     -0.86  0.09 0.0050
  1.30   13    -502.81     -2.70     -1.84     -0.86  0.09 0.0050
  1.30   13    -502.81     -2.67     -1.80     -0.86  0.09 0.0050
  1.30   13    -502.79     -2.70     -1.83     -0.87  0.09 0.0050
  1.30   13    -502.80     -2.74     -1.87     -0.87  0.09 0.0050
  1.30   14    -502.79     -2.81     -1.93     -0.88  0.09 0.0050
  1.30   14    -502.79     -2.82     -1.94     -0.88  0.09 0.0050
  1.30   14    -502.79     -2.87     -1.99     -0.88  0.09 0.0050
  1.30   14    -502.79     -2.76     -1.86     -0.90  0.09 0.0050
  1.30   14    -502.78     -2.91     -2.02     -0.90  0.09 0.0050
  1.30   14    -502.78     -2.75     -1.86     -0.89  0.09 0.0050
  1.30   14    -502.77     -2.58     -1.68     -0.89  0.09 0.0050
  1.30   14    -502.78     -2.56     -1.65     -0.90  0.09 0.0050
  1.30   14    -502.78     -2.50     -1.60     -0.90  0.09 0.0050
  1.30   14    -502.78     -2.46     -1.56     -0.90  0.09 0.0050
  1.30   15    -502.77     -2.57     -1.66     -0.91  0.09 0.0050
  1.30   15    -502.76     -2.50     -1.60     -0.90  0.09 0.0050
  1.30   15    -502.76     -2.58     -1.68     -0.90  0.09 0.0050
  1.30   15    -502.75     -2.47     -1.57     -0.90  0.09 0.0050
  1.30   15    -502.75     -2.48     -1.58     -0.91  0.09 0.0050
  1.30   15    -502.75     -2.64     -1.76     -0.88  0.09 0.0050
  1.30   15    -502.74     -2.67     -1.78     -0.89  0.09 0.0050
  1.30   15    -502.73     -2.72     -1.83     -0.88  0.09 0.0050
  1.30   15    -502.73     -2.85     -1.97     -0.88  0.09 0.0050
  1.30   15    -502.73     -2.83     -1.96     -0.87  0.09 0.0050
  1.30   16    -502.73     -2.88     -2.01     -0.87  0.09 0.0050
  1.30   16    -502.73     -2.80     -1.93     -0.87  0.09 0.0050
  1.30   16    -502.73     -2.65     -1.78     -0.86  0.09 0.0050
  1.30   16    -502.75     -2.86     -2.00     -0.86  0.09 0.0050
  1.30   16    -502.74     -2.95     -2.10     -0.85  0.09 0.0050
  1.30   16    -502.73     -2.94     -2.09     -0.85  0.09 0.0050
  1.30   16    -502.73     -2.77     -1.92     -0.85  0.09 0.0050
  1.30   16    -502.73     -2.74     -1.89     -0.85  0.09 0.0050
  1.30   16    -502.73     -2.70     -1.86     -0.85  0.09 0.0050
  1.30   16    -502.74     -2.74     -1.90     -0.84  0.09 0.0050
  1.30   17    -502.75     -2.79     -1.95     -0.84  0.09 0.0050
  1.30   17    -502.75     -2.75     -1.92     -0.83  0.09 0.0050
  1.30   17    -502.75     -2.79     -1.96     -0.83  0.09 0.0050
  1.30   17    -502.75     -2.78     -1.96     -0.82  0.09 0.0050
  1.30   17    -502.74     -2.82     -1.99     -0.83  0.09 0.0050
  1.30   17    -502.74     -3.01     -2.17     -0.84  0.09 0.0050
  1.30   17    -502.74     -3.13     -2.29     -0.84  0.09 0.0050
  1.30   17    -502.74     -3.15     -2.31     -0.84  0.09 0.0050
  1.30   17    -502.74     -3.12     -2.29     -0.83  0.09 0.0050
  1.30   17    -502.72     -2.87     -2.03     -0.83  0.09 0.0050
  1.30   18    -502.73     -2.94     -2.11     -0.83  0.09 0.0050
  1.30   18    -502.71     -2.87     -2.04     -0.83  0.09 0.0050
  1.30   18    -502.71     -2.98     -2.14     -0.84  0.09 0.0050
  1.30   18    -502.71     -2.77     -1.93     -0.84  0.09 0.0050
  1.30   18    -502.70     -2.94     -2.10     -0.84  0.09 0.0050
  1.30   18    -502.70     -2.82     -1.98     -0.84  0.09 0.0050
  1.30   18    -502.71     -2.78     -1.94     -0.85  0.09 0.0050
  1.30   18    -502.71     -2.83     -1.99     -0.84  0.09 0.0050
  1.30   18    -502.72     -2.92     -2.08     -0.85  0.09 0.0050
  1.30   18    -502.73     -2.99     -2.15     -0.84  0.09 0.0050
  1.30   19    -502.74     -2.84     -2.01     -0.83  0.09 0.0050
  1.30   19    -502.74     -2.89     -2.06     -0.83  0.09 0.0050
  1.30   19    -502.73     -3.10     -2.27     -0.83  0.09 0.0050
  1.30   19    -502.73     -3.03     -2.20     -0.83  0.09 0.0050
  1.30   19    -502.73     -2.98     -2.16     -0.82  0.09 0.0050
  1.30   19    -502.73     -2.93     -2.11     -0.82  0.09 0.0050
  1.30   19    -502.73     -2.93     -2.11     -0.82  0.09 0.0050
  1.30   19    -502.71     -2.78     -1.97     -0.81  0.09 0.0050
  1.30   19    -502.73     -2.87     -2.06     -0.80  0.09 0.0050
  1.30   19    -502.74     -2.99     -2.19     -0.80  0.09 0.0050
  1.30   20    -502.73     -2.99     -2.19     -0.80  0.09 0.0050
  1.30   20    -502.74     -3.00     -2.21     -0.80  0.09 0.0050
  1.30   20    -502.72     -2.85     -2.05     -0.79  0.09 0.0050
  1.30   20    -502.71     -2.84     -2.04     -0.80  0.09 0.0050
  1.30   20    -502.72     -3.01     -2.21     -0.80  0.09 0.0050
  1.30   20    -502.72     -2.99     -2.19     -0.80  0.09 0.0050
  1.30   20    -502.73     -2.86     -2.06     -0.80  0.09 0.0050
  1.30   20    -502.73     -2.83     -2.03     -0.80  0.09 0.0050
  1.30   20    -502.74     -2.85     -2.06     -0.79  0.09 0.0050
  1.30   20    -502.73     -2.76     -1.96     -0.79  0.09 0.0050
  1.30   21    -502.73     -2.81     -2.01     -0.80  0.09 0.0050
  1.30   21    -502.72     -2.89     -2.09     -0.79  0.09 0.0050
  1.30   21    -502.71     -2.89     -2.10     -0.80  0.09 0.0050
  1.30   21    -502.72     -2.79     -2.00     -0.80  0.09 0.0050
  1.30   21    -502.71     -2.75     -1.95     -0.80  0.09 0.0050
  1.30   21    -502.71     -2.81     -2.02     -0.80  0.09 0.0050
  1.30   21    -502.71     -2.90     -2.10     -0.80  0.09 0.0050
  1.30   21    -502.71     -3.07     -2.27     -0.80  0.09 0.0050
  1.30   21    -502.70     -3.04     -2.24     -0.80  0.09 0.0050
  1.30   21    -502.71     -2.95     -2.16     -0.79  0.09 0.0050
  1.30   22    -502.72     -2.96     -2.18     -0.78  0.09 0.0050
  1.30   22    -502.71     -3.05     -2.28     -0.78  0.09 0.0050
  1.30   22    -502.71     -3.08     -2.31     -0.77  0.09 0.0050
  1.30   22    -502.71     -2.97     -2.20     -0.77  0.09 0.0050
  1.30   22    -502.71     -3.03     -2.26     -0.77  0.09 0.0050
  1.30   22    -502.72     -2.99     -2.22     -0.77  0.09 0.0050
  1.30   22    -502.71     -3.00     -2.23     -0.78  0.09 0.0050
  1.30   22    -502.70     -2.98     -2.21     -0.78  0.09 0.0050
  1.30   22    -502.70     -2.91     -2.14     -0.77  0.09 0.0050
  1.30   22    -502.70     -2.87     -2.10     -0.76  0.09 0.0050
  1.30   23    -502.69     -2.83     -2.07     -0.76  0.09 0.0050
  1.30   23    -502.69     -2.81     -2.05     -0.77  0.09 0.0050
  1.30   23    -502.69     -2.85     -2.08     -0.77  0.09 0.0050
  1.30   23    -502.69     -2.85     -2.08     -0.77  0.09 0.0050
  1.30   23    -502.67     -2.80     -2.02     -0.77  0.09 0.0050
  1.30   23    -502.67     -2.67     -1.89     -0.77  0.09 0.0050
  1.30   23    -502.68     -2.63     -1.85     -0.78  0.09 0.0050
  1.30   23    -502.68     -2.71     -1.94     -0.78  0.09 0.0050
  1.30   23    -502.68     -2.77     -2.00     -0.77  0.09 0.0050
  1.30   23    -502.68     -2.86     -2.10     -0.76  0.09 0.0050
  1.30   24    -502.69     -2.98     -2.22     -0.76  0.09 0.0050
  1.30   24    -502.69     -3.06     -2.30     -0.76  0.09 0.0050
  1.30   24    -502.69     -3.09     -2.34     -0.75  0.09 0.0050
  1.30   24    -502.69     -3.08     -2.32     -0.75  0.09 0.0050
  1.30   24    -502.69     -3.15     -2.39     -0.76  0.09 0.0050
  1.30   24    -502.68     -3.12     -2.36     -0.76  0.09 0.0050
  1.30   24    -502.68     -3.01     -2.25     -0.77  0.09 0.0050
  1.30   24    -502.68     -3.01     -2.25     -0.77  0.09 0.0050
  1.30   24    -502.68     -3.15     -2.38     -0.77  0.09 0.0050
  1.30   24    -502.68     -3.14     -2.37     -0.77  0.09 0.0050
  1.30   25    -502.69     -3.19     -2.41     -0.78  0.09 0.0050
  1.30   25    -502.69     -3.22     -2.44     -0.78  0.09 0.0050
  1.30   25    -502.69     -3.30     -2.53     -0.77  0.09 0.0050
  1.30   25    -502.70     -3.26     -2.48     -0.78  0.09 0.0050
  1.30   25    -502.69     -3.17     -2.39     -0.77  0.09 0.0050
  1.30   25    -502.70     -3.15     -2.38     -0.77  0.09 0.0050
  1.30   25    -502.69     -3.17     -2.40     -0.77  0.09 0.0050
  1.30   25    -502.69     -3.26     -2.49     -0.77  0.09 0.0050
  1.30   25    -502.69     -3.20     -2.43     -0.78  0.09 0.0050
  1.30   25    -502.68     -3.17     -2.40     -0.78  0.09 0.0050
  1.30   26    -502.68     -3.22     -2.44     -0.78  0.09 0.0050
  1.30   26    -502.68     -3.21     -2.43     -0.77  0.09 0.0050
  1.30   26    -502.67     -3.20     -2.42     -0.77  0.09 0.0050
  1.30   26    -502.67     -3.20     -2.43     -0.78  0.09 0.0050
  1.30   26    -502.66     -3.26     -2.48     -0.78  0.09 0.0050
  1.30   26    -502.66     -3.26     -2.48     -0.78  0.09 0.0050
  1.30   26    -502.66     -3.33     -2.54     -0.79  0.09 0.0050
  1.30   26    -502.66     -3.34     -2.56     -0.78  0.09 0.0050
  1.30   26    -502.66     -3.35     -2.57     -0.78  0.09 0.0050
  1.30   26    -502.67     -3.39     -2.61     -0.78  0.09 0.0050
  1.30   27    -502.67     -3.39     -2.61     -0.78  0.09 0.0050
  1.30   27    -502.67     -3.41     -2.63     -0.78  0.09 0.0050
  1.30   27    -502.68     -3.23     -2.45     -0.78  0.09 0.0050
  1.30   27    -502.68     -3.21     -2.43     -0.78  0.09 0.0050
  1.30   27    -502.69     -3.17     -2.39     -0.78  0.09 0.0050
  1.30   27    -502.69     -3.16     -2.38     -0.78  0.09 0.0050
  1.30   27    -502.69     -3.20     -2.42     -0.78  0.09 0.0050
  1.30   27    -502.68     -3.13     -2.35     -0.78  0.09 0.0050
  1.30   27    -502.68     -3.14     -2.36     -0.78  0.09 0.0050
  1.30   27    -502.68     -3.26     -2.49     -0.77  0.09 0.0050
  1.30   28    -502.68     -3.20     -2.42     -0.77  0.09 0.0050
  1.30   28    -502.69     -3.19     -2.42     -0.77  0.09 0.0050
  1.30   28    -502.69     -3.16     -2.39     -0.77  0.09 0.0050
  1.30   28    -502.68     -3.17     -2.40     -0.77  0.09 0.0050
  1.30   28    -502.68     -3.09     -2.32     -0.77  0.09 0.0050
  1.30   28    -502.68     -3.08     -2.31     -0.77  0.09 0.0050
  1.30   28    -502.67     -3.15     -2.38     -0.77  0.09 0.0050
  1.30   28    -502.68     -3.06     -2.29     -0.77  0.09 0.0050
  1.30   28    -502.68     -3.15     -2.37     -0.77  0.09 0.0050
  1.30   28    -502.68     -3.08     -2.31     -0.77  0.09 0.0050
  1.30   29    -502.68     -3.14     -2.37     -0.77  0.09 0.0050
  1.30   29    -502.68     -3.15     -2.37     -0.77  0.09 0.0050
  1.30   29    -502.68     -3.13     -2.36     -0.78  0.09 0.0050
  1.30   29    -502.67     -3.13     -2.35     -0.78  0.09 0.0050
  1.30   29    -502.66     -3.04     -2.27     -0.78  0.09 0.0050
  1.30   29    -502.66     -3.02     -2.25     -0.77  0.09 0.0050
  1.30   29    -502.67     -3.09     -2.33     -0.77  0.09 0.0050
  1.30   29    -502.67     -3.20     -2.44     -0.76  0.09 0.0050
  1.30   29    -502.67     -3.23     -2.47     -0.76  0.09 0.0050
  1.30   29    -502.68     -3.21     -2.45     -0.76  0.09 0.0050
  1.30   30    -502.68     -3.16     -2.40     -0.76  0.09 0.0050
  1.30   30    -502.68     -3.23     -2.47     -0.76  0.09 0.0050
  1.30   30    -502.67     -3.22     -2.46     -0.76  0.09 0.0050
  1.30   30    -502.67     -3.25     -2.48     -0.76  0.09 0.0050
  1.30   30    -502.67     -3.24     -2.47     -0.76  0.09 0.0050
  1.30   30    -502.67     -3.19     -2.43     -0.76  0.09 0.0050
  1.30   30    -502.67     -3.12     -2.36     -0.76  0.09 0.0050
  1.30   30    -502.66     -2.98     -2.22     -0.76  0.09 0.0050
  1.30   30    -502.66     -2.96     -2.20     -0.76  0.09 0.0050
  1.30   30    -502.66     -2.94     -2.18     -0.76  0.09 0.0050
  1.30   31    -502.67     -2.92     -2.16     -0.76  0.09 0.0050
  1.30   31    -502.67     -2.91     -2.16     -0.75  0.09 0.0050
  1.30   31    -502.67     -2.90     -2.14     -0.76  0.09 0.0050
  1.30   31    -502.66     -2.84     -2.07     -0.77  0.09 0.0050
  1.30   31    -502.66     -2.83     -2.07     -0.76  0.09 0.0050
  1.30   31    -502.66     -2.78     -2.01     -0.77  0.09 0.0050
  1.30   31    -502.66     -2.77     -2.00     -0.77  0.09 0.0050
  1.30   31    -502.67     -2.68     -1.91     -0.77  0.09 0.0050
  1.30   31    -502.67     -2.75     -1.98     -0.77  0.09 0.0050
  1.30   31    -502.67     -2.77     -1.99     -0.77  0.09 0.0050
  1.30   32    -502.67     -2.73     -1.95     -0.78  0.09 0.0050
