  1.30    0    -787.88     11.11     10.84      0.28  0.18 0.0050
  1.30    0    -787.39      4.71      3.80      0.91  0.17 0.0050
  1.30    0    -786.46     -5.46     -6.85      1.39  0.19 0.0050
  1.30    0    -785.71     -7.93    -10.15      2.22  0.19 0.0050
  1.30    0    -786.17     -6.12     -7.53      1.41  0.20 0.0050
  1.30    0    -786.29     -4.74     -6.36      1.62  0.20 0.0050
  1.30    0    -786.17     -4.01     -5.36      1.35  0.20 0.0050
  1.30    0    -785.79     -3.30     -4.42      1.12  0.19 0.0050
  1.30    0    -785.70     -4.22     -5.17      0.95  0.19 0.0050
  1.30    1    -785.47     -5.52     -6.25      0.73  0.19 0.0050
  1.30    1    -785.77     -5.18     -5.85      0.68  0.20 0.0050
  1.30    1    -786.15     -5.58     -6.14      0.56  0.19 0.0050
  1.30    1    -786.37     -4.31     -4.85      0.54  0.19 0.0050
  1.30    1    -786.72     -3.77     -4.50      0.73  0.19 0.0050
  1.30    1    -786.54     -4.07     -4.87      0.80  0.19 0.0050
  1.30    1    -786.56     -4.24     -4.78      0.54  0.19 0.0050
  1.30    1    -786.66     -3.56     -4.19      0.63  0.19 0.0050
  1.30    1    -786.81     -3.23     -3.83      0.59  0.19 0.0050
  1.30    1    -786.82     -2.25     -2.96      0.71  0.19 0.0050
  1.30    2    -787.15     -2.15     -2.89      0.75  0.19 0.0050
  1.30    2    -786.99     -3.12     -4.01      0.89  0.19 0.0050
  1.30    2    -786.97     -4.01     -4.88      0.87  0.19 0.0050
  1.30    2    -787.12     -3.69     -4.47      0.79  0.19 0.0050
  1.30    2    -787.27     -2.63     -3.41      0.77  0.19 0.0050
  1.30    2    -787.37     -2.41     -3.11      0.70  0.19 0.0050
  1.30    2    -787.38     -2.75     -3.37      0.62  0.19 0.0050
  1.30    2    -787.51     -3.13     -3.72      0.59  0.19 0.0050
  1.30    2    -787.39     -2.95     -3.46      0.51  0.19 0.0050
  1.30    2    -787.47     -2.26     -2.75      0.49  0.19 0.0050
  1.30    3    -787.42     -2.37     -2.84      0.47  0.19 0.0050
  1.30    3    -787.42     -2.57     -3.07      0.50  0.19 0.0050
  1.30    3    -787.35     -2.73     -3.17      0.44  0.19 0.0050
  1.30    3    -787.27     -3.04     -3.49      0.45  0.19 0.0050
  1.30    3    -787.30     -2.83     -3.27      0.44  0.19 0.0050
  1.30    3    -787.35     -2.25     -2.65      0.41  0.19 0.0050
  1.30    3    -787.49     -2.47     -2.88      0.42  0.19 0.0050
  1.30    3    -787.51     -2.37     -2.83      0.46  0.19 0.0050
  1.30    3    -787.45     -2.75     -3.24      0.49  0.19 0.0050
  1.30    3    -787.43     -2.17     -2.68      0.51  0.19 0.0050
  1.30    4    -787.43     -2.31     -2.84      0.53  0.19 0.0050
  1.30    4    -787.48     -2.28     -2.82      0.54  0.19 0.0050
  1.30    4    -787.41     -2.40     -2.94      0.54  0.19 0.0050
  1.30    4    -787.45     -2.07     -2.59      0.52  0.19 0.0050
  1.30    4    -787.43     -2.43     -2.98      0.55  0.19 0.0050
  1.30    4    -787.41     -2.68     -3.19      0.51  0.19 0.0050
  1.30    4    -787.43     -2.73     -3.27      0.54  0.19 0.0050
  1.30    4    -787.40     -2.15     -2.67      0.53  0.19 0.0050
  1.30    4    -787.47     -2.22     -2.70      0.48  0.19 0.0050
  1.30    4    -787.43     -2.57     -3.00      0.43  0.19 0.0050
  1.30    5    -787.50     -2.25     -2.67      0.42  0.19 0.0050
  1.30    5    -787.53     -2.23     -2.66      0.42  0.19 0.0050
  1.30    5    -787.53     -2.22     -2.65      0.43  0.19 0.0050
  1.30    5    -787.49     -2.58     -3.02      0.44  0.19 0.0050
  1.30    5    -787.46     -2.92     -3.32      0.41  0.19 0.0050
  1.30    5    -787.43     -3.27     -3.70      0.43  0.19 0.0050
  1.30    5    -787.49     -3.59     -4.01      0.43  0.19 0.0050
  1.30    5    -787.45     -3.52     -3.92      0.40  0.19 0.0050
  1.30    5    -787.44     -3.64     -4.01      0.37  0.19 0.0050
  1.30    5    -787.39     -3.69     -4.11      0.42  0.19 0.0050
  1.30    6    -787.42     -4.01     -4.46      0.45  0.19 0.0050
  1.30    6    -787.35     -3.87     -4.30      0.43  0.19 0.0050
  1.30    6    -787.31     -3.56     -4.00      0.44  0.19 0.0050
  1.30    6    -787.32     -3.55     -3.98      0.43  0.19 0.0050
  1.30    6    -787.34     -3.64     -4.06      0.42  0.19 0.0050
  1.30    6    -787.38     -3.63     -4.06      0.43  0.19 0.0050
  1.30    6    -787.41     -3.67     -4.11      0.44  0.19 0.0050
  1.30    6    -787.40     -3.52     -3.90      0.38  0.19 0.0050
  1.30    6    -787.38     -3.29     -3.67      0.39  0.19 0.0050
  1.30    6    -787.37     -3.13     -3.49      0.36  0.19 0.0050
  1.30    7    -787.38     -3.09     -3.52      0.43  0.19 0.0050
  1.30    7    -787.41     -2.93     -3.36      0.43  0.19 0.0050
  1.30    7    -787.37     -3.08     -3.48      0.40  0.19 0.0050
  1.30    7    -787.33     -3.15     -3.55      0.40  0.19 0.0050
  1.30    7    -787.28     -3.25     -3.66      0.41  0.19 0.0050
  1.30    7    -787.32     -2.92     -3.33      0.40  0.19 0.0050
  1.30    7    -787.36     -2.81     -3.22      0.41  0.19 0.0050
  1.30    7    -787.35     -2.73     -3.15      0.42  0.19 0.0050
  1.30    7    -787.36     -3.04     -3.43      0.40  0.19 0.0050
  1.30    7    -787.32     -3.34     -3.73      0.39  0.19 0.0050
  1.30    8    -787.37     -3.13     -3.54      0.41  0.19 0.0050
  1.30    0    -787.76      9.19     10.05     -0.86  0.19 0.0050
  1.30    0    -785.79      5.11      5.76     -0.65  0.16 0.0050
  1.30    0    -787.20      2.65      4.08     -1.44  0.16 0.0050
  1.30    0    -787.68      1.29      1.90     -0.61  0.18 0.0050
  1.30    0    -788.05      7.23      8.04     -0.82  0.19 0.0050
  1.30    0    -788.30      2.78      3.12     -0.34  0.20 0.0050
  1.30    0    -787.77      0.87      1.30     -0.43  0.19 0.0050
  1.30    0    -787.52     -2.99     -2.70     -0.29  0.20 0.0050
  1.30    0    -787.08     -4.19     -4.11     -0.07  0.20 0.0050
  1.30    1    -787.36     -3.59     -3.60      0.00  0.20 0.0050
  1.30    1    -787.49     -4.80     -4.90      0.10  0.20 0.0050
  1.30    1    -787.57     -4.90     -4.77     -0.13  0.20 0.0050
  1.30    1    -787.80     -4.84     -4.67     -0.17  0.20 0.0050
  1.30    1    -788.01     -4.41     -4.43      0.03  0.20 0.0050
  1.30    1    -788.13     -5.61     -5.62      0.01  0.20 0.0050
  1.30    1    -788.19     -6.17     -6.42      0.25  0.20 0.0050
  1.30    1    -788.18     -6.29     -6.59      0.30  0.20 0.0050
  1.30    1    -788.21     -6.73     -7.06      0.33  0.20 0.0050
  1.30    1    -788.29     -6.59     -6.95      0.36  0.21 0.0050
  1.30    2    -788.27     -6.87     -7.29      0.42  0.20 0.0050
  1.30    2    -788.16     -7.69     -8.16      0.47  0.20 0.0050
  1.30    2    -788.09     -7.27     -7.77      0.50  0.20 0.0050
  1.30    2    -788.39     -6.47     -6.95      0.48  0.21 0.0050
  1.30    2    -788.40     -6.73     -7.17      0.44  0.21 0.0050
  1.30    2    -788.35     -7.13     -7.51      0.37  0.21 0.0050
  1.30    2    -788.41     -7.26     -7.65      0.39  0.20 0.0050
  1.30    2    -788.35     -7.52     -7.92      0.40  0.20 0.0050
  1.30    2    -788.30     -7.62     -8.00      0.38  0.20 0.0050
  1.30    2    -788.25     -7.37     -7.74      0.38  0.20 0.0050
  1.30    3    -788.23     -7.15     -7.51      0.36  0.20 0.0050
  1.30    3    -788.25     -6.88     -7.20      0.32  0.20 0.0050
  1.30    3    -788.36     -6.43     -6.75      0.32  0.20 0.0050
  1.30    3    -788.41     -6.80     -7.14      0.33  0.20 0.0050
  1.30    3    -788.39     -7.82     -8.21      0.38  0.21 0.0050
  1.30    3    -788.37     -7.85     -8.14      0.30  0.20 0.0050
  1.30    3    -788.26     -8.39     -8.73      0.34  0.20 0.0050
  1.30    3    -788.11     -8.46     -8.84      0.39  0.20 0.0050
  1.30    3    -788.05     -8.47     -8.86      0.39  0.20 0.0050
  1.30    3    -788.09     -8.71     -9.10      0.38  0.20 0.0050
  1.30    4    -788.13     -8.30     -8.71      0.42  0.20 0.0050
  1.30    4    -788.20     -7.90     -8.32      0.42  0.20 0.0050
  1.30    4    -788.21     -8.47     -8.87      0.40  0.20 0.0050
  1.30    4    -788.18     -8.21     -8.67      0.46  0.20 0.0050
  1.30    4    -788.16     -8.78     -9.18      0.40  0.20 0.0050
  1.30    4    -788.18     -9.14     -9.60      0.45  0.20 0.0050
  1.30    4    -788.20     -8.79     -9.27      0.48  0.20 0.0050
  1.30    4    -788.13     -8.72     -9.21      0.48  0.20 0.0050
  1.30    4    -788.11     -8.80     -9.28      0.48  0.20 0.0050
  1.30    4    -788.04     -8.81     -9.29      0.48  0.20 0.0050
  1.30    5    -788.06     -8.86     -9.30      0.45  0.20 0.0050
  1.30    5    -787.99     -8.77     -9.21      0.44  0.20 0.0050
  1.30    5    -787.98     -8.78     -9.24      0.46  0.20 0.0050
  1.30    5    -788.02     -8.77     -9.26      0.49  0.20 0.0050
  1.30    5    -787.98     -9.03     -9.50      0.47  0.20 0.0050
  1.30    5    -787.96     -9.04     -9.48      0.44  0.20 0.0050
  1.30    5    -787.84     -9.29     -9.75      0.46  0.20 0.0050
  1.30    5    -787.87     -8.87     -9.34      0.48  0.20 0.0050
  1.30    5    -787.88     -8.91     -9.38      0.47  0.20 0.0050
  1.30    5    -787.86     -9.05     -9.52      0.47  0.20 0.0050
  1.30    6    -787.85     -8.99     -9.46      0.47  0.20 0.0050
  1.30    6    -787.80     -9.00     -9.47      0.47  0.19 0.0050
  1.30    6    -787.83     -9.02     -9.47      0.45  0.19 0.0050
  1.30    6    -787.76     -9.12     -9.59      0.47  0.19 0.0050
  1.30    6    -787.78     -9.08     -9.54      0.46  0.19 0.0050
  1.30    6    -787.74     -8.69     -9.16      0.47  0.19 0.0050
  1.30    6    -787.74     -8.30     -8.77      0.47  0.19 0.0050
  1.30    6    -787.77     -8.49     -8.94      0.46  0.19 0.0050
  1.30    6    -787.80     -8.28     -8.71      0.43  0.19 0.0050
  1.30    6    -787.79     -8.24     -8.65      0.41  0.19 0.0050
  1.30    7    -787.77     -8.30     -8.74      0.44  0.19 0.0050
  1.30    7    -787.81     -8.35     -8.79      0.43  0.19 0.0050
  1.30    7    -787.80     -8.16     -8.60      0.43  0.19 0.0050
  1.30    7    -787.84     -8.05     -8.47      0.42  0.19 0.0050
  1.30    7    -787.78     -8.08     -8.51      0.43  0.19 0.0050
  1.30    7    -787.83     -7.70     -8.14      0.44  0.19 0.0050
  1.30    7    -787.82     -7.40     -7.84      0.44  0.19 0.0050
  1.30    7    -787.82     -7.44     -7.89      0.45  0.19 0.0050
  1.30    7    -787.81     -7.54     -7.96      0.42  0.19 0.0050
  1.30    7    -787.81     -7.69     -8.10      0.40  0.19 0.0050
  1.30    8    -787.81     -7.93     -8.36      0.44  0.19 0.0050
  1.30    0    -786.07      2.61      2.07      0.54  0.15 0.0050
  1.30    0    -785.17      7.57      7.10      0.47  0.16 0.0050
  1.30    0    -786.51      3.65      2.67      0.98  0.17 0.0050
  1.30    0    -786.98      3.86      2.66      1.20  0.17 0.0050
  1.30    0    -787.66      0.50     -0.67      1.17  0.19 0.0050
  1.30    0    -787.79     -0.22     -0.97      0.74  0.19 0.0050
  1.30    0    -787.80     -2.27     -2.62      0.35  0.18 0.0050
  1.30    0    -788.15     -2.43     -2.71      0.28  0.19 0.0050
  1.30    0    -788.24     -0.63     -0.78      0.14  0.19 0.0050
  1.30    1    -788.47     -1.60     -1.65      0.05  0.19 0.0050
  1.30    1    -788.50     -0.97     -0.91     -0.05  0.20 0.0050
  1.30    1    -788.44     -1.77     -1.74     -0.03  0.20 0.0050
  1.30    1    -788.26     -2.01     -2.11      0.10  0.20 0.0050
  1.30    1    -788.13     -1.69     -1.81      0.13  0.20 0.0050
  1.30    1    -788.29     -1.79     -1.86      0.06  0.20 0.0050
  1.30    1    -788.37     -3.23     -3.36      0.13  0.20 0.0050
  1.30    1    -788.27     -3.12     -3.19      0.07  0.19 0.0050
  1.30    1    -788.20     -3.22     -3.36      0.14  0.19 0.0050
  1.30    1    -788.04     -3.13     -3.14      0.02  0.19 0.0050
  1.30    2    -787.97     -3.79     -3.84      0.06  0.20 0.0050
  1.30    2    -788.12     -2.50     -2.56      0.06  0.20 0.0050
  1.30    2    -788.08     -2.49     -2.39     -0.10  0.19 0.0050
  1.30    2    -788.08     -3.97     -3.97     -0.00  0.19 0.0050
  1.30    2    -788.01     -5.12     -5.13      0.01  0.19 0.0050
  1.30    2    -788.11     -5.59     -5.60      0.02  0.19 0.0050
  1.30    2    -788.11     -4.84     -4.92      0.08  0.19 0.0050
  1.30    2    -788.12     -5.92     -6.01      0.09  0.19 0.0050
  1.30    2    -788.13     -5.48     -5.57      0.10  0.19 0.0050
  1.30    2    -788.04     -6.08     -6.12      0.03  0.19 0.0050
  1.30    3    -788.00     -5.49     -5.53      0.04  0.19 0.0050
  1.30    3    -787.87     -5.91     -5.89     -0.02  0.19 0.0050
  1.30    3    -787.86     -5.56     -5.56      0.01  0.19 0.0050
  1.30    3    -787.71     -5.91     -6.00      0.09  0.19 0.0050
  1.30    3    -787.74     -5.98     -6.06      0.07  0.19 0.0050
  1.30    3    -787.88     -6.65     -6.76      0.10  0.19 0.0050
  1.30    3    -787.90     -7.12     -7.22      0.10  0.19 0.0050
  1.30    3    -787.74     -7.78     -7.90      0.12  0.19 0.0050
  1.30    3    -787.68     -7.49     -7.56      0.07  0.19 0.0050
  1.30    3    -787.61     -7.28     -7.31      0.04  0.19 0.0050
  1.30    4    -787.56     -7.56     -7.63      0.07  0.19 0.0050
  1.30    4    -787.58     -8.27     -8.35      0.08  0.19 0.0050
  1.30    4    -787.56     -8.44     -8.53      0.09  0.19 0.0050
  1.30    4    -787.57     -8.40     -8.49      0.09  0.19 0.0050
  1.30    4    -787.61     -8.66     -8.77      0.11  0.19 0.0050
  1.30    4    -787.66     -8.60     -8.72      0.12  0.19 0.0050
  1.30    4    -787.68     -8.84     -8.97      0.14  0.19 0.0050
  1.30    4    -787.67     -8.91     -9.06      0.14  0.19 0.0050
  1.30    4    -787.69     -9.21     -9.32      0.12  0.19 0.0050
  1.30    4    -787.72     -8.56     -8.66      0.09  0.19 0.0050
  1.30    5    -787.74     -8.43     -8.45      0.03  0.19 0.0050
  1.30    5    -787.77     -8.45     -8.46      0.02  0.19 0.0050
  1.30    5    -787.76     -8.17     -8.18      0.01  0.19 0.0050
  1.30    5    -787.71     -8.02     -8.08      0.05  0.19 0.0050
  1.30    5    -787.73     -7.94     -7.99      0.06  0.19 0.0050
  1.30    5    -787.73     -7.98     -8.02      0.03  0.19 0.0050
  1.30    5    -787.76     -8.13     -8.15      0.02  0.19 0.0050
  1.30    5    -787.85     -8.10     -8.16      0.06  0.19 0.0050
  1.30    5    -787.84     -7.79     -7.86      0.07  0.19 0.0050
  1.30    5    -787.85     -7.90     -7.95      0.05  0.19 0.0050
  1.30    6    -787.91     -8.29     -8.32      0.03  0.19 0.0050
  1.30    6    -787.88     -8.30     -8.33      0.02  0.19 0.0050
  1.30    6    -787.79     -8.14     -8.13     -0.00  0.19 0.0050
  1.30    6    -787.80     -8.31     -8.34      0.02  0.19 0.0050
  1.30    6    -787.79     -8.47     -8.55      0.08  0.19 0.0050
  1.30    6    -787.81     -8.26     -8.37      0.11  0.19 0.0050
  1.30    6    -787.85     -8.62     -8.72      0.10  0.19 0.0050
  1.30    6    -787.85     -8.48     -8.59      0.11  0.19 0.0050
  1.30    6    -787.87     -8.68     -8.80      0.12  0.19 0.0050
  1.30    6    -787.94     -8.54     -8.64      0.11  0.19 0.0050
  1.30    7    -787.93     -8.73     -8.86      0.13  0.19 0.0050
  1.30    7    -787.89     -8.63     -8.73      0.10  0.19 0.0050
  1.30    7    -787.89     -8.59     -8.72      0.13  0.19 0.0050
  1.30    7    -787.87     -8.44     -8.55      0.11  0.19 0.0050
  1.30    7    -787.86     -8.46     -8.56      0.10  0.19 0.0050
  1.30    7    -787.83     -8.62     -8.75      0.14  0.19 0.0050
  1.30    7    -787.85     -8.25     -8.38      0.13  0.19 0.0050
  1.30    7    -787.84     -8.08     -8.24      0.16  0.19 0.0050
  1.30    7    -787.85     -7.68     -7.81      0.14  0.19 0.0050
  1.30    7    -787.84     -7.64     -7.84      0.19  0.19 0.0050
  1.30    8    -787.89     -7.53     -7.72      0.20  0.19 0.0050
  1.30    0    -789.02    -17.55    -18.96      1.41  0.13 0.0050
  1.30    0    -789.16    -19.31    -21.09      1.78  0.17 0.0050
  1.30    0    -788.52    -15.85    -17.86      2.01  0.19 0.0050
  1.30    0    -789.17    -17.02    -17.91      0.88  0.19 0.0050
  1.30    0    -787.92    -14.61    -15.33      0.72  0.20 0.0050
  1.30    0    -787.32    -13.49    -14.23      0.73  0.20 0.0050
  1.30    0    -787.27    -15.68    -16.67      0.99  0.20 0.0050
  1.30    0    -787.13    -14.83    -15.36      0.53  0.20 0.0050
  1.30    0    -787.23    -16.08    -16.53      0.45  0.21 0.0050
  1.30    1    -786.80    -15.31    -15.88      0.57  0.21 0.0050
  1.30    1    -787.04    -15.60    -16.30      0.69  0.21 0.0050
  1.30    1    -787.43    -12.88    -13.64      0.77  0.21 0.0050
  1.30    1    -787.89    -10.58    -11.24      0.66  0.21 0.0050
  1.30    1    -787.84    -10.77    -11.44      0.67  0.21 0.0050
  1.30    1    -787.96    -12.27    -12.97      0.69  0.21 0.0050
  1.30    1    -788.02    -11.20    -11.81      0.61  0.21 0.0050
  1.30    1    -788.16    -12.19    -12.93      0.74  0.21 0.0050
  1.30    1    -788.27    -12.72    -13.28      0.56  0.21 0.0050
  1.30    1    -788.26    -12.29    -12.83      0.53  0.21 0.0050
  1.30    2    -788.09    -13.06    -13.68      0.62  0.21 0.0050
  1.30    2    -787.98    -12.23    -12.85      0.62  0.21 0.0050
  1.30    2    -787.96    -11.64    -12.27      0.63  0.21 0.0050
  1.30    2    -787.97    -10.40    -10.93      0.53  0.21 0.0050
  1.30    2    -787.95     -9.51     -9.97      0.46  0.20 0.0050
  1.30    2    -787.87     -9.18     -9.72      0.54  0.20 0.0050
  1.30    2    -787.93     -8.98     -9.46      0.48  0.20 0.0050
  1.30    2    -788.05     -9.38     -9.88      0.50  0.20 0.0050
  1.30    2    -788.04     -9.90    -10.48      0.58  0.20 0.0050
  1.30    2    -787.94    -10.57    -11.05      0.49  0.20 0.0050
  1.30    3    -787.87    -10.36    -10.80      0.44  0.20 0.0050
  1.30    3    -787.90    -10.46    -10.92      0.46  0.20 0.0050
  1.30    3    -787.91    -10.25    -10.74      0.49  0.20 0.0050
  1.30    3    -787.90    -10.44    -10.89      0.44  0.20 0.0050
  1.30    3    -787.84    -10.64    -11.11      0.46  0.20 0.0050
  1.30    3    -787.83    -10.46    -10.93      0.47  0.20 0.0050
  1.30    3    -787.77    -10.07    -10.47      0.41  0.20 0.0050
  1.30    3    -787.67    -10.21    -10.60      0.39  0.20 0.0050
  1.30    3    -787.61     -9.77    -10.12      0.35  0.20 0.0050
  1.30    3    -787.75    -10.41    -10.85      0.44  0.20 0.0050
  1.30    4    -787.80    -10.29    -10.75      0.46  0.20 0.0050
  1.30    4    -787.82    -10.66    -11.16      0.51  0.20 0.0050
  1.30    4    -787.77    -10.56    -11.12      0.56  0.20 0.0050
  1.30    4    -787.79    -10.51    -11.05      0.55  0.20 0.0050
  1.30    4    -787.76     -9.73    -10.31      0.58  0.19 0.0050
  1.30    4    -787.72     -9.87    -10.49      0.62  0.19 0.0050
  1.30    4    -787.69     -9.37    -10.00      0.62  0.19 0.0050
  1.30    4    -787.70     -9.88    -10.48      0.60  0.20 0.0050
  1.30    4    -787.67     -9.68    -10.26      0.58  0.20 0.0050
  1.30    4    -787.57     -9.39     -9.97      0.58  0.20 0.0050
  1.30    5    -787.59     -9.12     -9.62      0.51  0.20 0.0050
  1.30    5    -787.63     -9.14     -9.66      0.52  0.19 0.0050
  1.30    5    -787.60     -9.03     -9.54      0.51  0.19 0.0050
  1.30    5    -787.56     -8.98     -9.46      0.48  0.19 0.0050
  1.30    5    -787.58     -9.04     -9.51      0.47  0.19 0.0050
  1.30    5    -787.62     -9.04     -9.51      0.47  0.19 0.0050
  1.30    5    -787.65     -8.82     -9.28      0.46  0.20 0.0050
  1.30    5    -787.60     -9.00     -9.46      0.46  0.19 0.0050
  1.30    5    -787.66     -9.05     -9.50      0.45  0.19 0.0050
  1.30    5    -787.65     -9.24     -9.71      0.47  0.19 0.0050
  1.30    6    -787.68     -9.22     -9.68      0.46  0.19 0.0050
  1.30    6    -787.65     -9.06     -9.52      0.46  0.19 0.0050
  1.30    6    -787.68     -8.86     -9.32      0.46  0.19 0.0050
  1.30    6    -787.69     -8.97     -9.43      0.47  0.19 0.0050
  1.30    6    -787.71     -9.01     -9.48      0.47  0.19 0.0050
  1.30    6    -787.73     -9.37     -9.85      0.47  0.19 0.0050
  1.30    6    -787.74     -9.18     -9.62      0.44  0.19 0.0050
  1.30    6    -787.75     -9.37     -9.81      0.44  0.19 0.0050
  1.30    6    -787.74     -9.35     -9.75      0.40  0.19 0.0050
  1.30    6    -787.76     -9.14     -9.58      0.45  0.19 0.0050
  1.30    7    -787.73     -9.19     -9.64      0.45  0.19 0.0050
  1.30    7    -787.70     -9.32     -9.76      0.44  0.19 0.0050
  1.30    7    -787.71     -9.04     -9.49      0.45  0.19 0.0050
  1.30    7    -787.70     -8.90     -9.32      0.43  0.19 0.0050
  1.30    7    -787.72     -8.66     -9.06      0.40  0.19 0.0050
  1.30    7    -787.76     -8.56     -8.94      0.39  0.19 0.0050
  1.30    7    -787.76     -8.54     -8.94      0.40  0.19 0.0050
  1.30    7    -787.79     -8.37     -8.78      0.40  0.19 0.0050
  1.30    7    -787.79     -8.68     -9.07      0.39  0.19 0.0050
  1.30    7    -787.76     -8.51     -8.89      0.38  0.19 0.0050
  1.30    8    -787.81     -8.78     -9.17      0.39  0.19 0.0050
  1.30    8    -787.80     -8.71     -9.10      0.39  0.19 0.0050
  1.30    8    -787.74     -8.57     -8.94      0.37  0.19 0.0050
  1.30    8    -787.76     -8.44     -8.84      0.40  0.19 0.0050
  1.30    8    -787.70     -8.31     -8.69      0.38  0.19 0.0050
  1.30    8    -787.72     -8.08     -8.48      0.40  0.19 0.0050
  1.30    8    -787.69     -7.73     -8.10      0.38  0.19 0.0050
  1.30    8    -787.70     -7.75     -8.15      0.40  0.19 0.0050
  1.30    8    -787.68     -7.76     -8.16      0.40  0.19 0.0050
  1.30    8    -787.69     -7.92     -8.34      0.42  0.19 0.0050
  1.30    9    -787.70     -7.80     -8.22      0.43  0.19 0.0050
  1.30    9    -787.68     -7.74     -8.17      0.43  0.19 0.0050
  1.30    9    -787.69     -7.86     -8.27      0.41  0.19 0.0050
  1.30    9    -787.68     -8.12     -8.52      0.40  0.19 0.0050
  1.30    9    -787.66     -8.01     -8.41      0.39  0.19 0.0050
  1.30    9    -787.66     -8.02     -8.41      0.39  0.19 0.0050
  1.30    9    -787.62     -8.00     -8.39      0.40  0.19 0.0050
  1.30    9    -787.62     -7.90     -8.28      0.38  0.19 0.0050
  1.30    9    -787.64     -7.56     -7.96      0.39  0.19 0.0050
  1.30    9    -787.60     -7.61     -7.98      0.37  0.19 0.0050
  1.30   10    -787.60     -7.76     -8.12      0.36  0.19 0.0050
  1.30   10    -787.63     -7.77     -8.14      0.37  0.19 0.0050
  1.30   10    -787.66     -7.77     -8.13      0.35  0.19 0.0050
  1.30   10    -787.67     -7.71     -8.07      0.36  0.19 0.0050
  1.30   10    -787.69     -7.86     -8.24      0.38  0.19 0.0050
  1.30   10    -787.71     -8.04     -8.45      0.40  0.19 0.0050
  1.30   10    -787.70     -7.83     -8.23      0.40  0.19 0.0050
  1.30   10    -787.71     -7.71     -8.09      0.38  0.19 0.0050
  1.30   10    -787.68     -7.62     -7.99      0.37  0.19 0.0050
  1.30   10    -787.66     -7.63     -8.01      0.38  0.19 0.0050
  1.30   11    -787.67     -7.64     -8.03      0.39  0.19 0.0050
  1.30   11    -787.66     -7.76     -8.15      0.38  0.19 0.0050
  1.30   11    -787.65     -7.78     -8.16      0.37  0.19 0.0050
  1.30   11    -787.62     -7.80     -8.20      0.40  0.19 0.0050
  1.30   11    -787.60     -7.60     -8.00      0.39  0.19 0.0050
  1.30   11    -787.57     -7.63     -8.03      0.40  0.19 0.0050
  1.30   11    -787.59     -7.74     -8.12      0.38  0.19 0.0050
  1.30   11    -787.60     -7.69     -8.05      0.36  0.19 0.0050
  1.30   11    -787.58     -7.68     -8.01      0.33  0.19 0.0050
  1.30   11    -787.60     -7.57     -7.89      0.32  0.19 0.0050
  1.30   12    -787.59     -7.69     -8.01      0.33  0.19 0.0050
  1.30   12    -787.60     -7.42     -7.74      0.32  0.19 0.0050
  1.30   12    -787.58     -7.41     -7.71      0.31  0.19 0.0050
  1.30   12    -787.55     -7.58     -7.90      0.31  0.19 0.0050
  1.30   12    -787.56     -7.55     -7.85      0.31  0.19 0.0050
  1.30   12    -787.57     -7.50     -7.80      0.30  0.19 0.0050
  1.30   12    -787.56     -7.66     -7.95      0.29  0.19 0.0050
  1.30   12    -787.55     -7.58     -7.87      0.29  0.19 0.0050
  1.30   12    -787.55     -7.45     -7.76      0.31  0.19 0.0050
  1.30   12    -787.51     -7.37     -7.68      0.31  0.19 0.0050
  1.30   13    -787.52     -7.39     -7.72      0.33  0.19 0.0050
  1.30   13    -787.51     -7.41     -7.74      0.33  0.19 0.0050
  1.30   13    -787.50     -7.39     -7.69      0.31  0.19 0.0050
  1.30   13    -787.50     -7.33     -7.63      0.30  0.19 0.0050
  1.30   13    -787.52     -7.38     -7.70      0.33  0.19 0.0050
  1.30   13    -787.51     -7.34     -7.67      0.33  0.19 0.0050
  1.30   13    -787.52     -7.46     -7.80      0.34  0.19 0.0050
  1.30   13    -787.52     -7.40     -7.74      0.34  0.19 0.0050
  1.30   13    -787.53     -7.15     -7.50      0.36  0.19 0.0050
  1.30   13    -787.53     -7.01     -7.37      0.35  0.19 0.0050
  1.30   14    -787.54     -7.21     -7.55      0.34  0.19 0.0050
  1.30   14    -787.54     -7.07     -7.41      0.35  0.19 0.0050
  1.30   14    -787.54     -7.02     -7.37      0.35  0.19 0.0050
  1.30   14    -787.54     -7.04     -7.38      0.34  0.19 0.0050
  1.30   14    -787.56     -7.15     -7.49      0.34  0.19 0.0050
  1.30   14    -787.55     -7.11     -7.45      0.33  0.19 0.0050
  1.30   14    -787.55     -7.23     -7.55      0.32  0.19 0.0050
  1.30   14    -787.53     -7.20     -7.53      0.32  0.19 0.0050
  1.30   14    -787.52     -7.27     -7.60      0.33  0.19 0.0050
  1.30   14    -787.52     -7.41     -7.75      0.34  0.19 0.0050
  1.30   15    -787.51     -7.44     -7.79      0.35  0.19 0.0050
  1.30   15    -787.52     -7.42     -7.78      0.36  0.19 0.0050
  1.30   15    -787.51     -7.55     -7.91      0.35  0.19 0.0050
  1.30   15    -787.51     -7.53     -7.88      0.35  0.19 0.0050
  1.30   15    -787.49     -7.53     -7.90      0.37  0.19 0.0050
  1.30   15    -787.49     -7.73     -8.10      0.37  0.19 0.0050
  1.30   15    -787.48     -7.76     -8.14      0.38  0.19 0.0050
  1.30   15    -787.48     -7.73     -8.11      0.38  0.19 0.0050
  1.30   15    -787.48     -7.64     -8.02      0.38  0.19 0.0050
  1.30   15    -787.48     -7.63     -8.00      0.37  0.19 0.0050
  1.30   16    -787.49     -7.60     -7.97      0.37  0.19 0.0050
  1.30   16    -787.50     -7.68     -8.05      0.37  0.19 0.0050
  1.30   16    -787.52     -7.80     -8.17      0.37  0.19 0.0050
  1.30   16    -787.52     -7.62     -7.97      0.35  0.19 0.0050
  1.30   16    -787.53     -7.76     -8.11      0.35  0.19 0.0050
  1.30   16    -787.53     -7.89     -8.23      0.34  0.19 0.0050
  1.30   16    -787.55     -7.87     -8.20      0.33  0.19 0.0050
  1.30   16    -787.57     -8.05     -8.40      0.35  0.19 0.0050
  1.30   16    -787.56     -7.91     -8.26      0.35  0.19 0.0050
  1.30   16    -787.57     -7.90     -8.26      0.36  0.19 0.0050
  1.30   17    -787.57     -7.87     -8.22      0.35  0.19 0.0050
  1.30   17    -787.58     -7.83     -8.18      0.35  0.19 0.0050
  1.30   17    -787.60     -7.70     -8.05      0.34  0.19 0.0050
  1.30   17    -787.61     -7.62     -7.96      0.34  0.19 0.0050
  1.30   17    -787.63     -7.67     -8.00      0.33  0.19 0.0050
  1.30   17    -787.65     -7.59     -7.94      0.34  0.19 0.0050
  1.30   17    -787.67     -7.49     -7.82      0.33  0.19 0.0050
  1.30   17    -787.71     -7.59     -7.92      0.33  0.19 0.0050
  1.30   17    -787.72     -7.55     -7.90      0.34  0.19 0.0050
  1.30   17    -787.74     -7.58     -7.92      0.34  0.19 0.0050
  1.30   18    -787.73     -7.58     -7.92      0.34  0.19 0.0050
  1.30   18    -787.74     -7.70     -8.05      0.34  0.19 0.0050
  1.30   18    -787.75     -7.78     -8.12      0.34  0.19 0.0050
  1.30   18    -787.75     -7.73     -8.06      0.33  0.19 0.0050
  1.30   18    -787.74     -7.68     -8.01      0.32  0.19 0.0050
  1.30   18    -787.76     -7.57     -7.89      0.33  0.19 0.0050
  1.30   18    -787.76     -7.53     -7.84      0.31  0.19 0.0050
  1.30   18    -787.76     -7.52     -7.83      0.31  0.19 0.0050
  1.30   18    -787.75     -7.60     -7.91      0.31  0.19 0.0050
  1.30   18    -787.77     -7.58     -7.90      0.31  0.19 0.0050
  1.30   19    -787.78     -7.56     -7.88      0.32  0.19 0.0050
  1.30   19    -787.82     -7.67     -8.00      0.33  0.19 0.0050
  1.30   19    -787.83     -7.69     -8.03      0.33  0.19 0.0050
  1.30   19    -787.84     -7.75     -8.07      0.32  0.19 0.0050
  1.30   19    -787.83     -7.73     -8.07      0.34  0.19 0.0050
  1.30   19    -787.83     -7.62     -7.96      0.34  0.19 0.0050
  1.30   19    -787.83     -7.58     -7.91      0.33  0.19 0.0050
  1.30   19    -787.82     -7.59     -7.92      0.33  0.19 0.0050
  1.30   19    -787.82     -7.61     -7.92      0.32  0.19 0.0050
  1.30   19    -787.82     -7.71     -8.01      0.31  0.19 0.0050
  1.30   20    -787.83     -7.77     -8.08      0.30  0.19 0.0050
  1.30   20    -787.82     -7.83     -8.12      0.30  0.19 0.0050
  1.30   20    -787.83     -7.81     -8.09      0.29  0.19 0.0050
  1.30   20    -787.81     -7.85     -8.12      0.27  0.19 0.0050
  1.30   20    -787.81     -7.91     -8.18      0.27  0.19 0.0050
  1.30   20    -787.81     -8.01     -8.29      0.27  0.19 0.0050
  1.30   20    -787.80     -7.94     -8.21      0.27  0.19 0.0050
  1.30   20    -787.79     -7.91     -8.17      0.26  0.19 0.0050
  1.30   20    -787.81     -8.00     -8.26      0.26  0.19 0.0050
  1.30   20    -787.82     -7.97     -8.23      0.26  0.19 0.0050
  1.30   21    -787.82     -7.96     -8.23      0.26  0.19 0.0050
  1.30   21    -787.81     -7.94     -8.20      0.26  0.19 0.0050
  1.30   21    -787.83     -7.99     -8.24      0.25  0.19 0.0050
  1.30   21    -787.83     -7.85     -8.10      0.26  0.19 0.0050
  1.30   21    -787.84     -7.90     -8.16      0.26  0.19 0.0050
  1.30   21    -787.84     -7.89     -8.14      0.26  0.19 0.0050
  1.30   21    -787.85     -7.88     -8.14      0.25  0.19 0.0050
  1.30   21    -787.84     -7.83     -8.08      0.25  0.19 0.0050
  1.30   21    -787.84     -7.87     -8.12      0.26  0.19 0.0050
  1.30   21    -787.83     -7.87     -8.12      0.25  0.19 0.0050
  1.30   22    -787.84     -7.88     -8.14      0.26  0.19 0.0050
  1.30   22    -787.83     -7.87     -8.13      0.26  0.19 0.0050
  1.30   22    -787.83     -7.96     -8.23      0.27  0.19 0.0050
  1.30   22    -787.83     -7.89     -8.17      0.28  0.19 0.0050
  1.30   22    -787.83     -7.88     -8.16      0.28  0.19 0.0050
  1.30   22    -787.82     -7.96     -8.23      0.27  0.19 0.0050
  1.30   22    -787.80     -7.99     -8.26      0.27  0.19 0.0050
  1.30   22    -787.80     -8.04     -8.30      0.26  0.19 0.0050
  1.30   22    -787.81     -8.08     -8.34      0.26  0.19 0.0050
  1.30   22    -787.80     -8.15     -8.42      0.26  0.19 0.0050
  1.30   23    -787.81     -8.18     -8.44      0.26  0.19 0.0050
  1.30   23    -787.82     -8.18     -8.44      0.26  0.19 0.0050
  1.30   23    -787.81     -8.18     -8.45      0.27  0.19 0.0050
  1.30   23    -787.82     -8.31     -8.58      0.27  0.19 0.0050
  1.30   23    -787.83     -8.33     -8.61      0.28  0.19 0.0050
  1.30   23    -787.83     -8.34     -8.62      0.28  0.19 0.0050
  1.30   23    -787.85     -8.40     -8.68      0.28  0.19 0.0050
  1.30   23    -787.84     -8.38     -8.67      0.29  0.19 0.0050
  1.30   23    -787.83     -8.43     -8.72      0.29  0.19 0.0050
  1.30   23    -787.84     -8.41     -8.70      0.29  0.19 0.0050
  1.30   24    -787.84     -8.44     -8.74      0.30  0.19 0.0050
  1.30   24    -787.83     -8.40     -8.69      0.29  0.19 0.0050
  1.30   24    -787.83     -8.42     -8.71      0.29  0.19 0.0050
  1.30   24    -787.84     -8.46     -8.75      0.29  0.19 0.0050
  1.30   24    -787.83     -8.46     -8.76      0.29  0.19 0.0050
  1.30   24    -787.84     -8.45     -8.74      0.29  0.19 0.0050
  1.30   24    -787.83     -8.51     -8.80      0.29  0.19 0.0050
  1.30   24    -787.84     -8.52     -8.82      0.30  0.19 0.0050
  1.30   24    -787.84     -8.47     -8.74      0.28  0.19 0.0050
  1.30   24    -787.83     -8.44     -8.73      0.29  0.19 0.0050
  1.30   25    -787.83     -8.34     -8.63      0.29  0.19 0.0050
  1.30   25    -787.83     -8.41     -8.70      0.30  0.19 0.0050
  1.30   25    -787.84     -8.40     -8.69      0.30  0.19 0.0050
  1.30   25    -787.83     -8.39     -8.67      0.29  0.19 0.0050
  1.30   25    -787.83     -8.36     -8.66      0.29  0.19 0.0050
  1.30   25    -787.82     -8.37     -8.66      0.29  0.19 0.0050
  1.30   25    -787.82     -8.37     -8.66      0.30  0.19 0.0050
  1.30   25    -787.81     -8.33     -8.62      0.29  0.19 0.0050
  1.30   25    -787.80     -8.35     -8.64      0.29  0.19 0.0050
  1.30   25    -787.81     -8.30     -8.59      0.29  0.19 0.0050
  1.30   26    -787.81     -8.27     -8.56      0.29  0.19 0.0050
  1.30   26    -787.81     -8.28     -8.57      0.29  0.19 0.0050
  1.30   26    -787.80     -8.29     -8.57      0.28  0.19 0.0050
  1.30   26    -787.81     -8.25     -8.53      0.28  0.19 0.0050
  1.30   26    -787.82     -8.23     -8.52      0.29  0.19 0.0050
  1.30   26    -787.82     -8.20     -8.50      0.29  0.19 0.0050
  1.30   26    -787.83     -8.14     -8.43      0.30  0.19 0.0050
  1.30   26    -787.83     -8.20     -8.49      0.30  0.19 0.0050
  1.30   26    -787.82     -8.13     -8.44      0.31  0.19 0.0050
  1.30   26    -787.82     -8.07     -8.38      0.31  0.19 0.0050
  1.30   27    -787.83     -7.96     -8.27      0.30  0.19 0.0050
  1.30   27    -787.84     -8.11     -8.41      0.30  0.19 0.0050
  1.30   27    -787.83     -8.14     -8.44      0.30  0.19 0.0050
  1.30   27    -787.84     -8.08     -8.39      0.31  0.19 0.0050
  1.30   27    -787.85     -8.11     -8.42      0.31  0.19 0.0050
  1.30   27    -787.85     -8.08     -8.39      0.31  0.19 0.0050
  1.30   27    -787.85     -8.12     -8.43      0.31  0.19 0.0050
  1.30   27    -787.84     -8.17     -8.48      0.31  0.19 0.0050
  1.30   27    -787.84     -8.19     -8.51      0.31  0.19 0.0050
  1.30   27    -787.85     -8.17     -8.48      0.31  0.19 0.0050
  1.30   28    -787.85     -8.07     -8.38      0.31  0.19 0.0050
  1.30   28    -787.83     -8.17     -8.47      0.30  0.19 0.0050
  1.30   28    -787.84     -8.14     -8.45      0.31  0.19 0.0050
  1.30   28    -787.84     -8.13     -8.44      0.31  0.19 0.0050
  1.30   28    -787.84     -8.12     -8.43      0.32  0.19 0.0050
  1.30   28    -787.84     -8.22     -8.54      0.32  0.19 0.0050
  1.30   28    -787.83     -8.30     -8.62      0.31  0.19 0.0050
  1.30   28    -787.83     -8.27     -8.59      0.32  0.19 0.0050
  1.30   28    -787.84     -8.27     -8.59      0.32  0.19 0.0050
  1.30   28    -787.84     -8.28     -8.60      0.33  0.19 0.0050
  1.30   29    -787.84     -8.24     -8.57      0.33  0.19 0.0050
  1.30   29    -787.85     -8.29     -8.62      0.34  0.19 0.0050
  1.30   29    -787.84     -8.29     -8.63      0.33  0.19 0.0050
  1.30   29    -787.84     -8.29     -8.63      0.34  0.19 0.0050
  1.30   29    -787.84     -8.27     -8.61      0.34  0.19 0.0050
  1.30   29    -787.84     -8.30     -8.64      0.34  0.19 0.0050
  1.30   29    -787.83     -8.23     -8.57      0.34  0.19 0.0050
  1.30   29    -787.82     -8.36     -8.70      0.33  0.19 0.0050
  1.30   29    -787.82     -8.39     -8.73      0.33  0.19 0.0050
  1.30   29    -787.83     -8.39     -8.72      0.33  0.19 0.0050
  1.30   30    -787.81     -8.38     -8.71      0.33  0.19 0.0050
  1.30   30    -787.81     -8.36     -8.70      0.34  0.19 0.0050
  1.30   30    -787.80     -8.31     -8.66      0.35  0.19 0.0050
  1.30   30    -787.81     -8.32     -8.67      0.36  0.19 0.0050
  1.30   30    -787.81     -8.35     -8.70      0.35  0.19 0.0050
  1.30   30    -787.81     -8.39     -8.74      0.35  0.19 0.0050
  1.30   30    -787.81     -8.43     -8.79      0.35  0.19 0.0050
  1.30   30    -787.82     -8.40     -8.75      0.35  0.19 0.0050
  1.30   30    -787.82     -8.36     -8.71      0.35  0.19 0.0050
  1.30   30    -787.81     -8.38     -8.73      0.35  0.19 0.0050
  1.30   31    -787.81     -8.34     -8.69      0.35  0.19 0.0050
  1.30   31    -787.80     -8.31     -8.67      0.35  0.19 0.0050
  1.30   31    -787.80     -8.30     -8.66      0.35  0.19 0.0050
  1.30   31    -787.80     -8.33     -8.68      0.35  0.19 0.0050
  1.30   31    -787.80     -8.36     -8.71      0.35  0.19 0.0050
  1.30   31    -787.79     -8.34     -8.69      0.35  0.19 0.0050
  1.30   31    -787.79     -8.25     -8.59      0.34  0.19 0.0050
  1.30   31    -787.78     -8.24     -8.57      0.34  0.19 0.0050
  1.30   31    -787.78     -8.21     -8.54      0.33  0.19 0.0050
  1.30   31    -787.79     -8.28     -8.63      0.34  0.19 0.0050
  1.30   32    -787.78     -8.25     -8.59      0.35  0.19 0.0050
