  1.30    0    -499.86     -4.96     -4.15     -0.81  0.18 0.0100
  1.30    0    -501.89     -4.92     -4.18     -0.74  0.18 0.0100
  1.30    0    -502.62     -3.54     -3.29     -0.25  0.18 0.0100
  1.30    0    -503.10     -3.26     -3.51      0.25  0.18 0.0100
  1.30    0    -502.35     -3.86     -3.90      0.04  0.18 0.0100
  1.30    0    -502.66     -3.24     -3.19     -0.05  0.18 0.0100
  1.30    0    -502.29     -3.04     -3.11      0.07  0.18 0.0100
  1.30    0    -502.35     -3.34     -3.41      0.07  0.19 0.0100
  1.30    0    -502.72     -3.16     -3.09     -0.07  0.19 0.0100
  1.30    1    -502.60     -3.11     -2.94     -0.17  0.19 0.0100
  1.30    1    -502.44     -3.26     -2.98     -0.28  0.18 0.0100
  1.30    1    -502.34     -3.44     -3.20     -0.24  0.19 0.0100
  1.30    1    -502.42     -3.41     -3.11     -0.30  0.19 0.0100
  1.30    1    -502.60     -3.71     -3.49     -0.22  0.19 0.0100
  1.30    1    -502.53     -3.72     -3.34     -0.39  0.18 0.0100
  1.30    1    -502.38     -3.52     -3.08     -0.44  0.18 0.0100
  1.30    1    -502.37     -3.39     -3.04     -0.35  0.19 0.0100
  1.30    1    -502.25     -3.53     -3.13     -0.40  0.18 0.0100
  1.30    1    -502.18     -3.31     -2.96     -0.35  0.18 0.0100
  1.30    2    -502.30     -3.42     -3.08     -0.34  0.18 0.0100
  1.30    2    -502.23     -3.17     -2.82     -0.36  0.18 0.0100
  1.30    2    -502.14     -3.24     -2.89     -0.35  0.18 0.0100
  1.30    2    -501.97     -3.06     -2.73     -0.33  0.18 0.0100
  1.30    2    -502.00     -3.27     -2.92     -0.35  0.18 0.0100
  1.30    2    -502.10     -3.29     -2.90     -0.39  0.18 0.0100
  1.30    2    -502.15     -3.41     -3.03     -0.38  0.18 0.0100
  1.30    2    -502.11     -3.35     -3.05     -0.31  0.18 0.0100
  1.30    2    -502.13     -3.46     -3.11     -0.35  0.18 0.0100
  1.30    2    -502.19     -3.49     -3.12     -0.37  0.18 0.0100
  1.30    3    -502.31     -3.51     -3.15     -0.36  0.18 0.0100
  1.30    3    -502.25     -3.46     -3.09     -0.37  0.18 0.0100
  1.30    3    -502.32     -3.69     -3.33     -0.36  0.18 0.0100
  1.30    3    -502.34     -3.53     -3.15     -0.37  0.18 0.0100
  1.30    3    -502.33     -3.54     -3.18     -0.36  0.18 0.0100
  1.30    3    -502.37     -3.52     -3.19     -0.33  0.18 0.0100
  1.30    3    -502.31     -3.53     -3.18     -0.34  0.18 0.0100
  1.30    3    -502.26     -3.63     -3.31     -0.32  0.18 0.0100
  1.30    3    -502.29     -3.65     -3.34     -0.31  0.18 0.0100
  1.30    3    -502.26     -3.50     -3.15     -0.35  0.18 0.0100
  1.30    4    -502.26     -3.54     -3.16     -0.38  0.18 0.0100
  1.30    4    -502.25     -3.58     -3.21     -0.37  0.18 0.0100
  1.30    4    -502.23     -3.52     -3.14     -0.38  0.18 0.0100
  1.30    4    -502.25     -3.38     -2.97     -0.41  0.18 0.0100
  1.30    4    -502.29     -3.43     -3.01     -0.42  0.18 0.0100
  1.30    4    -502.35     -3.48     -3.04     -0.44  0.18 0.0100
  1.30    4    -502.37     -3.42     -2.97     -0.45  0.18 0.0100
  1.30    4    -502.39     -3.59     -3.14     -0.45  0.18 0.0100
  1.30    4    -502.41     -3.81     -3.35     -0.46  0.19 0.0100
  1.30    4    -502.40     -4.04     -3.60     -0.44  0.19 0.0100
  1.30    5    -502.40     -3.94     -3.50     -0.43  0.19 0.0100
  1.30    5    -502.43     -3.84     -3.43     -0.41  0.19 0.0100
  1.30    5    -502.42     -3.83     -3.41     -0.42  0.19 0.0100
  1.30    5    -502.44     -3.77     -3.33     -0.44  0.19 0.0100
  1.30    5    -502.44     -3.95     -3.51     -0.44  0.19 0.0100
  1.30    5    -502.45     -3.93     -3.48     -0.44  0.19 0.0100
  1.30    5    -502.43     -3.87     -3.41     -0.46  0.19 0.0100
  1.30    5    -502.46     -3.67     -3.20     -0.47  0.19 0.0100
  1.30    5    -502.44     -3.59     -3.13     -0.46  0.19 0.0100
  1.30    5    -502.46     -3.40     -2.96     -0.44  0.19 0.0100
  1.30    6    -502.45     -3.49     -3.04     -0.46  0.19 0.0100
  1.30    6    -502.44     -3.44     -2.96     -0.48  0.19 0.0100
  1.30    6    -502.45     -3.45     -2.95     -0.50  0.19 0.0100
  1.30    6    -502.44     -3.52     -3.03     -0.49  0.18 0.0100
  1.30    6    -502.45     -3.49     -2.98     -0.52  0.19 0.0100
  1.30    6    -502.46     -3.51     -2.99     -0.52  0.18 0.0100
  1.30    6    -502.44     -3.64     -3.10     -0.54  0.18 0.0100
  1.30    6    -502.44     -3.54     -2.99     -0.55  0.18 0.0100
  1.30    6    -502.46     -3.45     -2.88     -0.57  0.18 0.0100
  1.30    6    -502.47     -3.43     -2.88     -0.55  0.18 0.0100
  1.30    7    -502.47     -3.67     -3.13     -0.53  0.18 0.0100
  1.30    7    -502.50     -3.77     -3.23     -0.54  0.19 0.0100
  1.30    7    -502.52     -3.76     -3.23     -0.53  0.18 0.0100
  1.30    7    -502.51     -3.68     -3.14     -0.54  0.19 0.0100
  1.30    7    -502.51     -3.61     -3.06     -0.56  0.19 0.0100
  1.30    7    -502.51     -3.73     -3.18     -0.54  0.19 0.0100
  1.30    7    -502.52     -3.78     -3.24     -0.54  0.19 0.0100
  1.30    7    -502.56     -3.68     -3.14     -0.55  0.19 0.0100
  1.30    7    -502.58     -3.67     -3.13     -0.53  0.19 0.0100
  1.30    7    -502.56     -3.52     -2.97     -0.54  0.18 0.0100
  1.30    7    -502.59     -3.53     -2.98     -0.54  0.18 0.0100
  1.30    7    -502.63     -3.54     -3.01     -0.53  0.18 0.0100
  1.30    7    -502.62     -3.58     -3.05     -0.53  0.18 0.0100
  1.30    7    -502.63     -3.58     -3.05     -0.53  0.19 0.0100
  1.30    7    -502.60     -3.66     -3.14     -0.52  0.18 0.0100
  1.30    7    -502.60     -3.76     -3.23     -0.52  0.19 0.0100
  1.30    7    -502.61     -3.69     -3.15     -0.53  0.18 0.0100
  1.30    7    -502.62     -3.70     -3.17     -0.53  0.18 0.0100
  1.30    8    -502.62     -3.71     -3.17     -0.54  0.18 0.0100
  1.30    8    -502.63     -3.88     -3.33     -0.55  0.18 0.0100
  1.30    8    -502.62     -4.00     -3.45     -0.55  0.18 0.0100
  1.30    8    -502.64     -3.89     -3.34     -0.55  0.18 0.0100
  1.30    8    -502.66     -3.78     -3.23     -0.55  0.18 0.0100
  1.30    8    -502.66     -3.80     -3.24     -0.56  0.19 0.0100
  1.30    8    -502.66     -3.78     -3.20     -0.57  0.18 0.0100
  1.30    8    -502.65     -3.89     -3.34     -0.56  0.19 0.0100
  1.30    8    -502.66     -3.93     -3.38     -0.55  0.19 0.0100
  1.30    8    -502.65     -3.95     -3.42     -0.54  0.19 0.0100
  1.30    9    -502.68     -3.89     -3.35     -0.53  0.19 0.0100
  1.30    9    -502.71     -3.85     -3.33     -0.52  0.19 0.0100
  1.30    9    -502.74     -3.76     -3.24     -0.53  0.19 0.0100
  1.30    9    -502.73     -3.83     -3.30     -0.53  0.19 0.0100
  1.30    9    -502.72     -3.93     -3.41     -0.52  0.19 0.0100
  1.30    9    -502.75     -3.78     -3.26     -0.52  0.19 0.0100
  1.30    9    -502.75     -3.85     -3.34     -0.51  0.19 0.0100
  1.30    9    -502.75     -3.88     -3.38     -0.50  0.19 0.0100
  1.30    9    -502.76     -3.94     -3.43     -0.51  0.19 0.0100
  1.30    9    -502.76     -3.93     -3.41     -0.51  0.19 0.0100
  1.30   10    -502.78     -3.87     -3.35     -0.52  0.19 0.0100
  1.30   10    -502.76     -3.96     -3.43     -0.53  0.19 0.0100
  1.30   10    -502.77     -4.00     -3.47     -0.53  0.19 0.0100
  1.30   10    -502.77     -3.98     -3.44     -0.53  0.19 0.0100
  1.30   10    -502.76     -3.89     -3.35     -0.54  0.19 0.0100
  1.30   10    -502.76     -3.90     -3.36     -0.54  0.19 0.0100
  1.30   10    -502.76     -3.81     -3.27     -0.54  0.19 0.0100
  1.30   10    -502.76     -3.79     -3.25     -0.55  0.19 0.0100
  1.30   10    -502.75     -3.80     -3.25     -0.55  0.19 0.0100
  1.30   10    -502.78     -3.84     -3.29     -0.55  0.19 0.0100
  1.30   11    -502.77     -3.83     -3.28     -0.55  0.19 0.0100
  1.30   11    -502.77     -3.72     -3.17     -0.55  0.19 0.0100
  1.30   11    -502.77     -3.67     -3.13     -0.54  0.19 0.0100
  1.30   11    -502.78     -3.66     -3.11     -0.54  0.19 0.0100
  1.30   11    -502.75     -3.69     -3.14     -0.55  0.19 0.0100
  1.30   11    -502.75     -3.76     -3.22     -0.54  0.19 0.0100
  1.30   11    -502.76     -3.81     -3.26     -0.55  0.19 0.0100
  1.30   11    -502.78     -3.89     -3.35     -0.54  0.19 0.0100
  1.30   11    -502.78     -3.95     -3.40     -0.54  0.19 0.0100
  1.30   11    -502.80     -3.93     -3.38     -0.55  0.19 0.0100
  1.30   12    -502.80     -3.92     -3.37     -0.55  0.19 0.0100
  1.30   12    -502.81     -3.90     -3.36     -0.54  0.19 0.0100
  1.30   12    -502.83     -3.84     -3.30     -0.55  0.19 0.0100
  1.30   12    -502.82     -3.65     -3.10     -0.55  0.19 0.0100
  1.30   12    -502.81     -3.63     -3.09     -0.54  0.19 0.0100
  1.30   12    -502.82     -3.58     -3.04     -0.54  0.19 0.0100
  1.30   12    -502.84     -3.52     -2.98     -0.54  0.19 0.0100
  1.30   12    -502.83     -3.58     -3.04     -0.54  0.19 0.0100
  1.30   12    -502.83     -3.57     -3.03     -0.53  0.19 0.0100
  1.30   12    -502.83     -3.52     -2.98     -0.54  0.19 0.0100
  1.30   13    -502.83     -3.50     -2.95     -0.55  0.19 0.0100
  1.30   13    -502.82     -3.53     -2.98     -0.55  0.19 0.0100
  1.30   13    -502.83     -3.60     -3.06     -0.54  0.19 0.0100
  1.30   13    -502.82     -3.51     -2.97     -0.54  0.19 0.0100
  1.30   13    -502.82     -3.52     -2.98     -0.54  0.19 0.0100
  1.30   13    -502.83     -3.49     -2.96     -0.53  0.19 0.0100
  1.30   13    -502.82     -3.44     -2.90     -0.54  0.18 0.0100
  1.30   13    -502.83     -3.37     -2.83     -0.54  0.18 0.0100
  1.30   13    -502.82     -3.30     -2.77     -0.53  0.18 0.0100
  1.30   13    -502.83     -3.29     -2.75     -0.54  0.18 0.0100
  1.30   14    -502.82     -3.28     -2.74     -0.54  0.18 0.0100
  1.30   14    -502.82     -3.27     -2.73     -0.54  0.18 0.0100
  1.30   14    -502.81     -3.28     -2.74     -0.54  0.18 0.0100
  1.30   14    -502.81     -3.30     -2.76     -0.54  0.18 0.0100
  1.30   14    -502.81     -3.51     -2.96     -0.54  0.18 0.0100
  1.30   14    -502.80     -3.41     -2.86     -0.55  0.18 0.0100
  1.30   14    -502.81     -3.36     -2.80     -0.55  0.18 0.0100
  1.30   14    -502.80     -3.40     -2.84     -0.56  0.18 0.0100
  1.30   14    -502.80     -3.52     -2.96     -0.56  0.18 0.0100
  1.30   14    -502.81     -3.44     -2.87     -0.57  0.18 0.0100
  1.30   15    -502.81     -3.46     -2.90     -0.56  0.18 0.0100
  1.30   15    -502.80     -3.62     -3.06     -0.56  0.18 0.0100
  1.30   15    -502.80     -3.59     -3.03     -0.56  0.18 0.0100
  1.30   15    -502.79     -3.71     -3.16     -0.55  0.18 0.0100
  1.30   15    -502.79     -3.73     -3.17     -0.56  0.18 0.0100
  1.30   15    -502.78     -3.81     -3.24     -0.57  0.18 0.0100
  1.30   15    -502.79     -3.83     -3.26     -0.57  0.18 0.0100
  1.30   15    -502.79     -3.79     -3.21     -0.58  0.18 0.0100
  1.30   15    -502.79     -3.81     -3.23     -0.58  0.18 0.0100
  1.30   15    -502.78     -3.93     -3.36     -0.58  0.18 0.0100
  1.30   16    -502.78     -3.92     -3.33     -0.58  0.18 0.0100
  1.30   16    -502.77     -3.91     -3.32     -0.59  0.18 0.0100
  1.30   16    -502.76     -3.94     -3.35     -0.59  0.18 0.0100
  1.30   16    -502.77     -3.93     -3.34     -0.59  0.18 0.0100
  1.30   16    -502.76     -3.92     -3.34     -0.59  0.18 0.0100
  1.30   16    -502.76     -3.91     -3.32     -0.59  0.18 0.0100
  1.30   16    -502.76     -3.92     -3.34     -0.58  0.18 0.0100
  1.30   16    -502.77     -3.94     -3.37     -0.58  0.18 0.0100
  1.30   16    -502.77     -3.96     -3.39     -0.57  0.18 0.0100
  1.30   16    -502.78     -3.89     -3.32     -0.58  0.18 0.0100
  1.30   17    -502.79     -3.84     -3.27     -0.58  0.18 0.0100
  1.30   17    -502.78     -3.82     -3.25     -0.57  0.18 0.0100
  1.30   17    -502.79     -3.83     -3.26     -0.57  0.18 0.0100
  1.30   17    -502.78     -3.79     -3.21     -0.57  0.18 0.0100
  1.30   17    -502.77     -3.82     -3.25     -0.57  0.18 0.0100
  1.30   17    -502.75     -3.75     -3.18     -0.57  0.18 0.0100
  1.30   17    -502.75     -3.74     -3.17     -0.57  0.18 0.0100
  1.30   17    -502.76     -3.76     -3.19     -0.57  0.18 0.0100
  1.30   17    -502.77     -3.77     -3.20     -0.57  0.18 0.0100
  1.30   17    -502.77     -3.76     -3.19     -0.57  0.18 0.0100
  1.30   18    -502.78     -3.69     -3.12     -0.57  0.18 0.0100
  1.30   18    -502.79     -3.63     -3.05     -0.58  0.18 0.0100
  1.30   18    -502.78     -3.64     -3.06     -0.58  0.18 0.0100
  1.30   18    -502.78     -3.62     -3.04     -0.58  0.18 0.0100
  1.30   18    -502.78     -3.51     -2.92     -0.59  0.18 0.0100
  1.30   18    -502.77     -3.47     -2.87     -0.60  0.18 0.0100
  1.30   18    -502.78     -3.42     -2.82     -0.60  0.18 0.0100
  1.30   18    -502.77     -3.40     -2.79     -0.61  0.18 0.0100
  1.30   18    -502.77     -3.42     -2.82     -0.60  0.18 0.0100
  1.30   18    -502.77     -3.45     -2.85     -0.61  0.18 0.0100
  1.30   19    -502.76     -3.46     -2.85     -0.61  0.18 0.0100
  1.30   19    -502.78     -3.50     -2.90     -0.61  0.18 0.0100
  1.30   19    -502.78     -3.53     -2.92     -0.61  0.18 0.0100
  1.30   19    -502.77     -3.50     -2.89     -0.61  0.18 0.0100
  1.30   19    -502.78     -3.45     -2.85     -0.60  0.18 0.0100
  1.30   19    -502.78     -3.49     -2.89     -0.60  0.18 0.0100
  1.30   19    -502.77     -3.55     -2.94     -0.61  0.18 0.0100
  1.30   19    -502.76     -3.55     -2.94     -0.61  0.18 0.0100
  1.30   19    -502.76     -3.62     -3.01     -0.61  0.18 0.0100
  1.30   19    -502.76     -3.60     -2.98     -0.62  0.18 0.0100
  1.30   20    -502.76     -3.62     -3.00     -0.62  0.18 0.0100
  1.30   20    -502.77     -3.55     -2.93     -0.62  0.18 0.0100
  1.30   20    -502.77     -3.51     -2.89     -0.62  0.18 0.0100
  1.30   20    -502.77     -3.47     -2.85     -0.62  0.18 0.0100
  1.30   20    -502.78     -3.48     -2.85     -0.63  0.18 0.0100
  1.30   20    -502.79     -3.49     -2.86     -0.63  0.18 0.0100
  1.30   20    -502.79     -3.52     -2.89     -0.63  0.18 0.0100
  1.30   20    -502.79     -3.52     -2.89     -0.62  0.18 0.0100
  1.30   20    -502.79     -3.61     -2.98     -0.62  0.18 0.0100
  1.30   20    -502.79     -3.53     -2.90     -0.63  0.18 0.0100
  1.30   21    -502.80     -3.54     -2.91     -0.63  0.18 0.0100
  1.30   21    -502.81     -3.57     -2.94     -0.63  0.18 0.0100
  1.30   21    -502.82     -3.65     -3.01     -0.64  0.18 0.0100
  1.30   21    -502.81     -3.66     -3.04     -0.63  0.18 0.0100
  1.30   21    -502.81     -3.64     -3.01     -0.63  0.18 0.0100
  1.30   21    -502.82     -3.67     -3.04     -0.63  0.18 0.0100
  1.30   21    -502.83     -3.69     -3.06     -0.63  0.18 0.0100
  1.30   21    -502.83     -3.77     -3.13     -0.64  0.18 0.0100
  1.30   21    -502.82     -3.74     -3.11     -0.64  0.18 0.0100
  1.30   21    -502.84     -3.73     -3.10     -0.63  0.18 0.0100
  1.30   22    -502.83     -3.64     -3.00     -0.64  0.18 0.0100
  1.30   22    -502.82     -3.59     -2.95     -0.64  0.18 0.0100
  1.30   22    -502.81     -3.57     -2.94     -0.64  0.18 0.0100
  1.30   22    -502.80     -3.66     -3.02     -0.64  0.18 0.0100
  1.30   22    -502.81     -3.58     -2.94     -0.64  0.18 0.0100
  1.30   22    -502.81     -3.58     -2.93     -0.64  0.18 0.0100
  1.30   22    -502.80     -3.58     -2.95     -0.63  0.18 0.0100
  1.30   22    -502.81     -3.63     -2.99     -0.63  0.18 0.0100
  1.30   22    -502.80     -3.62     -2.99     -0.63  0.18 0.0100
  1.30   22    -502.79     -3.58     -2.95     -0.63  0.18 0.0100
  1.30   23    -502.79     -3.57     -2.94     -0.63  0.18 0.0100
  1.30   23    -502.81     -3.52     -2.90     -0.62  0.18 0.0100
  1.30   23    -502.81     -3.54     -2.91     -0.63  0.18 0.0100
  1.30   23    -502.80     -3.58     -2.96     -0.63  0.18 0.0100
  1.30   23    -502.79     -3.61     -2.98     -0.63  0.18 0.0100
  1.30   23    -502.79     -3.50     -2.87     -0.63  0.18 0.0100
  1.30   23    -502.80     -3.56     -2.93     -0.63  0.18 0.0100
  1.30   23    -502.80     -3.56     -2.94     -0.62  0.18 0.0100
  1.30   23    -502.79     -3.54     -2.92     -0.62  0.18 0.0100
  1.30   23    -502.80     -3.52     -2.90     -0.62  0.18 0.0100
  1.30   24    -502.79     -3.52     -2.90     -0.62  0.18 0.0100
  1.30   24    -502.80     -3.49     -2.87     -0.62  0.18 0.0100
  1.30   24    -502.80     -3.58     -2.97     -0.61  0.18 0.0100
  1.30   24    -502.80     -3.65     -3.04     -0.61  0.18 0.0100
  1.30   24    -502.81     -3.69     -3.08     -0.61  0.18 0.0100
  1.30   24    -502.81     -3.69     -3.08     -0.62  0.18 0.0100
  1.30   24    -502.81     -3.70     -3.08     -0.62  0.18 0.0100
  1.30   24    -502.79     -3.65     -3.03     -0.62  0.18 0.0100
  1.30   24    -502.79     -3.67     -3.05     -0.62  0.18 0.0100
  1.30   24    -502.78     -3.69     -3.07     -0.62  0.18 0.0100
  1.30   25    -502.77     -3.75     -3.13     -0.62  0.18 0.0100
  1.30   25    -502.76     -3.77     -3.15     -0.62  0.18 0.0100
  1.30   25    -502.77     -3.78     -3.16     -0.62  0.18 0.0100
  1.30   25    -502.77     -3.75     -3.13     -0.62  0.18 0.0100
  1.30   25    -502.77     -3.72     -3.10     -0.62  0.18 0.0100
  1.30   25    -502.76     -3.74     -3.12     -0.63  0.18 0.0100
  1.30   25    -502.76     -3.67     -3.05     -0.63  0.18 0.0100
  1.30   25    -502.76     -3.69     -3.06     -0.64  0.18 0.0100
  1.30   25    -502.77     -3.69     -3.05     -0.64  0.18 0.0100
  1.30   25    -502.77     -3.70     -3.06     -0.63  0.18 0.0100
  1.30   26    -502.76     -3.67     -3.04     -0.63  0.18 0.0100
  1.30   26    -502.75     -3.69     -3.06     -0.63  0.18 0.0100
  1.30   26    -502.75     -3.69     -3.06     -0.63  0.18 0.0100
  1.30   26    -502.76     -3.74     -3.10     -0.64  0.18 0.0100
  1.30   26    -502.76     -3.76     -3.13     -0.64  0.18 0.0100
  1.30   26    -502.76     -3.68     -3.05     -0.63  0.18 0.0100
  1.30   26    -502.75     -3.71     -3.07     -0.63  0.18 0.0100
  1.30   26    -502.76     -3.67     -3.03     -0.64  0.18 0.0100
  1.30   26    -502.76     -3.74     -3.10     -0.63  0.18 0.0100
  1.30   26    -502.76     -3.77     -3.13     -0.63  0.18 0.0100
  1.30   27    -502.75     -3.72     -3.08     -0.64  0.18 0.0100
  1.30   27    -502.76     -3.67     -3.03     -0.64  0.18 0.0100
  1.30   27    -502.76     -3.76     -3.12     -0.64  0.18 0.0100
  1.30   27    -502.75     -3.75     -3.12     -0.63  0.18 0.0100
  1.30   27    -502.74     -3.72     -3.09     -0.63  0.18 0.0100
  1.30   27    -502.74     -3.70     -3.07     -0.63  0.18 0.0100
  1.30   27    -502.75     -3.75     -3.11     -0.64  0.18 0.0100
  1.30   27    -502.74     -3.79     -3.15     -0.64  0.18 0.0100
  1.30   27    -502.74     -3.84     -3.21     -0.63  0.18 0.0100
  1.30   27    -502.73     -3.80     -3.17     -0.63  0.18 0.0100
  1.30   28    -502.74     -3.75     -3.12     -0.62  0.18 0.0100
  1.30   28    -502.74     -3.76     -3.14     -0.63  0.18 0.0100
  1.30   28    -502.74     -3.71     -3.09     -0.63  0.18 0.0100
  1.30   28    -502.75     -3.70     -3.07     -0.63  0.18 0.0100
  1.30   28    -502.74     -3.79     -3.16     -0.63  0.18 0.0100
  1.30   28    -502.75     -3.84     -3.21     -0.63  0.18 0.0100
  1.30   28    -502.75     -3.87     -3.24     -0.63  0.18 0.0100
  1.30   28    -502.75     -3.92     -3.29     -0.62  0.18 0.0100
  1.30   28    -502.75     -3.93     -3.30     -0.63  0.18 0.0100
  1.30   28    -502.75     -3.90     -3.26     -0.63  0.18 0.0100
  1.30   29    -502.74     -3.85     -3.21     -0.64  0.18 0.0100
  1.30   29    -502.74     -3.83     -3.19     -0.63  0.18 0.0100
  1.30   29    -502.74     -3.78     -3.15     -0.64  0.18 0.0100
  1.30   29    -502.75     -3.76     -3.13     -0.64  0.18 0.0100
  1.30   29    -502.74     -3.73     -3.09     -0.64  0.18 0.0100
  1.30   29    -502.74     -3.68     -3.04     -0.64  0.18 0.0100
  1.30   29    -502.74     -3.70     -3.07     -0.64  0.18 0.0100
  1.30   29    -502.74     -3.70     -3.06     -0.64  0.18 0.0100
  1.30   29    -502.74     -3.69     -3.04     -0.65  0.18 0.0100
  1.30   29    -502.74     -3.68     -3.02     -0.66  0.18 0.0100
  1.30   30    -502.74     -3.68     -3.02     -0.66  0.18 0.0100
  1.30   30    -502.74     -3.70     -3.04     -0.66  0.18 0.0100
  1.30   30    -502.74     -3.77     -3.12     -0.66  0.18 0.0100
  1.30   30    -502.73     -3.72     -3.06     -0.66  0.18 0.0100
  1.30   30    -502.73     -3.69     -3.03     -0.65  0.18 0.0100
  1.30   30    -502.73     -3.70     -3.05     -0.65  0.18 0.0100
  1.30   30    -502.74     -3.68     -3.03     -0.65  0.18 0.0100
  1.30   30    -502.74     -3.67     -3.02     -0.65  0.18 0.0100
  1.30   30    -502.74     -3.67     -3.01     -0.65  0.18 0.0100
  1.30   30    -502.75     -3.68     -3.02     -0.65  0.18 0.0100
  1.30   31    -502.74     -3.65     -2.99     -0.65  0.18 0.0100
  1.30   31    -502.73     -3.67     -3.02     -0.66  0.18 0.0100
  1.30   31    -502.74     -3.69     -3.04     -0.65  0.18 0.0100
  1.30   31    -502.74     -3.75     -3.11     -0.65  0.18 0.0100
  1.30   31    -502.74     -3.73     -3.08     -0.64  0.18 0.0100
  1.30   31    -502.74     -3.71     -3.06     -0.65  0.18 0.0100
  1.30   31    -502.74     -3.68     -3.03     -0.65  0.18 0.0100
  1.30   31    -502.73     -3.67     -3.02     -0.65  0.18 0.0100
  1.30   31    -502.73     -3.63     -2.97     -0.65  0.18 0.0100
  1.30   31    -502.74     -3.67     -3.01     -0.66  0.18 0.0100
  1.30   32    -502.73     -3.65     -2.98     -0.66  0.18 0.0100
  1.30   32    -502.74     -3.66     -3.00     -0.66  0.18 0.0100
  1.30   32    -502.73     -3.65     -2.98     -0.67  0.18 0.0100
  1.30   32    -502.74     -3.68     -3.01     -0.67  0.18 0.0100
  1.30   32    -502.74     -3.64     -2.97     -0.67  0.18 0.0100
  1.30   32    -502.74     -3.64     -2.97     -0.67  0.18 0.0100
  1.30   32    -502.74     -3.62     -2.95     -0.67  0.18 0.0100
  1.30   32    -502.75     -3.61     -2.94     -0.67  0.18 0.0100
  1.30   32    -502.74     -3.64     -2.96     -0.68  0.18 0.0100
  1.30   32    -502.74     -3.60     -2.92     -0.68  0.18 0.0100
  1.30   33    -502.74     -3.64     -2.96     -0.68  0.18 0.0100
  1.30   33    -502.74     -3.63     -2.95     -0.68  0.18 0.0100
  1.30   33    -502.74     -3.66     -2.98     -0.68  0.18 0.0100
  1.30   33    -502.74     -3.68     -3.00     -0.68  0.18 0.0100
  1.30   33    -502.74     -3.67     -2.99     -0.68  0.18 0.0100
  1.30   33    -502.75     -3.64     -2.96     -0.68  0.18 0.0100
  1.30   33    -502.74     -3.63     -2.95     -0.68  0.18 0.0100
  1.30   33    -502.74     -3.65     -2.98     -0.67  0.18 0.0100
  1.30   33    -502.74     -3.66     -3.00     -0.67  0.18 0.0100
  1.30   33    -502.74     -3.72     -3.05     -0.67  0.18 0.0100
  1.30   34    -502.73     -3.73     -3.05     -0.67  0.18 0.0100
  1.30   34    -502.73     -3.75     -3.07     -0.68  0.18 0.0100
  1.30   34    -502.73     -3.81     -3.14     -0.68  0.18 0.0100
  1.30   34    -502.73     -3.76     -3.08     -0.68  0.18 0.0100
  1.30   34    -502.73     -3.74     -3.06     -0.67  0.18 0.0100
  1.30   34    -502.74     -3.76     -3.08     -0.68  0.18 0.0100
  1.30   34    -502.74     -3.73     -3.05     -0.68  0.18 0.0100
  1.30   34    -502.73     -3.71     -3.02     -0.68  0.18 0.0100
  1.30   34    -502.73     -3.73     -3.05     -0.68  0.18 0.0100
  1.30   34    -502.73     -3.70     -3.03     -0.68  0.18 0.0100
  1.30   35    -502.73     -3.70     -3.03     -0.68  0.18 0.0100
  1.30   35    -502.72     -3.70     -3.02     -0.68  0.18 0.0100
  1.30   35    -502.72     -3.71     -3.03     -0.68  0.18 0.0100
  1.30   35    -502.73     -3.70     -3.01     -0.68  0.18 0.0100
  1.30   35    -502.73     -3.70     -3.01     -0.68  0.18 0.0100
  1.30   35    -502.73     -3.67     -2.99     -0.68  0.18 0.0100
  1.30   35    -502.73     -3.66     -2.98     -0.68  0.18 0.0100
  1.30   35    -502.73     -3.62     -2.94     -0.68  0.18 0.0100
  1.30   35    -502.73     -3.64     -2.96     -0.68  0.18 0.0100
  1.30   35    -502.73     -3.67     -2.99     -0.68  0.18 0.0100
  1.30   36    -502.74     -3.68     -3.00     -0.68  0.18 0.0100
  1.30   36    -502.73     -3.68     -3.00     -0.68  0.18 0.0100
  1.30   36    -502.73     -3.67     -3.00     -0.67  0.18 0.0100
  1.30   36    -502.73     -3.62     -2.95     -0.68  0.18 0.0100
  1.30   36    -502.72     -3.61     -2.93     -0.68  0.18 0.0100
  1.30   36    -502.72     -3.61     -2.94     -0.68  0.18 0.0100
  1.30   36    -502.72     -3.64     -2.97     -0.67  0.18 0.0100
  1.30   36    -502.72     -3.59     -2.91     -0.67  0.18 0.0100
  1.30   36    -502.71     -3.57     -2.89     -0.67  0.18 0.0100
  1.30   36    -502.71     -3.56     -2.89     -0.68  0.18 0.0100
  1.30   37    -502.71     -3.57     -2.89     -0.68  0.18 0.0100
  1.30   37    -502.71     -3.56     -2.88     -0.68  0.18 0.0100
  1.30   37    -502.72     -3.60     -2.92     -0.68  0.18 0.0100
  1.30   37    -502.71     -3.60     -2.93     -0.68  0.18 0.0100
  1.30   37    -502.72     -3.58     -2.90     -0.68  0.18 0.0100
  1.30   37    -502.71     -3.56     -2.88     -0.68  0.18 0.0100
  1.30   37    -502.71     -3.56     -2.89     -0.68  0.18 0.0100
  1.30   37    -502.71     -3.58     -2.90     -0.68  0.18 0.0100
  1.30   37    -502.71     -3.54     -2.86     -0.68  0.18 0.0100
  1.30   37    -502.71     -3.54     -2.86     -0.68  0.18 0.0100
  1.30   38    -502.71     -3.54     -2.86     -0.68  0.18 0.0100
  1.30   38    -502.72     -3.55     -2.87     -0.69  0.18 0.0100
  1.30   38    -502.71     -3.57     -2.88     -0.69  0.18 0.0100
  1.30   38    -502.71     -3.65     -2.96     -0.68  0.18 0.0100
  1.30   38    -502.71     -3.64     -2.96     -0.69  0.18 0.0100
  1.30   38    -502.71     -3.65     -2.96     -0.69  0.18 0.0100
  1.30   38    -502.70     -3.64     -2.96     -0.69  0.18 0.0100
  1.30   38    -502.70     -3.60     -2.91     -0.69  0.18 0.0100
  1.30   38    -502.70     -3.58     -2.89     -0.70  0.18 0.0100
  1.30   38    -502.69     -3.59     -2.89     -0.70  0.18 0.0100
  1.30   39    -502.70     -3.62     -2.92     -0.70  0.18 0.0100
  1.30   39    -502.70     -3.62     -2.91     -0.70  0.18 0.0100
  1.30   39    -502.70     -3.65     -2.95     -0.70  0.18 0.0100
  1.30   39    -502.70     -3.60     -2.89     -0.70  0.18 0.0100
  1.30   39    -502.69     -3.64     -2.94     -0.71  0.18 0.0100
  1.30   39    -502.69     -3.60     -2.89     -0.71  0.18 0.0100
  1.30   39    -502.68     -3.60     -2.90     -0.70  0.18 0.0100
  1.30   39    -502.69     -3.58     -2.87     -0.70  0.18 0.0100
  1.30   39    -502.69     -3.56     -2.85     -0.70  0.18 0.0100
  1.30   39    -502.68     -3.54     -2.83     -0.71  0.18 0.0100
  1.30   40    -502.68     -3.56     -2.85     -0.71  0.18 0.0100
  1.30   40    -502.68     -3.60     -2.89     -0.71  0.18 0.0100
  1.30   40    -502.68     -3.59     -2.89     -0.70  0.18 0.0100
  1.30   40    -502.69     -3.60     -2.89     -0.70  0.18 0.0100
  1.30   40    -502.69     -3.55     -2.86     -0.70  0.18 0.0100
  1.30   40    -502.69     -3.55     -2.85     -0.70  0.18 0.0100
  1.30   40    -502.69     -3.51     -2.81     -0.69  0.18 0.0100
  1.30   40    -502.69     -3.49     -2.80     -0.69  0.18 0.0100
  1.30   40    -502.69     -3.52     -2.83     -0.69  0.18 0.0100
  1.30   40    -502.69     -3.52     -2.83     -0.69  0.18 0.0100
  1.30   41    -502.69     -3.53     -2.84     -0.69  0.18 0.0100
  1.30   41    -502.69     -3.54     -2.85     -0.69  0.18 0.0100
  1.30   41    -502.69     -3.55     -2.86     -0.69  0.18 0.0100
  1.30   41    -502.69     -3.55     -2.86     -0.69  0.18 0.0100
  1.30   41    -502.69     -3.56     -2.87     -0.70  0.18 0.0100
  1.30   41    -502.70     -3.53     -2.83     -0.70  0.18 0.0100
  1.30   41    -502.70     -3.53     -2.84     -0.70  0.18 0.0100
  1.30   41    -502.70     -3.51     -2.81     -0.69  0.18 0.0100
  1.30   41    -502.69     -3.53     -2.83     -0.69  0.18 0.0100
  1.30   41    -502.69     -3.53     -2.84     -0.69  0.18 0.0100
  1.30   42    -502.69     -3.53     -2.84     -0.69  0.18 0.0100
  1.30   42    -502.69     -3.52     -2.83     -0.69  0.18 0.0100
  1.30   42    -502.69     -3.52     -2.83     -0.69  0.18 0.0100
  1.30   42    -502.69     -3.56     -2.87     -0.69  0.18 0.0100
  1.30   42    -502.70     -3.58     -2.89     -0.69  0.18 0.0100
  1.30   42    -502.70     -3.55     -2.85     -0.70  0.18 0.0100
  1.30   42    -502.70     -3.57     -2.88     -0.69  0.18 0.0100
  1.30   42    -502.70     -3.60     -2.91     -0.69  0.18 0.0100
  1.30   42    -502.71     -3.58     -2.88     -0.70  0.18 0.0100
  1.30   42    -502.71     -3.54     -2.84     -0.70  0.18 0.0100
  1.30   43    -502.70     -3.54     -2.84     -0.70  0.18 0.0100
  1.30   43    -502.71     -3.55     -2.86     -0.70  0.18 0.0100
  1.30   43    -502.71     -3.54     -2.85     -0.69  0.18 0.0100
  1.30   43    -502.71     -3.57     -2.87     -0.69  0.18 0.0100
  1.30   43    -502.70     -3.58     -2.89     -0.69  0.18 0.0100
  1.30   43    -502.70     -3.60     -2.90     -0.70  0.18 0.0100
  1.30   43    -502.70     -3.60     -2.90     -0.70  0.18 0.0100
  1.30   43    -502.70     -3.60     -2.90     -0.70  0.18 0.0100
  1.30   43    -502.70     -3.58     -2.88     -0.70  0.18 0.0100
  1.30   43    -502.70     -3.58     -2.88     -0.70  0.18 0.0100
  1.30   44    -502.70     -3.56     -2.86     -0.70  0.18 0.0100
  1.30   44    -502.70     -3.56     -2.87     -0.70  0.18 0.0100
  1.30   44    -502.69     -3.55     -2.85     -0.70  0.18 0.0100
  1.30   44    -502.69     -3.54     -2.84     -0.70  0.18 0.0100
  1.30   44    -502.69     -3.55     -2.85     -0.70  0.18 0.0100
  1.30   44    -502.69     -3.55     -2.85     -0.70  0.18 0.0100
  1.30   44    -502.69     -3.56     -2.87     -0.69  0.18 0.0100
  1.30   44    -502.69     -3.58     -2.89     -0.69  0.18 0.0100
  1.30   44    -502.69     -3.55     -2.85     -0.69  0.18 0.0100
  1.30   44    -502.69     -3.49     -2.80     -0.69  0.18 0.0100
  1.30   45    -502.69     -3.50     -2.81     -0.69  0.18 0.0100
  1.30   45    -502.69     -3.48     -2.78     -0.69  0.18 0.0100
  1.30   45    -502.69     -3.50     -2.81     -0.69  0.18 0.0100
  1.30   45    -502.68     -3.46     -2.76     -0.70  0.18 0.0100
  1.30   45    -502.68     -3.47     -2.77     -0.70  0.18 0.0100
  1.30   45    -502.68     -3.43     -2.73     -0.70  0.18 0.0100
  1.30   45    -502.68     -3.43     -2.72     -0.70  0.18 0.0100
  1.30   45    -502.69     -3.45     -2.75     -0.70  0.18 0.0100
  1.30   45    -502.69     -3.44     -2.74     -0.70  0.18 0.0100
  1.30   45    -502.69     -3.44     -2.74     -0.70  0.18 0.0100
  1.30   46    -502.69     -3.42     -2.73     -0.70  0.18 0.0100
  1.30   46    -502.69     -3.44     -2.75     -0.70  0.18 0.0100
  1.30   46    -502.68     -3.41     -2.71     -0.70  0.18 0.0100
  1.30   46    -502.69     -3.42     -2.72     -0.70  0.18 0.0100
  1.30   46    -502.69     -3.44     -2.74     -0.69  0.18 0.0100
  1.30   46    -502.69     -3.49     -2.80     -0.69  0.18 0.0100
  1.30   46    -502.69     -3.48     -2.79     -0.69  0.18 0.0100
  1.30   46    -502.69     -3.45     -2.76     -0.69  0.18 0.0100
  1.30   46    -502.69     -3.47     -2.78     -0.69  0.18 0.0100
  1.30   46    -502.69     -3.44     -2.75     -0.70  0.18 0.0100
  1.30   47    -502.69     -3.43     -2.73     -0.70  0.18 0.0100
