  1.30    0    -784.25     -8.19    -11.07      2.88  0.34 0.0100
  1.30    0    -786.26     -8.23     -9.18      0.95  0.37 0.0100
  1.30    0    -785.38     -5.78     -6.60      0.82  0.38 0.0100
  1.30    0    -784.37     -5.47     -6.97      1.50  0.37 0.0100
  1.30    0    -784.84     -5.63     -6.80      1.18  0.36 0.0100
  1.30    0    -785.33     -6.59     -7.95      1.36  0.36 0.0100
  1.30    0    -784.95     -6.35     -7.19      0.84  0.36 0.0100
  1.30    0    -785.24     -5.26     -6.24      0.97  0.37 0.0100
  1.30    0    -785.63     -6.20     -7.06      0.86  0.36 0.0100
  1.30    1    -785.73     -6.31     -7.21      0.90  0.36 0.0100
  1.30    1    -786.75     -7.09     -8.07      0.98  0.36 0.0100
  1.30    1    -786.75     -7.15     -8.30      1.15  0.36 0.0100
  1.30    1    -786.95     -7.82     -9.03      1.21  0.36 0.0100
  1.30    1    -787.17     -7.54     -8.48      0.94  0.37 0.0100
  1.30    1    -787.70     -7.31     -8.42      1.11  0.37 0.0100
  1.30    1    -787.48     -7.66     -8.76      1.10  0.37 0.0100
  1.30    1    -787.39     -7.55     -8.69      1.14  0.37 0.0100
  1.30    1    -787.25     -7.79     -8.86      1.07  0.37 0.0100
  1.30    1    -787.38     -7.76     -8.83      1.07  0.37 0.0100
  1.30    2    -787.45     -8.19     -9.27      1.08  0.37 0.0100
  1.30    2    -787.64     -8.65     -9.66      1.01  0.37 0.0100
  1.30    2    -787.28     -8.41     -9.43      1.02  0.37 0.0100
  1.30    2    -787.40     -8.64     -9.69      1.05  0.37 0.0100
  1.30    2    -787.38     -8.35     -9.35      1.01  0.37 0.0100
  1.30    2    -787.38     -8.00     -8.93      0.93  0.37 0.0100
  1.30    2    -787.44     -8.05     -9.01      0.96  0.37 0.0100
  1.30    2    -787.61     -8.08     -9.04      0.96  0.37 0.0100
  1.30    2    -787.59     -8.27     -9.20      0.94  0.37 0.0100
  1.30    2    -787.54     -8.20     -9.22      1.02  0.37 0.0100
  1.30    3    -787.46     -7.98     -9.04      1.06  0.37 0.0100
  1.30    3    -787.57     -7.90     -8.95      1.04  0.37 0.0100
  1.30    3    -787.44     -8.03     -9.10      1.07  0.37 0.0100
  1.30    3    -787.28     -8.37     -9.34      0.97  0.37 0.0100
  1.30    3    -787.41     -8.29     -9.19      0.90  0.37 0.0100
  1.30    3    -787.37     -8.52     -9.40      0.89  0.37 0.0100
  1.30    3    -787.48     -8.60     -9.43      0.83  0.37 0.0100
  1.30    3    -787.59     -8.80     -9.57      0.77  0.37 0.0100
  1.30    3    -787.60     -8.92     -9.70      0.78  0.37 0.0100
  1.30    3    -787.72     -9.10     -9.82      0.73  0.37 0.0100
  1.30    4    -787.60     -9.06     -9.75      0.68  0.37 0.0100
  1.30    4    -787.58     -9.01     -9.69      0.68  0.38 0.0100
  1.30    4    -787.58     -8.78     -9.47      0.70  0.38 0.0100
  1.30    4    -787.50     -8.57     -9.28      0.72  0.38 0.0100
  1.30    4    -787.49     -8.42     -9.13      0.71  0.38 0.0100
  1.30    4    -787.44     -8.24     -8.94      0.70  0.38 0.0100
  1.30    4    -787.37     -8.15     -8.87      0.73  0.38 0.0100
  1.30    4    -787.40     -8.33     -9.06      0.73  0.38 0.0100
  1.30    4    -787.45     -8.13     -8.84      0.71  0.38 0.0100
  1.30    4    -787.42     -7.88     -8.58      0.70  0.37 0.0100
  1.30    5    -787.41     -7.74     -8.45      0.71  0.38 0.0100
  1.30    5    -787.45     -7.83     -8.54      0.70  0.37 0.0100
  1.30    5    -787.52     -7.72     -8.41      0.69  0.37 0.0100
  1.30    5    -787.57     -7.75     -8.47      0.72  0.38 0.0100
  1.30    5    -787.61     -7.72     -8.40      0.68  0.38 0.0100
  1.30    5    -787.64     -7.78     -8.46      0.68  0.38 0.0100
  1.30    5    -787.67     -7.77     -8.48      0.70  0.38 0.0100
  1.30    5    -787.64     -7.88     -8.54      0.65  0.38 0.0100
  1.30    5    -787.60     -7.69     -8.36      0.67  0.38 0.0100
  1.30    5    -787.61     -7.73     -8.37      0.64  0.38 0.0100
  1.30    6    -787.59     -7.73     -8.40      0.67  0.37 0.0100
  1.30    6    -787.58     -7.76     -8.38      0.63  0.37 0.0100
  1.30    6    -787.58     -7.68     -8.32      0.64  0.37 0.0100
  1.30    6    -787.58     -8.00     -8.62      0.61  0.37 0.0100
  1.30    6    -787.66     -7.96     -8.57      0.61  0.37 0.0100
  1.30    6    -787.71     -8.05     -8.63      0.58  0.37 0.0100
  1.30    6    -787.76     -8.01     -8.56      0.55  0.37 0.0100
  1.30    6    -787.73     -7.94     -8.49      0.55  0.37 0.0100
  1.30    6    -787.78     -7.95     -8.51      0.56  0.37 0.0100
  1.30    6    -787.77     -8.12     -8.69      0.57  0.37 0.0100
  1.30    7    -787.75     -8.04     -8.58      0.54  0.37 0.0100
  1.30    7    -787.72     -7.93     -8.48      0.55  0.37 0.0100
  1.30    7    -787.71     -7.83     -8.41      0.58  0.37 0.0100
  1.30    7    -787.74     -7.59     -8.16      0.57  0.37 0.0100
  1.30    7    -787.79     -7.88     -8.46      0.57  0.37 0.0100
  1.30    7    -787.75     -7.82     -8.42      0.60  0.37 0.0100
  1.30    7    -787.74     -7.84     -8.42      0.58  0.37 0.0100
  1.30    7    -787.71     -7.78     -8.36      0.58  0.37 0.0100
  1.30    7    -787.71     -7.81     -8.41      0.60  0.37 0.0100
  1.30    7    -787.70     -7.77     -8.35      0.58  0.37 0.0100
  1.30    8    -787.73     -7.90     -8.49      0.59  0.37 0.0100
  1.30    8    -787.75     -8.04     -8.66      0.62  0.37 0.0100
  1.30    8    -787.75     -7.98     -8.60      0.62  0.37 0.0100
  1.30    8    -787.73     -8.01     -8.60      0.60  0.37 0.0100
  1.30    8    -787.69     -8.15     -8.73      0.58  0.37 0.0100
  1.30    8    -787.71     -8.07     -8.66      0.59  0.37 0.0100
  1.30    8    -787.73     -8.17     -8.77      0.60  0.37 0.0100
  1.30    8    -787.71     -8.20     -8.82      0.61  0.37 0.0100
  1.30    8    -787.71     -8.14     -8.75      0.61  0.37 0.0100
  1.30    8    -787.77     -7.99     -8.57      0.59  0.37 0.0100
  1.30    9    -787.71     -8.03     -8.60      0.57  0.37 0.0100
  1.30    9    -787.69     -8.07     -8.64      0.57  0.37 0.0100
  1.30    9    -787.75     -7.98     -8.53      0.55  0.38 0.0100
  1.30    9    -787.69     -8.08     -8.64      0.56  0.38 0.0100
  1.30    9    -787.71     -8.06     -8.62      0.56  0.38 0.0100
  1.30    9    -787.72     -8.08     -8.64      0.57  0.38 0.0100
  1.30    9    -787.69     -8.13     -8.70      0.57  0.38 0.0100
  1.30    9    -787.68     -7.99     -8.55      0.55  0.37 0.0100
  1.30    9    -787.68     -7.99     -8.55      0.56  0.37 0.0100
  1.30    9    -787.70     -8.04     -8.59      0.55  0.37 0.0100
  1.30   10    -787.67     -8.04     -8.60      0.56  0.37 0.0100
  1.30   10    -787.68     -7.90     -8.45      0.55  0.37 0.0100
  1.30   10    -787.66     -7.97     -8.53      0.55  0.37 0.0100
  1.30   10    -787.66     -7.88     -8.40      0.52  0.37 0.0100
  1.30   10    -787.68     -8.08     -8.58      0.50  0.37 0.0100
  1.30   10    -787.71     -8.05     -8.55      0.50  0.37 0.0100
  1.30   10    -787.71     -8.17     -8.64      0.47  0.37 0.0100
  1.30   10    -787.70     -8.15     -8.62      0.47  0.37 0.0100
  1.30   10    -787.75     -8.17     -8.62      0.45  0.37 0.0100
  1.30   10    -787.75     -8.15     -8.61      0.46  0.38 0.0100
  1.30   11    -787.73     -8.06     -8.54      0.49  0.38 0.0100
  1.30   11    -787.73     -8.03     -8.50      0.47  0.37 0.0100
  1.30   11    -787.74     -8.06     -8.52      0.46  0.38 0.0100
  1.30   11    -787.73     -8.02     -8.49      0.47  0.38 0.0100
  1.30   11    -787.72     -8.05     -8.50      0.45  0.38 0.0100
  1.30   11    -787.74     -8.09     -8.52      0.43  0.38 0.0100
  1.30   11    -787.73     -8.20     -8.62      0.41  0.38 0.0100
  1.30   11    -787.76     -8.13     -8.55      0.41  0.38 0.0100
  1.30   11    -787.74     -8.11     -8.54      0.43  0.38 0.0100
  1.30   11    -787.75     -8.07     -8.50      0.43  0.38 0.0100
  1.30   12    -787.75     -8.11     -8.52      0.41  0.38 0.0100
  1.30   12    -787.75     -8.10     -8.53      0.42  0.38 0.0100
  1.30   12    -787.77     -8.05     -8.47      0.42  0.38 0.0100
  1.30   12    -787.77     -7.97     -8.39      0.42  0.37 0.0100
  1.30   12    -787.79     -7.87     -8.28      0.41  0.37 0.0100
  1.30   12    -787.77     -7.90     -8.31      0.40  0.37 0.0100
  1.30   12    -787.78     -7.89     -8.28      0.39  0.37 0.0100
  1.30   12    -787.77     -7.87     -8.29      0.42  0.37 0.0100
  1.30   12    -787.78     -7.87     -8.29      0.42  0.37 0.0100
  1.30   12    -787.79     -7.78     -8.19      0.41  0.37 0.0100
  1.30   13    -787.77     -7.89     -8.31      0.42  0.37 0.0100
  1.30   13    -787.80     -7.84     -8.26      0.42  0.37 0.0100
  1.30   13    -787.82     -7.91     -8.31      0.40  0.37 0.0100
  1.30   13    -787.77     -7.84     -8.23      0.39  0.37 0.0100
  1.30   13    -787.75     -7.93     -8.32      0.39  0.37 0.0100
  1.30   13    -787.76     -7.86     -8.25      0.39  0.37 0.0100
  1.30   13    -787.76     -7.81     -8.18      0.37  0.37 0.0100
  1.30   13    -787.75     -7.91     -8.28      0.37  0.37 0.0100
  1.30   13    -787.72     -7.82     -8.19      0.37  0.37 0.0100
  1.30   13    -787.74     -7.78     -8.14      0.36  0.37 0.0100
  1.30   14    -787.74     -7.74     -8.10      0.35  0.37 0.0100
  1.30   14    -787.75     -7.74     -8.11      0.37  0.37 0.0100
  1.30   14    -787.74     -7.72     -8.11      0.38  0.37 0.0100
  1.30   14    -787.73     -7.73     -8.14      0.41  0.37 0.0100
  1.30   14    -787.70     -7.68     -8.10      0.42  0.37 0.0100
  1.30   14    -787.69     -7.75     -8.18      0.43  0.37 0.0100
  1.30   14    -787.72     -7.77     -8.20      0.43  0.37 0.0100
  1.30   14    -787.72     -7.73     -8.18      0.45  0.37 0.0100
  1.30   14    -787.73     -7.70     -8.16      0.45  0.37 0.0100
  1.30   14    -787.74     -7.77     -8.21      0.45  0.37 0.0100
  1.30   15    -787.72     -7.82     -8.29      0.47  0.37 0.0100
  1.30   15    -787.71     -7.79     -8.25      0.47  0.37 0.0100
  1.30   15    -787.70     -7.79     -8.26      0.48  0.37 0.0100
  1.30   15    -787.70     -7.79     -8.27      0.47  0.37 0.0100
  1.30   15    -787.71     -7.83     -8.31      0.47  0.37 0.0100
  1.30   15    -787.72     -7.80     -8.26      0.47  0.37 0.0100
  1.30   15    -787.72     -7.76     -8.23      0.47  0.37 0.0100
  1.30   15    -787.72     -7.73     -8.20      0.47  0.37 0.0100
  1.30   15    -787.74     -7.71     -8.20      0.49  0.37 0.0100
  1.30   15    -787.71     -7.74     -8.22      0.49  0.37 0.0100
  1.30   16    -787.70     -7.80     -8.28      0.47  0.37 0.0100
  1.30   16    -787.71     -7.87     -8.35      0.48  0.37 0.0100
  1.30   16    -787.69     -7.90     -8.39      0.49  0.37 0.0100
  1.30   16    -787.66     -7.89     -8.36      0.48  0.37 0.0100
  1.30   16    -787.66     -7.92     -8.38      0.46  0.37 0.0100
  1.30   16    -787.68     -7.92     -8.37      0.45  0.37 0.0100
  1.30   16    -787.68     -8.08     -8.54      0.45  0.37 0.0100
  1.30   16    -787.69     -8.13     -8.58      0.45  0.37 0.0100
  1.30   16    -787.68     -8.10     -8.54      0.44  0.37 0.0100
  1.30   16    -787.69     -8.06     -8.50      0.44  0.37 0.0100
  1.30   17    -787.70     -8.05     -8.50      0.44  0.37 0.0100
  1.30   17    -787.71     -8.00     -8.45      0.45  0.37 0.0100
  1.30   17    -787.71     -7.93     -8.37      0.44  0.37 0.0100
  1.30   17    -787.72     -7.94     -8.40      0.45  0.37 0.0100
  1.30   17    -787.72     -7.90     -8.36      0.45  0.37 0.0100
  1.30   17    -787.72     -7.88     -8.33      0.45  0.37 0.0100
  1.30   17    -787.73     -7.92     -8.37      0.46  0.37 0.0100
  1.30   17    -787.74     -7.93     -8.38      0.45  0.37 0.0100
  1.30   17    -787.74     -7.85     -8.29      0.45  0.37 0.0100
  1.30   17    -787.74     -7.85     -8.32      0.47  0.37 0.0100
  1.30   18    -787.74     -7.85     -8.33      0.47  0.37 0.0100
  1.30   18    -787.75     -7.81     -8.28      0.47  0.37 0.0100
  1.30   18    -787.72     -7.77     -8.25      0.47  0.37 0.0100
  1.30   18    -787.72     -7.74     -8.21      0.47  0.37 0.0100
  1.30   18    -787.72     -7.78     -8.25      0.47  0.37 0.0100
  1.30   18    -787.71     -7.77     -8.23      0.46  0.37 0.0100
  1.30   18    -787.71     -7.78     -8.25      0.46  0.37 0.0100
  1.30   18    -787.71     -7.79     -8.25      0.46  0.37 0.0100
  1.30   18    -787.71     -7.76     -8.21      0.46  0.37 0.0100
  1.30   18    -787.70     -7.76     -8.20      0.44  0.37 0.0100
  1.30   19    -787.72     -7.78     -8.21      0.43  0.37 0.0100
  1.30   19    -787.72     -7.79     -8.22      0.43  0.37 0.0100
  1.30   19    -787.72     -7.84     -8.27      0.43  0.37 0.0100
  1.30   19    -787.72     -7.84     -8.27      0.43  0.37 0.0100
  1.30   19    -787.72     -7.84     -8.28      0.44  0.37 0.0100
  1.30   19    -787.73     -7.80     -8.26      0.46  0.37 0.0100
  1.30   19    -787.73     -7.77     -8.24      0.48  0.37 0.0100
  1.30   19    -787.73     -7.79     -8.26      0.47  0.37 0.0100
  1.30   19    -787.72     -7.82     -8.28      0.46  0.37 0.0100
  1.30   19    -787.70     -7.76     -8.23      0.46  0.37 0.0100
  1.30   20    -787.72     -7.82     -8.30      0.47  0.37 0.0100
  1.30   20    -787.71     -7.83     -8.31      0.49  0.37 0.0100
  1.30   20    -787.72     -7.79     -8.27      0.47  0.37 0.0100
  1.30   20    -787.71     -7.69     -8.16      0.48  0.37 0.0100
  1.30   20    -787.72     -7.83     -8.32      0.49  0.37 0.0100
  1.30   20    -787.72     -7.76     -8.25      0.49  0.37 0.0100
  1.30   20    -787.71     -7.78     -8.26      0.48  0.37 0.0100
  1.30   20    -787.71     -7.78     -8.27      0.49  0.37 0.0100
  1.30   20    -787.72     -7.78     -8.26      0.47  0.37 0.0100
  1.30   20    -787.72     -7.82     -8.30      0.48  0.37 0.0100
  1.30   21    -787.70     -7.78     -8.26      0.48  0.37 0.0100
  1.30   21    -787.70     -7.71     -8.18      0.47  0.37 0.0100
  1.30   21    -787.67     -7.71     -8.17      0.46  0.37 0.0100
  1.30   21    -787.67     -7.62     -8.09      0.47  0.37 0.0100
  1.30   21    -787.68     -7.64     -8.10      0.46  0.37 0.0100
  1.30   21    -787.67     -7.59     -8.05      0.45  0.37 0.0100
  1.30   21    -787.68     -7.63     -8.08      0.45  0.37 0.0100
  1.30   21    -787.68     -7.63     -8.10      0.46  0.37 0.0100
  1.30   21    -787.70     -7.65     -8.10      0.45  0.37 0.0100
  1.30   21    -787.70     -7.65     -8.10      0.45  0.37 0.0100
  1.30   22    -787.68     -7.66     -8.11      0.45  0.37 0.0100
  1.30   22    -787.67     -7.68     -8.12      0.44  0.37 0.0100
  1.30   22    -787.67     -7.71     -8.14      0.44  0.37 0.0100
  1.30   22    -787.67     -7.78     -8.21      0.43  0.37 0.0100
  1.30   22    -787.69     -7.77     -8.19      0.42  0.37 0.0100
  1.30   22    -787.68     -7.72     -8.13      0.42  0.37 0.0100
  1.30   22    -787.69     -7.67     -8.09      0.42  0.37 0.0100
  1.30   22    -787.69     -7.66     -8.07      0.41  0.37 0.0100
  1.30   22    -787.68     -7.61     -8.02      0.41  0.37 0.0100
  1.30   22    -787.68     -7.59     -8.00      0.41  0.37 0.0100
  1.30   23    -787.69     -7.59     -8.00      0.41  0.37 0.0100
  1.30   23    -787.69     -7.58     -8.00      0.42  0.37 0.0100
  1.30   23    -787.67     -7.57     -7.98      0.41  0.37 0.0100
  1.30   23    -787.67     -7.51     -7.91      0.40  0.37 0.0100
  1.30   23    -787.66     -7.47     -7.86      0.39  0.37 0.0100
  1.30   23    -787.67     -7.41     -7.79      0.39  0.37 0.0100
  1.30   23    -787.66     -7.44     -7.83      0.39  0.37 0.0100
  1.30   23    -787.65     -7.43     -7.82      0.39  0.37 0.0100
  1.30   23    -787.65     -7.45     -7.84      0.39  0.37 0.0100
  1.30   23    -787.66     -7.41     -7.81      0.39  0.37 0.0100
  1.30   24    -787.66     -7.43     -7.82      0.39  0.37 0.0100
  1.30   24    -787.66     -7.39     -7.78      0.39  0.37 0.0100
  1.30   24    -787.65     -7.40     -7.78      0.38  0.37 0.0100
  1.30   24    -787.64     -7.37     -7.76      0.39  0.37 0.0100
  1.30   24    -787.65     -7.33     -7.70      0.38  0.37 0.0100
  1.30   24    -787.65     -7.34     -7.72      0.38  0.37 0.0100
  1.30   24    -787.65     -7.37     -7.74      0.37  0.37 0.0100
  1.30   24    -787.66     -7.37     -7.75      0.38  0.37 0.0100
  1.30   24    -787.64     -7.40     -7.77      0.38  0.37 0.0100
  1.30   24    -787.63     -7.43     -7.81      0.38  0.37 0.0100
  1.30   25    -787.62     -7.40     -7.78      0.39  0.37 0.0100
  1.30   25    -787.61     -7.37     -7.76      0.39  0.37 0.0100
  1.30   25    -787.62     -7.36     -7.74      0.39  0.37 0.0100
  1.30   25    -787.62     -7.38     -7.77      0.38  0.37 0.0100
  1.30   25    -787.61     -7.36     -7.76      0.39  0.37 0.0100
  1.30   25    -787.62     -7.36     -7.75      0.39  0.37 0.0100
  1.30   25    -787.61     -7.41     -7.81      0.40  0.37 0.0100
  1.30   25    -787.62     -7.41     -7.81      0.40  0.37 0.0100
  1.30   25    -787.60     -7.41     -7.80      0.39  0.37 0.0100
  1.30   25    -787.60     -7.45     -7.84      0.40  0.37 0.0100
  1.30   26    -787.60     -7.43     -7.82      0.39  0.37 0.0100
  1.30   26    -787.60     -7.48     -7.86      0.38  0.37 0.0100
  1.30   26    -787.60     -7.48     -7.86      0.38  0.37 0.0100
  1.30   26    -787.60     -7.41     -7.79      0.38  0.37 0.0100
  1.30   26    -787.60     -7.44     -7.82      0.38  0.37 0.0100
  1.30   26    -787.61     -7.45     -7.83      0.38  0.37 0.0100
  1.30   26    -787.61     -7.44     -7.82      0.38  0.37 0.0100
  1.30   26    -787.61     -7.38     -7.77      0.38  0.37 0.0100
  1.30   26    -787.62     -7.37     -7.76      0.39  0.37 0.0100
  1.30   26    -787.61     -7.34     -7.72      0.37  0.37 0.0100
  1.30   27    -787.60     -7.38     -7.74      0.37  0.37 0.0100
  1.30   27    -787.61     -7.38     -7.74      0.36  0.37 0.0100
  1.30   27    -787.60     -7.35     -7.71      0.37  0.37 0.0100
  1.30   27    -787.60     -7.34     -7.70      0.36  0.37 0.0100
  1.30   27    -787.59     -7.28     -7.64      0.36  0.37 0.0100
  1.30   27    -787.60     -7.27     -7.62      0.35  0.37 0.0100
  1.30   27    -787.61     -7.31     -7.66      0.35  0.37 0.0100
  1.30   27    -787.61     -7.33     -7.69      0.36  0.37 0.0100
  1.30   27    -787.61     -7.34     -7.69      0.35  0.37 0.0100
  1.30   27    -787.62     -7.36     -7.72      0.36  0.37 0.0100
  1.30   28    -787.62     -7.34     -7.71      0.37  0.37 0.0100
  1.30   28    -787.61     -7.39     -7.77      0.38  0.37 0.0100
  1.30   28    -787.61     -7.38     -7.75      0.37  0.37 0.0100
  1.30   28    -787.62     -7.34     -7.70      0.36  0.37 0.0100
  1.30   28    -787.61     -7.36     -7.72      0.36  0.37 0.0100
  1.30   28    -787.62     -7.34     -7.70      0.36  0.37 0.0100
  1.30   28    -787.62     -7.30     -7.66      0.36  0.37 0.0100
  1.30   28    -787.61     -7.26     -7.62      0.36  0.37 0.0100
  1.30   28    -787.62     -7.28     -7.64      0.36  0.37 0.0100
  1.30   28    -787.62     -7.30     -7.67      0.37  0.37 0.0100
  1.30   29    -787.61     -7.30     -7.67      0.37  0.37 0.0100
  1.30   29    -787.62     -7.30     -7.66      0.37  0.37 0.0100
  1.30   29    -787.61     -7.25     -7.61      0.36  0.37 0.0100
  1.30   29    -787.61     -7.29     -7.65      0.36  0.37 0.0100
  1.30   29    -787.61     -7.29     -7.65      0.36  0.37 0.0100
  1.30   29    -787.62     -7.28     -7.64      0.36  0.37 0.0100
  1.30   29    -787.61     -7.28     -7.63      0.35  0.37 0.0100
  1.30   29    -787.60     -7.26     -7.62      0.36  0.37 0.0100
  1.30   29    -787.62     -7.30     -7.66      0.36  0.37 0.0100
  1.30   29    -787.61     -7.28     -7.64      0.36  0.37 0.0100
  1.30   30    -787.63     -7.25     -7.61      0.36  0.37 0.0100
  1.30   30    -787.62     -7.18     -7.54      0.35  0.37 0.0100
  1.30   30    -787.63     -7.20     -7.56      0.36  0.37 0.0100
  1.30   30    -787.63     -7.19     -7.55      0.36  0.37 0.0100
  1.30   30    -787.64     -7.20     -7.56      0.36  0.37 0.0100
  1.30   30    -787.65     -7.20     -7.56      0.37  0.37 0.0100
  1.30   30    -787.65     -7.22     -7.59      0.37  0.37 0.0100
  1.30   30    -787.65     -7.21     -7.59      0.38  0.37 0.0100
  1.30   30    -787.66     -7.20     -7.59      0.39  0.37 0.0100
  1.30   30    -787.66     -7.21     -7.60      0.39  0.37 0.0100
  1.30   31    -787.66     -7.23     -7.62      0.39  0.37 0.0100
  1.30   31    -787.66     -7.24     -7.63      0.39  0.37 0.0100
  1.30   31    -787.65     -7.21     -7.60      0.39  0.37 0.0100
  1.30   31    -787.65     -7.24     -7.62      0.39  0.37 0.0100
  1.30   31    -787.65     -7.16     -7.54      0.38  0.37 0.0100
  1.30   31    -787.65     -7.13     -7.51      0.38  0.37 0.0100
  1.30   31    -787.65     -7.13     -7.50      0.38  0.37 0.0100
  1.30   31    -787.65     -7.13     -7.51      0.38  0.37 0.0100
  1.30   31    -787.66     -7.12     -7.51      0.39  0.37 0.0100
  1.30   31    -787.67     -7.13     -7.52      0.39  0.37 0.0100
  1.30   32    -787.67     -7.15     -7.53      0.38  0.37 0.0100
  1.30   32    -787.66     -7.16     -7.54      0.38  0.37 0.0100
  1.30   32    -787.67     -7.12     -7.50      0.38  0.37 0.0100
  1.30   32    -787.67     -7.14     -7.52      0.38  0.37 0.0100
  1.30   32    -787.67     -7.16     -7.54      0.38  0.37 0.0100
  1.30   32    -787.67     -7.16     -7.55      0.38  0.37 0.0100
  1.30   32    -787.68     -7.17     -7.56      0.38  0.37 0.0100
  1.30   32    -787.69     -7.21     -7.60      0.39  0.37 0.0100
  1.30   32    -787.68     -7.17     -7.56      0.39  0.37 0.0100
  1.30   32    -787.69     -7.17     -7.56      0.39  0.37 0.0100
  1.30   33    -787.70     -7.15     -7.54      0.39  0.37 0.0100
  1.30   33    -787.70     -7.08     -7.46      0.38  0.37 0.0100
  1.30   33    -787.70     -7.06     -7.44      0.38  0.37 0.0100
  1.30   33    -787.70     -7.07     -7.45      0.38  0.37 0.0100
  1.30   33    -787.69     -7.04     -7.42      0.38  0.37 0.0100
  1.30   33    -787.69     -7.01     -7.39      0.38  0.37 0.0100
  1.30   33    -787.69     -6.97     -7.35      0.38  0.37 0.0100
  1.30   33    -787.69     -6.99     -7.37      0.39  0.37 0.0100
  1.30   33    -787.69     -6.98     -7.37      0.39  0.37 0.0100
  1.30   33    -787.69     -6.99     -7.38      0.39  0.37 0.0100
  1.30   34    -787.69     -7.02     -7.42      0.40  0.37 0.0100
  1.30   34    -787.69     -7.01     -7.40      0.39  0.37 0.0100
  1.30   34    -787.67     -7.04     -7.42      0.38  0.37 0.0100
  1.30   34    -787.68     -7.10     -7.47      0.38  0.37 0.0100
  1.30   34    -787.68     -7.14     -7.52      0.38  0.37 0.0100
  1.30   34    -787.69     -7.14     -7.51      0.38  0.37 0.0100
  1.30   34    -787.68     -7.13     -7.49      0.37  0.37 0.0100
  1.30   34    -787.69     -7.16     -7.53      0.36  0.37 0.0100
  1.30   34    -787.68     -7.17     -7.52      0.36  0.37 0.0100
  1.30   34    -787.69     -7.14     -7.50      0.36  0.37 0.0100
  1.30   35    -787.70     -7.12     -7.48      0.36  0.37 0.0100
  1.30   35    -787.70     -7.16     -7.51      0.35  0.37 0.0100
  1.30   35    -787.69     -7.15     -7.50      0.35  0.37 0.0100
  1.30   35    -787.69     -7.14     -7.49      0.34  0.37 0.0100
  1.30   35    -787.69     -7.12     -7.47      0.35  0.37 0.0100
  1.30   35    -787.68     -7.14     -7.48      0.34  0.37 0.0100
  1.30   35    -787.68     -7.11     -7.46      0.35  0.37 0.0100
  1.30   35    -787.68     -7.08     -7.42      0.34  0.37 0.0100
  1.30   35    -787.68     -7.09     -7.43      0.33  0.37 0.0100
  1.30   35    -787.67     -7.10     -7.43      0.33  0.37 0.0100
  1.30   36    -787.67     -7.10     -7.42      0.33  0.37 0.0100
  1.30   36    -787.66     -7.08     -7.40      0.33  0.37 0.0100
  1.30   36    -787.67     -7.06     -7.38      0.32  0.37 0.0100
  1.30   36    -787.67     -7.04     -7.36      0.32  0.37 0.0100
  1.30   36    -787.67     -7.03     -7.35      0.32  0.37 0.0100
  1.30   36    -787.67     -7.04     -7.35      0.31  0.37 0.0100
  1.30   36    -787.67     -7.03     -7.34      0.31  0.37 0.0100
  1.30   36    -787.68     -7.04     -7.36      0.32  0.37 0.0100
  1.30   36    -787.68     -7.02     -7.33      0.31  0.37 0.0100
  1.30   36    -787.69     -6.97     -7.28      0.31  0.37 0.0100
  1.30   37    -787.68     -6.95     -7.26      0.31  0.37 0.0100
  1.30   37    -787.68     -6.97     -7.28      0.31  0.37 0.0100
  1.30   37    -787.68     -6.97     -7.27      0.31  0.37 0.0100
  1.30   37    -787.67     -6.99     -7.29      0.30  0.37 0.0100
  1.30   37    -787.68     -7.03     -7.33      0.31  0.37 0.0100
  1.30   37    -787.68     -7.03     -7.34      0.30  0.37 0.0100
  1.30   37    -787.69     -7.02     -7.33      0.31  0.37 0.0100
  1.30   37    -787.68     -7.02     -7.33      0.31  0.37 0.0100
  1.30   37    -787.70     -7.05     -7.36      0.31  0.37 0.0100
  1.30   37    -787.69     -7.07     -7.37      0.30  0.37 0.0100
  1.30   38    -787.68     -7.06     -7.37      0.30  0.37 0.0100
  1.30   38    -787.67     -7.07     -7.38      0.30  0.37 0.0100
  1.30   38    -787.67     -7.14     -7.44      0.30  0.37 0.0100
  1.30   38    -787.67     -7.13     -7.43      0.30  0.37 0.0100
  1.30   38    -787.67     -7.17     -7.47      0.30  0.37 0.0100
  1.30   38    -787.66     -7.13     -7.43      0.30  0.37 0.0100
  1.30   38    -787.66     -7.12     -7.42      0.30  0.37 0.0100
  1.30   38    -787.66     -7.12     -7.42      0.30  0.37 0.0100
  1.30   38    -787.66     -7.15     -7.46      0.31  0.37 0.0100
  1.30   38    -787.67     -7.16     -7.47      0.30  0.37 0.0100
  1.30   39    -787.67     -7.18     -7.48      0.30  0.37 0.0100
  1.30   39    -787.67     -7.18     -7.48      0.29  0.37 0.0100
  1.30   39    -787.67     -7.18     -7.48      0.30  0.37 0.0100
  1.30   39    -787.68     -7.17     -7.46      0.29  0.37 0.0100
  1.30   39    -787.68     -7.14     -7.43      0.29  0.37 0.0100
  1.30   39    -787.69     -7.12     -7.41      0.28  0.37 0.0100
  1.30   39    -787.69     -7.12     -7.41      0.29  0.37 0.0100
  1.30   39    -787.69     -7.10     -7.39      0.28  0.37 0.0100
  1.30   39    -787.69     -7.07     -7.35      0.28  0.37 0.0100
  1.30   39    -787.69     -7.07     -7.36      0.29  0.37 0.0100
  1.30   40    -787.69     -7.08     -7.37      0.29  0.37 0.0100
  1.30   40    -787.70     -7.09     -7.37      0.28  0.37 0.0100
  1.30   40    -787.69     -7.09     -7.37      0.28  0.37 0.0100
  1.30   40    -787.68     -7.10     -7.38      0.28  0.37 0.0100
  1.30   40    -787.68     -7.10     -7.38      0.28  0.37 0.0100
  1.30   40    -787.68     -7.10     -7.39      0.29  0.37 0.0100
  1.30   40    -787.69     -7.10     -7.38      0.29  0.37 0.0100
  1.30   40    -787.69     -7.11     -7.40      0.29  0.37 0.0100
  1.30   40    -787.69     -7.11     -7.41      0.29  0.37 0.0100
  1.30   40    -787.68     -7.15     -7.44      0.29  0.37 0.0100
  1.30   41    -787.68     -7.15     -7.44      0.29  0.37 0.0100
  1.30   41    -787.67     -7.16     -7.44      0.29  0.37 0.0100
  1.30   41    -787.67     -7.15     -7.43      0.28  0.37 0.0100
  1.30   41    -787.67     -7.14     -7.42      0.28  0.37 0.0100
  1.30   41    -787.67     -7.11     -7.39      0.28  0.37 0.0100
  1.30   41    -787.67     -7.09     -7.37      0.28  0.37 0.0100
  1.30   41    -787.66     -7.07     -7.34      0.27  0.37 0.0100
  1.30   41    -787.66     -7.09     -7.36      0.27  0.37 0.0100
  1.30   41    -787.66     -7.07     -7.34      0.27  0.37 0.0100
  1.30   41    -787.66     -7.09     -7.36      0.27  0.37 0.0100
  1.30   42    -787.67     -7.11     -7.39      0.28  0.37 0.0100
  1.30   42    -787.67     -7.12     -7.40      0.28  0.37 0.0100
  1.30   42    -787.68     -7.15     -7.43      0.28  0.37 0.0100
  1.30   42    -787.68     -7.13     -7.41      0.28  0.37 0.0100
  1.30   42    -787.68     -7.15     -7.43      0.28  0.37 0.0100
  1.30   42    -787.68     -7.16     -7.44      0.29  0.37 0.0100
  1.30   42    -787.68     -7.16     -7.45      0.28  0.37 0.0100
  1.30   42    -787.69     -7.18     -7.46      0.28  0.37 0.0100
  1.30   42    -787.69     -7.19     -7.47      0.27  0.37 0.0100
  1.30   42    -787.68     -7.18     -7.46      0.28  0.37 0.0100
  1.30   43    -787.68     -7.18     -7.46      0.28  0.37 0.0100
  1.30   43    -787.68     -7.16     -7.44      0.28  0.37 0.0100
  1.30   43    -787.68     -7.16     -7.44      0.28  0.37 0.0100
  1.30   43    -787.68     -7.18     -7.47      0.29  0.37 0.0100
  1.30   43    -787.68     -7.15     -7.44      0.29  0.37 0.0100
  1.30   43    -787.67     -7.16     -7.44      0.28  0.37 0.0100
  1.30   43    -787.68     -7.18     -7.47      0.29  0.37 0.0100
  1.30   43    -787.67     -7.19     -7.47      0.29  0.37 0.0100
  1.30   43    -787.68     -7.11     -7.40      0.29  0.37 0.0100
  1.30   43    -787.68     -7.09     -7.38      0.29  0.37 0.0100
  1.30   44    -787.68     -7.08     -7.36      0.29  0.37 0.0100
  1.30   44    -787.68     -7.06     -7.34      0.29  0.37 0.0100
  1.30   44    -787.68     -7.05     -7.34      0.29  0.37 0.0100
  1.30   44    -787.69     -7.09     -7.37      0.29  0.37 0.0100
  1.30   44    -787.69     -7.10     -7.39      0.29  0.37 0.0100
  1.30   44    -787.69     -7.10     -7.39      0.29  0.37 0.0100
  1.30   44    -787.69     -7.10     -7.39      0.30  0.37 0.0100
  1.30   44    -787.69     -7.10     -7.40      0.30  0.37 0.0100
  1.30   44    -787.69     -7.11     -7.41      0.30  0.37 0.0100
  1.30   44    -787.69     -7.08     -7.38      0.30  0.37 0.0100
  1.30   45    -787.68     -7.07     -7.37      0.29  0.37 0.0100
  1.30   45    -787.69     -7.07     -7.36      0.29  0.37 0.0100
  1.30   45    -787.69     -7.07     -7.37      0.30  0.37 0.0100
  1.30   45    -787.68     -7.10     -7.40      0.30  0.37 0.0100
  1.30   45    -787.69     -7.06     -7.36      0.29  0.37 0.0100
  1.30   45    -787.69     -7.06     -7.35      0.29  0.37 0.0100
  1.30   45    -787.70     -7.05     -7.35      0.30  0.37 0.0100
  1.30   45    -787.68     -7.06     -7.36      0.30  0.37 0.0100
  1.30   45    -787.70     -7.05     -7.35      0.30  0.37 0.0100
  1.30   45    -787.69     -7.07     -7.37      0.30  0.37 0.0100
  1.30   46    -787.70     -7.07     -7.37      0.30  0.37 0.0100
  1.30   46    -787.70     -7.05     -7.35      0.30  0.37 0.0100
  1.30   46    -787.71     -7.07     -7.36      0.30  0.37 0.0100
  1.30   46    -787.71     -7.07     -7.37      0.30  0.37 0.0100
  1.30   46    -787.70     -7.09     -7.38      0.29  0.37 0.0100
  1.30   46    -787.70     -7.08     -7.37      0.29  0.37 0.0100
  1.30   46    -787.71     -7.07     -7.36      0.30  0.37 0.0100
  1.30   46    -787.71     -7.08     -7.38      0.30  0.37 0.0100
  1.30   46    -787.71     -7.07     -7.36      0.30  0.37 0.0100
  1.30   46    -787.71     -7.05     -7.35      0.30  0.37 0.0100
  1.30   47    -787.71     -7.05     -7.35      0.29  0.37 0.0100
  1.30   47    -787.70     -7.06     -7.35      0.29  0.37 0.0100
  1.30   47    -787.71     -7.04     -7.34      0.29  0.37 0.0100
  1.30   47    -787.71     -7.05     -7.34      0.29  0.37 0.0100
  1.30   47    -787.71     -7.04     -7.34      0.29  0.37 0.0100
  1.30   47    -787.71     -7.06     -7.35      0.29  0.37 0.0100
  1.30   47    -787.72     -7.01     -7.30      0.29  0.37 0.0100
  1.30   47    -787.72     -7.03     -7.32      0.29  0.37 0.0100
  1.30   47    -787.71     -7.03     -7.33      0.29  0.37 0.0100
  1.30   47    -787.71     -7.03     -7.32      0.29  0.37 0.0100
  1.30   48    -787.71     -6.99     -7.29      0.30  0.37 0.0100
