  1.30    0    -784.20     -9.92     -8.07     -1.85  0.31 0.0080
  1.30    0    -785.13    -13.68    -13.57     -0.11  0.30 0.0080
  1.30    0    -785.88    -11.62    -11.92      0.30  0.30 0.0080
  1.30    0    -785.83    -11.22    -11.48      0.26  0.31 0.0080
  1.30    0    -785.69    -10.76    -11.51      0.75  0.31 0.0080
  1.30    0    -786.47    -10.99    -11.77      0.78  0.31 0.0080
  1.30    0    -787.08    -10.51    -11.13      0.62  0.31 0.0080
  1.30    0    -786.78    -10.32    -11.00      0.67  0.31 0.0080
  1.30    0    -786.96    -10.05    -10.69      0.64  0.31 0.0080
  1.30    1    -786.63     -9.74    -10.65      0.91  0.31 0.0080
  1.30    1    -787.08    -10.34    -11.30      0.96  0.31 0.0080
  1.30    1    -787.18     -9.61    -10.45      0.84  0.31 0.0080
  1.30    1    -787.49     -9.43    -10.37      0.94  0.31 0.0080
  1.30    1    -787.41     -9.52    -10.31      0.78  0.31 0.0080
  1.30    1    -787.62     -9.31    -10.13      0.82  0.31 0.0080
  1.30    1    -787.41     -8.34     -8.98      0.64  0.31 0.0080
  1.30    1    -787.30     -8.41     -9.05      0.64  0.31 0.0080
  1.30    1    -786.92     -8.38     -8.86      0.48  0.31 0.0080
  1.30    1    -786.85     -8.15     -8.56      0.41  0.31 0.0080
  1.30    2    -786.67     -7.99     -8.39      0.41  0.30 0.0080
  1.30    2    -786.51     -7.62     -8.04      0.42  0.31 0.0080
  1.30    2    -786.34     -8.23     -8.60      0.37  0.30 0.0080
  1.30    2    -786.41     -8.50     -8.85      0.35  0.31 0.0080
  1.30    2    -786.67     -8.65     -8.99      0.34  0.31 0.0080
  1.30    2    -786.48     -8.40     -8.66      0.26  0.31 0.0080
  1.30    2    -786.53     -8.21     -8.50      0.29  0.31 0.0080
  1.30    2    -786.57     -7.95     -8.31      0.35  0.31 0.0080
  1.30    2    -786.60     -7.79     -8.11      0.32  0.31 0.0080
  1.30    2    -786.79     -7.59     -7.86      0.28  0.31 0.0080
  1.30    3    -786.85     -7.61     -7.81      0.20  0.30 0.0080
  1.30    3    -786.83     -7.86     -8.07      0.21  0.30 0.0080
  1.30    3    -786.85     -8.13     -8.37      0.25  0.30 0.0080
  1.30    3    -786.84     -8.25     -8.54      0.29  0.30 0.0080
  1.30    3    -787.01     -8.32     -8.59      0.27  0.30 0.0080
  1.30    3    -787.06     -8.13     -8.36      0.24  0.30 0.0080
  1.30    3    -787.25     -8.24     -8.48      0.23  0.30 0.0080
  1.30    3    -787.25     -8.25     -8.48      0.23  0.30 0.0080
  1.30    3    -787.30     -8.06     -8.27      0.21  0.30 0.0080
  1.30    3    -787.42     -7.89     -8.08      0.19  0.30 0.0080
  1.30    4    -787.52     -7.96     -8.16      0.20  0.30 0.0080
  1.30    4    -787.51     -8.15     -8.36      0.22  0.30 0.0080
  1.30    4    -787.50     -8.09     -8.31      0.22  0.30 0.0080
  1.30    4    -787.55     -7.76     -8.02      0.26  0.30 0.0080
  1.30    4    -787.60     -7.77     -8.03      0.25  0.30 0.0080
  1.30    4    -787.44     -7.99     -8.27      0.29  0.30 0.0080
  1.30    4    -787.42     -7.94     -8.29      0.35  0.30 0.0080
  1.30    4    -787.37     -7.86     -8.22      0.35  0.30 0.0080
  1.30    4    -787.49     -7.97     -8.33      0.35  0.30 0.0080
  1.30    4    -787.42     -7.91     -8.22      0.31  0.30 0.0080
  1.30    5    -787.40     -8.15     -8.50      0.35  0.30 0.0080
  1.30    5    -787.42     -8.25     -8.56      0.31  0.30 0.0080
  1.30    5    -787.40     -8.27     -8.62      0.35  0.30 0.0080
  1.30    5    -787.45     -8.12     -8.45      0.33  0.30 0.0080
  1.30    5    -787.49     -8.13     -8.48      0.35  0.30 0.0080
  1.30    5    -787.47     -8.05     -8.42      0.38  0.30 0.0080
  1.30    5    -787.47     -8.12     -8.56      0.45  0.30 0.0080
  1.30    5    -787.45     -8.15     -8.62      0.47  0.30 0.0080
  1.30    5    -787.38     -8.10     -8.53      0.43  0.30 0.0080
  1.30    5    -787.40     -7.98     -8.43      0.45  0.30 0.0080
  1.30    6    -787.36     -8.06     -8.49      0.43  0.30 0.0080
  1.30    6    -787.38     -7.95     -8.39      0.44  0.30 0.0080
  1.30    6    -787.41     -7.97     -8.39      0.42  0.30 0.0080
  1.30    6    -787.37     -7.91     -8.31      0.40  0.30 0.0080
  1.30    6    -787.36     -8.04     -8.42      0.38  0.30 0.0080
  1.30    6    -787.33     -8.15     -8.53      0.39  0.30 0.0080
  1.30    6    -787.33     -8.02     -8.40      0.38  0.30 0.0080
  1.30    6    -787.35     -8.11     -8.49      0.37  0.30 0.0080
  1.30    6    -787.39     -8.19     -8.59      0.39  0.30 0.0080
  1.30    6    -787.36     -8.48     -8.84      0.36  0.30 0.0080
  1.30    7    -787.35     -8.58     -8.93      0.35  0.30 0.0080
  1.30    7    -787.37     -8.64     -8.98      0.34  0.30 0.0080
  1.30    7    -787.38     -8.60     -8.92      0.31  0.30 0.0080
  1.30    7    -787.34     -8.76     -9.09      0.34  0.30 0.0080
  1.30    7    -787.34     -8.84     -9.13      0.29  0.30 0.0080
  1.30    7    -787.35     -8.88     -9.17      0.30  0.30 0.0080
  1.30    7    -787.31     -8.70     -9.00      0.30  0.30 0.0080
  1.30    7    -787.28     -8.82     -9.15      0.33  0.30 0.0080
  1.30    7    -787.36     -8.85     -9.17      0.32  0.30 0.0080
  1.30    7    -787.33     -8.71     -9.04      0.33  0.30 0.0080
  1.30    8    -787.40     -8.71     -9.06      0.34  0.30 0.0080
  1.30    8    -787.43     -8.74     -9.06      0.32  0.30 0.0080
  1.30    8    -787.42     -8.68     -9.01      0.32  0.30 0.0080
  1.30    8    -787.40     -8.57     -8.89      0.32  0.30 0.0080
  1.30    8    -787.40     -8.59     -8.92      0.33  0.30 0.0080
  1.30    8    -787.42     -8.60     -8.91      0.31  0.30 0.0080
  1.30    8    -787.39     -8.79     -9.10      0.31  0.30 0.0080
  1.30    8    -787.37     -8.79     -9.10      0.31  0.30 0.0080
  1.30    8    -787.42     -8.83     -9.12      0.30  0.30 0.0080
  1.30    8    -787.43     -8.84     -9.13      0.29  0.30 0.0080
  1.30    9    -787.48     -9.00     -9.32      0.32  0.30 0.0080
  1.30    9    -787.44     -9.04     -9.35      0.31  0.30 0.0080
  1.30    9    -787.42     -9.01     -9.31      0.30  0.30 0.0080
  1.30    9    -787.41     -9.24     -9.56      0.32  0.30 0.0080
  1.30    9    -787.43     -9.49     -9.79      0.30  0.30 0.0080
  1.30    9    -787.41     -9.38     -9.66      0.29  0.30 0.0080
  1.30    9    -787.39     -9.36     -9.63      0.27  0.30 0.0080
  1.30    9    -787.37     -9.28     -9.56      0.28  0.30 0.0080
  1.30    9    -787.37     -9.36     -9.63      0.28  0.30 0.0080
  1.30    9    -787.38     -9.34     -9.62      0.28  0.30 0.0080
  1.30   10    -787.38     -9.29     -9.59      0.30  0.30 0.0080
  1.30   10    -787.39     -9.34     -9.64      0.30  0.30 0.0080
  1.30   10    -787.43     -9.36     -9.66      0.30  0.30 0.0080
  1.30   10    -787.44     -9.48     -9.79      0.31  0.30 0.0080
  1.30   10    -787.47     -9.46     -9.81      0.35  0.30 0.0080
  1.30   10    -787.44     -9.52     -9.86      0.34  0.30 0.0080
  1.30   10    -787.41     -9.52     -9.87      0.35  0.30 0.0080
  1.30   10    -787.40     -9.80    -10.14      0.34  0.31 0.0080
  1.30   10    -787.46     -9.99    -10.32      0.33  0.31 0.0080
  1.30   10    -787.47     -9.84    -10.17      0.33  0.31 0.0080
  1.30   11    -787.48     -9.83    -10.18      0.36  0.31 0.0080
  1.30   11    -787.45     -9.90    -10.23      0.33  0.31 0.0080
  1.30   11    -787.46     -9.87    -10.22      0.35  0.31 0.0080
  1.30   11    -787.48     -9.62     -9.95      0.33  0.31 0.0080
  1.30   11    -787.45     -9.75    -10.07      0.32  0.31 0.0080
  1.30   11    -787.45     -9.71    -10.03      0.32  0.31 0.0080
  1.30   11    -787.47     -9.56     -9.87      0.32  0.31 0.0080
  1.30   11    -787.48     -9.53     -9.83      0.30  0.31 0.0080
  1.30   11    -787.50     -9.46     -9.77      0.30  0.31 0.0080
  1.30   11    -787.50     -9.48     -9.78      0.31  0.30 0.0080
  1.30   12    -787.51     -9.53     -9.83      0.30  0.30 0.0080
  1.30   12    -787.50     -9.54     -9.82      0.28  0.31 0.0080
  1.30   12    -787.53     -9.44     -9.71      0.27  0.30 0.0080
  1.30   12    -787.53     -9.40     -9.66      0.26  0.31 0.0080
  1.30   12    -787.52     -9.42     -9.69      0.27  0.31 0.0080
  1.30   12    -787.52     -9.46     -9.75      0.28  0.31 0.0080
  1.30   12    -787.50     -9.50     -9.78      0.29  0.31 0.0080
  1.30   12    -787.52     -9.37     -9.65      0.28  0.31 0.0080
  1.30   12    -787.53     -9.34     -9.63      0.29  0.31 0.0080
  1.30   12    -787.54     -9.32     -9.60      0.28  0.31 0.0080
  1.30   13    -787.52     -9.25     -9.53      0.28  0.31 0.0080
  1.30   13    -787.53     -9.12     -9.39      0.27  0.31 0.0080
  1.30   13    -787.55     -9.08     -9.36      0.27  0.31 0.0080
  1.30   13    -787.53     -9.12     -9.40      0.28  0.31 0.0080
  1.30   13    -787.53     -9.15     -9.44      0.29  0.31 0.0080
  1.30   13    -787.53     -8.96     -9.24      0.27  0.31 0.0080
  1.30   13    -787.54     -8.99     -9.25      0.26  0.31 0.0080
  1.30   13    -787.53     -9.05     -9.33      0.28  0.31 0.0080
  1.30   13    -787.56     -8.89     -9.16      0.27  0.31 0.0080
  1.30   13    -787.57     -8.84     -9.12      0.28  0.31 0.0080
  1.30   14    -787.57     -8.93     -9.21      0.29  0.31 0.0080
  1.30   14    -787.57     -8.93     -9.21      0.29  0.31 0.0080
  1.30   14    -787.53     -9.02     -9.31      0.29  0.31 0.0080
  1.30   14    -787.51     -9.07     -9.36      0.30  0.31 0.0080
  1.30   14    -787.52     -9.03     -9.32      0.28  0.31 0.0080
  1.30   14    -787.51     -8.99     -9.28      0.30  0.31 0.0080
  1.30   14    -787.52     -8.99     -9.29      0.31  0.31 0.0080
  1.30   14    -787.54     -9.06     -9.37      0.32  0.31 0.0080
  1.30   14    -787.53     -9.06     -9.36      0.30  0.31 0.0080
  1.30   14    -787.54     -9.07     -9.36      0.29  0.31 0.0080
  1.30   15    -787.52     -9.02     -9.29      0.27  0.31 0.0080
  1.30   15    -787.53     -9.06     -9.31      0.25  0.31 0.0080
  1.30   15    -787.55     -9.01     -9.26      0.25  0.31 0.0080
  1.30   15    -787.58     -9.07     -9.32      0.25  0.31 0.0080
  1.30   15    -787.59     -8.99     -9.24      0.24  0.31 0.0080
  1.30   15    -787.61     -8.96     -9.22      0.26  0.31 0.0080
  1.30   15    -787.58     -8.90     -9.17      0.27  0.31 0.0080
  1.30   15    -787.58     -8.85     -9.12      0.27  0.31 0.0080
  1.30   15    -787.57     -9.05     -9.32      0.27  0.31 0.0080
  1.30   15    -787.56     -8.99     -9.26      0.26  0.31 0.0080
  1.30   16    -787.56     -8.93     -9.18      0.25  0.31 0.0080
  1.30   16    -787.55     -8.95     -9.20      0.25  0.31 0.0080
  1.30   16    -787.55     -8.90     -9.17      0.27  0.31 0.0080
  1.30   16    -787.55     -8.89     -9.15      0.27  0.31 0.0080
  1.30   16    -787.55     -8.85     -9.13      0.29  0.31 0.0080
  1.30   16    -787.56     -8.86     -9.16      0.29  0.31 0.0080
  1.30   16    -787.56     -8.84     -9.14      0.30  0.31 0.0080
  1.30   16    -787.56     -8.80     -9.09      0.29  0.31 0.0080
  1.30   16    -787.57     -8.65     -8.95      0.29  0.31 0.0080
  1.30   16    -787.58     -8.65     -8.96      0.31  0.31 0.0080
  1.30   17    -787.60     -8.63     -8.94      0.32  0.31 0.0080
  1.30   17    -787.60     -8.54     -8.86      0.32  0.31 0.0080
  1.30   17    -787.60     -8.48     -8.80      0.32  0.31 0.0080
  1.30   17    -787.61     -8.42     -8.75      0.33  0.31 0.0080
  1.30   17    -787.63     -8.48     -8.81      0.33  0.31 0.0080
  1.30   17    -787.62     -8.51     -8.85      0.34  0.31 0.0080
  1.30   17    -787.63     -8.43     -8.78      0.35  0.31 0.0080
  1.30   17    -787.62     -8.44     -8.79      0.35  0.31 0.0080
  1.30   17    -787.63     -8.43     -8.78      0.35  0.31 0.0080
  1.30   17    -787.64     -8.42     -8.76      0.34  0.31 0.0080
  1.30   18    -787.64     -8.38     -8.72      0.34  0.31 0.0080
  1.30   18    -787.62     -8.37     -8.71      0.34  0.31 0.0080
  1.30   18    -787.60     -8.37     -8.71      0.34  0.31 0.0080
  1.30   18    -787.61     -8.37     -8.72      0.35  0.31 0.0080
  1.30   18    -787.63     -8.36     -8.72      0.35  0.31 0.0080
  1.30   18    -787.61     -8.30     -8.65      0.35  0.31 0.0080
  1.30   18    -787.58     -8.33     -8.67      0.34  0.31 0.0080
  1.30   18    -787.58     -8.26     -8.60      0.34  0.31 0.0080
  1.30   18    -787.59     -8.28     -8.60      0.33  0.31 0.0080
  1.30   18    -787.58     -8.25     -8.58      0.33  0.31 0.0080
  1.30   19    -787.58     -8.26     -8.59      0.33  0.31 0.0080
  1.30   19    -787.58     -8.23     -8.56      0.32  0.31 0.0080
  1.30   19    -787.58     -8.18     -8.48      0.30  0.31 0.0080
  1.30   19    -787.58     -8.22     -8.51      0.29  0.31 0.0080
  1.30   19    -787.57     -8.20     -8.49      0.29  0.31 0.0080
  1.30   19    -787.57     -8.21     -8.51      0.30  0.31 0.0080
  1.30   19    -787.57     -8.28     -8.58      0.30  0.31 0.0080
  1.30   19    -787.58     -8.33     -8.62      0.28  0.31 0.0080
  1.30   19    -787.57     -8.31     -8.60      0.29  0.31 0.0080
  1.30   19    -787.59     -8.36     -8.65      0.29  0.31 0.0080
  1.30   20    -787.59     -8.43     -8.71      0.29  0.31 0.0080
  1.30   20    -787.62     -8.48     -8.76      0.27  0.31 0.0080
  1.30   20    -787.61     -8.58     -8.85      0.28  0.31 0.0080
  1.30   20    -787.62     -8.56     -8.84      0.28  0.31 0.0080
  1.30   20    -787.63     -8.57     -8.84      0.27  0.31 0.0080
  1.30   20    -787.62     -8.58     -8.83      0.26  0.31 0.0080
  1.30   20    -787.63     -8.60     -8.85      0.25  0.31 0.0080
  1.30   20    -787.64     -8.59     -8.83      0.25  0.31 0.0080
  1.30   20    -787.64     -8.62     -8.87      0.24  0.31 0.0080
  1.30   20    -787.63     -8.61     -8.86      0.25  0.31 0.0080
  1.30   21    -787.61     -8.58     -8.83      0.25  0.31 0.0080
  1.30   21    -787.60     -8.60     -8.85      0.25  0.31 0.0080
  1.30   21    -787.58     -8.63     -8.88      0.26  0.31 0.0080
  1.30   21    -787.59     -8.67     -8.94      0.26  0.31 0.0080
  1.30   21    -787.59     -8.58     -8.84      0.26  0.31 0.0080
  1.30   21    -787.60     -8.52     -8.77      0.25  0.31 0.0080
  1.30   21    -787.61     -8.54     -8.80      0.26  0.31 0.0080
  1.30   21    -787.62     -8.60     -8.86      0.26  0.31 0.0080
  1.30   21    -787.62     -8.55     -8.81      0.26  0.31 0.0080
  1.30   21    -787.61     -8.52     -8.77      0.25  0.31 0.0080
  1.30   22    -787.60     -8.43     -8.67      0.24  0.31 0.0080
  1.30   22    -787.60     -8.40     -8.64      0.24  0.31 0.0080
  1.30   22    -787.59     -8.38     -8.62      0.24  0.31 0.0080
  1.30   22    -787.59     -8.41     -8.66      0.25  0.31 0.0080
  1.30   22    -787.57     -8.50     -8.75      0.25  0.31 0.0080
  1.30   22    -787.58     -8.54     -8.78      0.24  0.31 0.0080
  1.30   22    -787.59     -8.53     -8.77      0.25  0.31 0.0080
  1.30   22    -787.58     -8.53     -8.78      0.25  0.31 0.0080
  1.30   22    -787.60     -8.53     -8.78      0.25  0.31 0.0080
  1.30   22    -787.61     -8.54     -8.79      0.25  0.31 0.0080
  1.30   23    -787.62     -8.53     -8.79      0.26  0.31 0.0080
  1.30   23    -787.62     -8.51     -8.77      0.27  0.31 0.0080
  1.30   23    -787.62     -8.51     -8.78      0.27  0.31 0.0080
  1.30   23    -787.61     -8.49     -8.77      0.28  0.31 0.0080
  1.30   23    -787.61     -8.47     -8.75      0.28  0.31 0.0080
  1.30   23    -787.61     -8.47     -8.76      0.29  0.31 0.0080
  1.30   23    -787.62     -8.48     -8.77      0.29  0.31 0.0080
  1.30   23    -787.62     -8.58     -8.87      0.30  0.31 0.0080
  1.30   23    -787.63     -8.57     -8.87      0.30  0.31 0.0080
  1.30   23    -787.63     -8.58     -8.89      0.31  0.31 0.0080
  1.30   24    -787.65     -8.56     -8.86      0.31  0.30 0.0080
  1.30   24    -787.64     -8.63     -8.93      0.31  0.31 0.0080
  1.30   24    -787.65     -8.57     -8.86      0.29  0.30 0.0080
  1.30   24    -787.67     -8.56     -8.85      0.29  0.31 0.0080
  1.30   24    -787.68     -8.48     -8.77      0.30  0.30 0.0080
  1.30   24    -787.67     -8.55     -8.84      0.29  0.31 0.0080
  1.30   24    -787.69     -8.54     -8.84      0.30  0.30 0.0080
  1.30   24    -787.69     -8.55     -8.85      0.30  0.31 0.0080
  1.30   24    -787.67     -8.54     -8.85      0.31  0.30 0.0080
  1.30   24    -787.66     -8.55     -8.86      0.31  0.30 0.0080
  1.30   25    -787.65     -8.54     -8.86      0.31  0.30 0.0080
  1.30   25    -787.65     -8.53     -8.84      0.31  0.30 0.0080
  1.30   25    -787.65     -8.48     -8.77      0.29  0.30 0.0080
  1.30   25    -787.64     -8.52     -8.80      0.28  0.30 0.0080
  1.30   25    -787.64     -8.44     -8.73      0.29  0.30 0.0080
  1.30   25    -787.63     -8.47     -8.76      0.29  0.30 0.0080
  1.30   25    -787.63     -8.50     -8.78      0.28  0.30 0.0080
  1.30   25    -787.63     -8.52     -8.80      0.29  0.30 0.0080
  1.30   25    -787.63     -8.51     -8.80      0.29  0.30 0.0080
  1.30   25    -787.63     -8.53     -8.82      0.29  0.30 0.0080
  1.30   26    -787.62     -8.54     -8.83      0.29  0.30 0.0080
  1.30   26    -787.62     -8.57     -8.86      0.28  0.30 0.0080
  1.30   26    -787.61     -8.64     -8.93      0.28  0.30 0.0080
  1.30   26    -787.59     -8.62     -8.90      0.28  0.30 0.0080
  1.30   26    -787.59     -8.58     -8.86      0.28  0.30 0.0080
  1.30   26    -787.59     -8.56     -8.83      0.27  0.30 0.0080
  1.30   26    -787.59     -8.57     -8.85      0.27  0.30 0.0080
  1.30   26    -787.59     -8.54     -8.81      0.28  0.30 0.0080
  1.30   26    -787.60     -8.56     -8.84      0.27  0.30 0.0080
  1.30   26    -787.60     -8.56     -8.85      0.28  0.30 0.0080
  1.30   27    -787.61     -8.57     -8.84      0.28  0.30 0.0080
  1.30   27    -787.61     -8.52     -8.80      0.28  0.30 0.0080
  1.30   27    -787.63     -8.48     -8.75      0.28  0.30 0.0080
  1.30   27    -787.63     -8.43     -8.71      0.28  0.30 0.0080
  1.30   27    -787.62     -8.39     -8.67      0.28  0.30 0.0080
  1.30   27    -787.61     -8.40     -8.67      0.27  0.30 0.0080
  1.30   27    -787.62     -8.43     -8.70      0.28  0.30 0.0080
  1.30   27    -787.63     -8.39     -8.67      0.28  0.30 0.0080
  1.30   27    -787.62     -8.39     -8.68      0.29  0.30 0.0080
  1.30   27    -787.63     -8.35     -8.64      0.29  0.30 0.0080
  1.30   28    -787.63     -8.33     -8.63      0.29  0.30 0.0080
  1.30   28    -787.64     -8.27     -8.56      0.29  0.30 0.0080
  1.30   28    -787.65     -8.27     -8.56      0.29  0.30 0.0080
  1.30   28    -787.65     -8.28     -8.57      0.28  0.30 0.0080
  1.30   28    -787.65     -8.26     -8.54      0.28  0.30 0.0080
  1.30   28    -787.65     -8.23     -8.52      0.28  0.30 0.0080
  1.30   28    -787.67     -8.21     -8.49      0.29  0.30 0.0080
  1.30   28    -787.66     -8.20     -8.49      0.29  0.30 0.0080
  1.30   28    -787.67     -8.17     -8.45      0.28  0.30 0.0080
  1.30   28    -787.67     -8.12     -8.40      0.28  0.30 0.0080
  1.30   29    -787.68     -8.12     -8.41      0.28  0.30 0.0080
  1.30   29    -787.69     -8.17     -8.45      0.28  0.30 0.0080
  1.30   29    -787.69     -8.20     -8.48      0.28  0.30 0.0080
  1.30   29    -787.69     -8.19     -8.47      0.28  0.30 0.0080
  1.30   29    -787.69     -8.23     -8.51      0.28  0.30 0.0080
  1.30   29    -787.68     -8.27     -8.56      0.29  0.30 0.0080
  1.30   29    -787.68     -8.25     -8.53      0.28  0.30 0.0080
  1.30   29    -787.69     -8.29     -8.58      0.28  0.30 0.0080
  1.30   29    -787.68     -8.32     -8.60      0.28  0.30 0.0080
  1.30   29    -787.67     -8.33     -8.61      0.28  0.30 0.0080
  1.30   30    -787.67     -8.30     -8.57      0.27  0.30 0.0080
  1.30   30    -787.67     -8.29     -8.57      0.28  0.30 0.0080
  1.30   30    -787.66     -8.24     -8.52      0.28  0.30 0.0080
  1.30   30    -787.66     -8.26     -8.54      0.28  0.30 0.0080
  1.30   30    -787.67     -8.28     -8.56      0.27  0.30 0.0080
  1.30   30    -787.67     -8.30     -8.58      0.28  0.30 0.0080
  1.30   30    -787.69     -8.33     -8.60      0.27  0.30 0.0080
  1.30   30    -787.69     -8.29     -8.56      0.27  0.30 0.0080
  1.30   30    -787.70     -8.32     -8.58      0.27  0.30 0.0080
  1.30   30    -787.69     -8.24     -8.51      0.27  0.30 0.0080
  1.30   31    -787.69     -8.22     -8.50      0.28  0.30 0.0080
  1.30   31    -787.69     -8.11     -8.39      0.28  0.30 0.0080
  1.30   31    -787.68     -8.06     -8.34      0.28  0.30 0.0080
  1.30   31    -787.68     -8.09     -8.36      0.28  0.30 0.0080
  1.30   31    -787.67     -8.08     -8.36      0.27  0.30 0.0080
  1.30   31    -787.69     -8.11     -8.38      0.27  0.30 0.0080
  1.30   31    -787.69     -8.11     -8.38      0.27  0.30 0.0080
  1.30   31    -787.68     -8.08     -8.35      0.27  0.30 0.0080
  1.30   31    -787.68     -8.01     -8.28      0.27  0.30 0.0080
  1.30   31    -787.68     -8.01     -8.29      0.27  0.30 0.0080
  1.30   32    -787.69     -8.02     -8.30      0.28  0.30 0.0080
