 120,  4.1430679546691032
    23  -0.229973E+03  0.293454E+02  0.148566E+02  0.144888E+02  0.089
     0.559874    1.000000   -6.884013   -5.107232   -7.251051
     0.559874    1.000000    7.469554   -2.700904   -0.479636
     0.559874    1.000000   -4.877220    0.663732   -1.183802
     0.559874    1.000000    0.299684   -7.494097    7.833820
     0.559874    1.000000   -3.840355    1.352627    2.734573
     0.559874    1.000000    0.445458   -1.979643   -2.523701
     0.559874    1.000000    1.362614   -6.102426   -1.503614
     0.559874    1.000000   -5.212008   -3.417864    1.227794
     0.559874    1.000000    2.391412   -4.174556   -3.581623
     0.559874    1.000000    5.673646   -3.679586   -5.437946
     0.559874    1.000000    6.159267    6.215888    5.877400
     0.559874    1.000000   -2.416272   -0.470863   -2.984346
     0.559874    1.000000   -0.295811   -0.217582   -2.487867
     0.559874    1.000000    2.519935   -2.004443   -0.896199
     0.559874    1.000000   -1.536505    1.809723    1.136427
     0.559874    1.000000    0.465491    1.524002   -0.756646
     0.559874    1.000000    1.972401   -5.494969   -6.713315
     0.559874    1.000000   -0.971646    0.615688   -1.896590
     0.559874    1.000000    0.781526   -1.870387   -1.108145
     0.559874    1.000000    2.364321    1.825862    1.023578
     0.559874    1.000000    5.060692   -7.744748   -1.538636
     0.559874    1.000000    1.085932   -0.022118   -0.735150
     0.559874    1.000000   -5.377155   -5.020111    2.729824
     0.559874    1.000000    1.001594   -1.583562   -4.703801
     0.559874    1.000000    0.837221   -7.455926    1.500665
     0.559874    1.000000   -7.203459   -7.639520    3.883603
     0.559874    1.000000   -1.889200   -1.760752    0.232216
     0.559874    1.000000    3.001535    0.539232    1.519512
     0.559874    1.000000   -1.095362    1.821783    5.773809
     0.559874    1.000000    0.675251   -0.732111    0.063969
     0.559874    1.000000    6.351192   -5.812959    7.958277
     0.559874    1.000000    5.294865    4.123573    6.188851
     0.559874    1.000000   -8.047428    1.277527   -6.401979
     0.559874    1.000000    3.376377   -0.010687   -2.784262
     0.559874    1.000000   -4.087124    7.408237    7.794690
     0.559874    1.000000   -1.065789   -0.443587    2.531492
     0.559874    1.000000    4.844215   -7.878780    8.141974
     0.559874    1.000000    2.016107    4.049501   -7.361957
     0.559874    1.000000    0.147790   -0.839036    3.352033
     0.559874    1.000000   -1.616445   -4.588650    3.545751
     0.559874    1.000000    4.208986    4.167698   -4.309681
     0.559874    1.000000   -1.183691    6.157861   -5.301198
     0.559874    1.000000    0.228774   -4.776666    2.177646
     0.559874    1.000000   -0.006463   -2.299630   -0.391289
     0.559874    1.000000   -7.492717    2.561597   -7.616916
     0.559874    1.000000    2.432645   -6.495869    3.282903
     0.559874    1.000000    0.240982    0.778957   -1.032628
     0.559874    1.000000    4.798306   -0.653975   -4.634456
     0.559874    1.000000    3.507927   -5.514116    5.668302
     0.559874    1.000000    5.265041   -8.010268    5.023142
     0.559874    1.000000    1.088145    2.784118    1.524844
     0.559874    1.000000   -0.899310    0.556993    0.160870
     0.559874    1.000000   -3.487072    0.856847   -2.570559
     0.559874    1.000000    6.917172    7.535030   -3.249786
     0.559874    1.000000   -2.531969   -1.665861    4.258168
     0.559874    1.000000    6.822007   -1.127705    4.250309
     0.559874    1.000000    1.621915    4.298821    1.200262
     0.559874    1.000000    7.331740   -6.247363    3.122860
     0.559874    1.000000   -1.127438    1.191643    0.218639
     0.559874    1.000000   -5.570050   -2.477396   -2.785185
     0.559874    1.000000    0.179280    2.020464   -1.987480
     0.559874    1.000000    1.551107   -4.780455   -0.086854
     0.559874    1.000000    2.108534    0.737498    2.103077
     0.559874    1.000000   -1.140332    1.200349   -3.825303
     0.559874    1.000000    3.030581    4.455732   -1.369652
     0.559874    1.000000   -6.372728    4.613778    1.322895
     0.559874    1.000000    2.584842    0.627816    0.251816
     0.559874    1.000000    2.352364   -0.031874    0.725522
     0.559874    1.000000    1.942044   -4.155013   -6.024042
     0.559874    1.000000   -7.678656   -2.642711    0.090019
     0.559874    1.000000   -4.764772    3.798894   -0.773271
     0.559874    1.000000   -0.193626    6.262056   -8.125841
     0.559874    1.000000   -1.804003   -1.479114   -2.594791
     0.559874    1.000000   -6.646297    7.532723    0.511131
     0.559874    1.000000    4.183888    0.727259    0.080496
     0.559874    1.000000    4.973594    0.375130    3.506252
     0.559874    1.000000    0.134131   -0.662921    1.079106
     0.559874    1.000000   -5.870511   -1.295271    6.537744
     0.559874    1.000000   -0.858172    1.716784    0.311177
     0.559874    1.000000   -3.572650    3.243597   -5.319469
     0.559874   -1.000000    5.262323   -4.626179    2.685682
     0.559874   -1.000000   -1.734039    5.555962   -3.095833
     0.559874   -1.000000   -7.276829   -5.286244   -6.572680
     0.559874   -1.000000    1.177971    3.968009    8.054332
     0.559874   -1.000000    7.164934    1.277090    8.247374
     0.559874   -1.000000   -0.259849    2.292707    6.417229
     0.559874   -1.000000   -7.977517    0.422283   -0.867131
     0.559874   -1.000000   -7.059922   -4.572269    0.537829
     0.559874   -1.000000    0.726751    0.615430   -5.123459
     0.559874   -1.000000    5.504352   -4.875470   -0.883851
     0.559874   -1.000000    2.490492   -3.921971   -4.894266
     0.559874   -1.000000   -7.517049   -7.265245    2.963049
     0.559874   -1.000000    4.665788   -2.486789   -4.757423
     0.559874   -1.000000    7.779026   -3.754486    2.252424
     0.559874   -1.000000    0.145782   -3.628108    2.677229
     0.559874   -1.000000   -2.284688   -5.941210    6.446474
     0.559874   -1.000000   -5.328844    6.296513   -8.183589
     0.559874   -1.000000   -6.921075   -7.064243   -3.312152
     0.559874   -1.000000   -5.920746    7.738981    1.032454
     0.559874   -1.000000   -5.774176   -0.802886   -5.081216
     0.559874   -1.000000   -7.824008   -6.234449   -1.688211
     0.559874   -1.000000    2.832722   -4.301185   -1.960421
     0.559874   -1.000000    6.775735    6.710142    7.159854
     0.559874   -1.000000   -5.074616   -2.079154    2.813136
     0.559874   -1.000000   -1.714197    5.445749   -6.130800
     0.559874   -1.000000    5.092277    5.999218   -0.060685
     0.559874   -1.000000   -1.074544   -8.229954    5.510602
     0.559874   -1.000000    5.298857   -0.851206   -6.514648
     0.559874   -1.000000    4.080113    2.366072   -0.812511
     0.559874   -1.000000    7.773789   -2.119691    6.056513
     0.559874   -1.000000    0.766165   -3.753347    7.667486
     0.559874   -1.000000    3.525501    2.911795   -5.316360
     0.559874   -1.000000   -7.831496   -0.484873    0.275917
     0.559874   -1.000000   -2.030508    4.490720   -7.575403
     0.559874   -1.000000   -5.344082    0.802932   -2.087730
     0.559874   -1.000000   -7.643760    4.434430    1.767606
     0.559874   -1.000000   -7.991609    1.546615    8.230864
     0.559874   -1.000000    8.016396   -5.290275    1.179906
     0.559874   -1.000000    3.836677   -5.271558    6.954666
     0.559874   -1.000000    5.721991   -4.663831    0.046195
     2.799370  -20.000000    0.848514    0.848514    0.848514
     2.799370  -20.000000   -0.848514   -0.848514   -0.848514
