 120,  4.1430679546691032
    23  -0.225416E+03  0.891467E-01 -0.367600E-01  0.125907E+00  0.050
     0.559874    1.000000   -0.238724   -2.020589   -1.310268
     0.559874    1.000000   -3.004574   -0.321001   -0.456472
     0.559874    1.000000   -1.393529    6.564276   -4.265010
     0.559874    1.000000   -3.757659   -4.223687    2.588608
     0.559874    1.000000   -5.104620    6.611606   -5.890330
     0.559874    1.000000    1.088827    1.723730   -4.081178
     0.559874    1.000000   -6.535286    2.702600    2.756490
     0.559874    1.000000   -6.337954    4.115259   -1.579699
     0.559874    1.000000    5.172673   -7.337378    6.857217
     0.559874    1.000000    2.868074    3.227658   -3.296574
     0.559874    1.000000   -1.049796   -3.122601   -1.120467
     0.559874    1.000000   -3.539318   -1.623748   -3.131730
     0.559874    1.000000   -7.480158    5.460164    6.744160
     0.559874    1.000000   -7.126625   -7.643130    5.008839
     0.559874    1.000000   -2.724693   -0.696050    6.186766
     0.559874    1.000000    1.024207    5.208007   -6.328916
     0.559874    1.000000   -0.973320   -2.486916   -3.273763
     0.559874    1.000000    5.015128    2.732221   -2.036111
     0.559874    1.000000    3.648696   -2.395996   -0.813227
     0.559874    1.000000    4.008573    0.854727   -0.835088
     0.559874    1.000000   -3.671720    2.162712    0.617718
     0.559874    1.000000   -7.851197    0.287256    7.514798
     0.559874    1.000000   -1.337678    2.262613   -1.676857
     0.559874    1.000000   -0.056197    0.179047    3.972438
     0.559874    1.000000   -6.544685   -1.706349   -5.082172
     0.559874    1.000000   -3.296272   -2.913270   -1.362383
     0.559874    1.000000    2.235054    2.558853    4.042405
     0.559874    1.000000   -6.113155    3.275843   -7.866597
     0.559874    1.000000   -4.112618   -0.994029    3.524980
     0.559874    1.000000    1.322566    0.927501    3.380572
     0.559874    1.000000    0.037141   -0.807591   -3.045869
     0.559874    1.000000   -2.798082   -5.276148   -0.230739
     0.559874    1.000000   -1.935626   -1.577533    0.607434
     0.559874    1.000000    0.458306    2.685838    1.931892
     0.559874    1.000000   -7.125198   -7.433851    3.562436
     0.559874    1.000000    3.716283    5.856572    4.746854
     0.559874    1.000000   -3.372991    5.783480   -2.969417
     0.559874    1.000000    1.455037   -2.429856    1.738960
     0.559874    1.000000   -1.890410   -1.136677   -3.539312
     0.559874    1.000000    2.057591   -0.616815   -0.783122
     0.559874    1.000000   -2.399192    6.984167    6.005159
     0.559874    1.000000    7.474439   -3.402543    2.749256
     0.559874    1.000000    2.839659    2.953787    3.292795
     0.559874    1.000000    2.738619   -7.332915    1.745832
     0.559874    1.000000   -6.953817   -5.684808   -0.345776
     0.559874    1.000000    6.509667    5.302019   -2.876027
     0.559874    1.000000   -7.510211   -2.723784   -4.134027
     0.559874    1.000000   -2.167899   -2.770996   -0.369860
     0.559874    1.000000   -0.620126   -3.309172   -2.238557
     0.559874    1.000000   -0.727884    3.187700    2.462713
     0.559874    1.000000   -3.210764   -3.151365   -2.953223
     0.559874    1.000000    3.297844    1.990392   -0.398498
     0.559874    1.000000   -0.788061   -1.269286   -0.732760
     0.559874    1.000000   -0.823065   -5.017305   -3.128990
     0.559874    1.000000   -5.994204    6.363932   -1.578137
     0.559874    1.000000    1.116970    4.369708    0.938723
     0.559874    1.000000    4.460634    3.063225    5.879240
     0.559874    1.000000   -0.465765    5.030177   -3.313386
     0.559874    1.000000   -6.568422    2.369081    6.297426
     0.559874    1.000000    0.781873    2.249594    0.181678
     0.559874    1.000000    0.859040   -1.444798   -0.165068
     0.559874    1.000000    2.606437   -3.129465    4.435268
     0.559874    1.000000    0.360345    2.098206    3.412419
     0.559874    1.000000   -6.082066   -6.578714   -7.324615
     0.559874    1.000000    3.167847    4.182266    1.409323
     0.559874    1.000000   -0.519717   -0.168425   -4.993230
     0.559874    1.000000    7.136183    7.136077   -2.191035
     0.559874    1.000000   -4.828380    5.823183   -2.857842
     0.559874    1.000000    2.848410    2.122956    0.478652
     0.559874    1.000000    3.566769    1.297672    2.496869
     0.559874    1.000000    0.632413    6.232440    2.653645
     0.559874    1.000000   -1.752799    5.408349   -6.205675
     0.559874    1.000000   -0.776256   -2.855932   -2.874096
     0.559874    1.000000    3.421599    3.191991    1.526304
     0.559874    1.000000   -2.878377   -7.067687   -5.951030
     0.559874    1.000000   -2.017836   -3.495052   -1.093476
     0.559874    1.000000   -0.485535    2.840847    3.201622
     0.559874    1.000000    2.450329   -1.620653   -2.121124
     0.559874    1.000000   -3.609369   -1.155778   -2.651981
     0.559874    1.000000    3.021819    0.332572    3.027483
     0.559874   -1.000000   -2.815255    6.274062   -2.719923
     0.559874   -1.000000    2.724370   -4.234945   -2.931036
     0.559874   -1.000000    5.247276   -1.749889   -3.333156
     0.559874   -1.000000   -7.047765   -7.797535    2.341731
     0.559874   -1.000000    1.567585   -3.189069   -1.756550
     0.559874   -1.000000    5.111994   -5.421680    1.906825
     0.559874   -1.000000    8.107168    6.591220   -4.410014
     0.559874   -1.000000    1.082076   -5.474066   -7.403575
     0.559874   -1.000000   -1.998083   -2.819580    0.274853
     0.559874   -1.000000    3.309372    0.916323   -0.406976
     0.559874   -1.000000    4.968849   -7.552673    1.379317
     0.559874   -1.000000    8.163952    8.061204   -1.448821
     0.559874   -1.000000    3.383839    7.505659    6.322728
     0.559874   -1.000000   -0.994626    6.650134   -3.744832
     0.559874   -1.000000    4.590330   -5.203738   -2.377256
     0.559874   -1.000000   -1.397256    5.778260   -0.571078
     0.559874   -1.000000   -8.141201    4.755152   -2.815085
     0.559874   -1.000000    6.639031    1.246128    2.710608
     0.559874   -1.000000   -2.399337   -3.858591   -7.223704
     0.559874   -1.000000    5.299894   -2.536718    5.255569
     0.559874   -1.000000   -5.929449   -3.318613   -1.547907
     0.559874   -1.000000   -3.885039    6.092754    4.017249
     0.559874   -1.000000    7.161205   -6.065713    7.887943
     0.559874   -1.000000   -4.662647    5.694805    0.691393
     0.559874   -1.000000   -2.872509   -0.744294   -7.711001
     0.559874   -1.000000    3.794793   -0.817710    4.579151
     0.559874   -1.000000    3.335738   -1.874484   -0.009671
     0.559874   -1.000000   -6.293328    5.084238    3.542122
     0.559874   -1.000000   -5.897016    2.135492    0.912145
     0.559874   -1.000000   -7.394021    3.710918    4.765816
     0.559874   -1.000000   -6.911504    2.998751    4.439279
     0.559874   -1.000000   -4.027676    1.248248    3.905293
     0.559874   -1.000000   -1.413796    3.693853    4.157108
     0.559874   -1.000000   -2.906116    2.953455    7.450995
     0.559874   -1.000000    6.600255    5.664332    3.189718
     0.559874   -1.000000   -4.199795    2.158219   -5.754819
     0.559874   -1.000000   -0.276935    4.982251    3.172509
     0.559874   -1.000000   -5.318846    5.897155   -6.953990
     0.559874   -1.000000   -4.250713    5.989227   -7.379505
     0.559874   -1.000000    4.053596    8.136797   -3.064627
     2.799370  -20.000000    2.020271    2.020271    2.020271
     2.799370  -20.000000   -2.020271   -2.020271   -2.020271
