 120,  4.1430679546691032
    23  -0.231951E+03  0.240696E+02  0.139980E+02  0.100716E+02  0.087
     0.559874    1.000000    3.979739   -4.323939   -7.819404
     0.559874    1.000000    0.500566   -0.806967    2.349896
     0.559874    1.000000   -6.253964   -6.504411   -3.961927
     0.559874    1.000000   -0.490614    1.440800    1.732890
     0.559874    1.000000    0.851579    4.102202    4.208445
     0.559874    1.000000    2.705533   -4.668534    3.395125
     0.559874    1.000000    7.352396    4.400794    3.974043
     0.559874    1.000000    5.533172   -1.170917   -4.949604
     0.559874    1.000000   -7.116844    7.510193    6.753048
     0.559874    1.000000    0.067932   -0.701713    0.590152
     0.559874    1.000000   -1.027401    0.574320    1.420032
     0.559874    1.000000    1.321195    0.862436   -3.439145
     0.559874    1.000000   -4.366960    2.598954   -1.385782
     0.559874    1.000000   -3.894029   -7.533286    2.741703
     0.559874    1.000000    5.266124   -2.107627    2.676219
     0.559874    1.000000    0.437352    7.843522   -5.555294
     0.559874    1.000000    1.548456    1.226166   -0.755146
     0.559874    1.000000   -6.189068    3.327687    2.751891
     0.559874    1.000000    6.444327    3.162474    6.462582
     0.559874    1.000000   -0.153964    0.671912   -0.816442
     0.559874    1.000000   -1.691101   -5.359789   -1.136857
     0.559874    1.000000   -6.377869    7.490239   -6.051344
     0.559874    1.000000   -7.048537   -1.611552    7.398649
     0.559874    1.000000   -5.644425   -4.189969    2.229314
     0.559874    1.000000    6.304139    5.701486    0.327251
     0.559874    1.000000    0.638551    3.816181    1.845900
     0.559874    1.000000    0.930597   -2.917836   -0.649788
     0.559874    1.000000   -4.400110   -0.680322    7.332612
     0.559874    1.000000    4.334560   -4.776537    1.279233
     0.559874    1.000000   -4.187742    2.875586    2.862267
     0.559874    1.000000    3.239461   -4.718923    0.365104
     0.559874    1.000000   -7.504419    6.472515    0.627904
     0.559874    1.000000   -3.553370   -0.235863   -5.594992
     0.559874    1.000000   -5.060306    6.631339    3.809416
     0.559874    1.000000   -1.072879    1.780641    0.150745
     0.559874    1.000000    2.016679   -2.740296   -6.983522
     0.559874    1.000000    2.820702    1.388398    2.380635
     0.559874    1.000000   -1.452582   -1.176131   -4.975061
     0.559874    1.000000    4.117822    0.875970   -6.410310
     0.559874    1.000000    4.120819    2.590153   -1.717068
     0.559874    1.000000   -1.153506    0.148040   -2.297516
     0.559874    1.000000   -1.358673   -3.244950   -1.334223
     0.559874    1.000000   -0.861891    1.126834   -1.467370
     0.559874    1.000000    4.053715    0.285212   -3.724203
     0.559874    1.000000    0.953530   -5.348698   -2.991349
     0.559874    1.000000    1.632620    3.157116   -3.054071
     0.559874    1.000000   -1.572039   -2.499277   -0.890806
     0.559874    1.000000   -3.177737   -0.307748    2.946498
     0.559874    1.000000    1.172246   -1.184044   -1.723029
     0.559874    1.000000    1.222034   -0.702179   -3.409096
     0.559874    1.000000    6.367834   -4.021105    1.273537
     0.559874    1.000000   -2.238763    1.400048   -0.404718
     0.559874    1.000000    1.294387   -0.961287    0.932898
     0.559874    1.000000    4.381044   -1.560795   -0.820583
     0.559874    1.000000    0.928749   -0.881316   -0.620584
     0.559874    1.000000   -5.341188    0.690829    0.296411
     0.559874    1.000000    6.726234   -5.400624   -3.093551
     0.559874    1.000000    0.532872    1.898428    2.646078
     0.559874    1.000000    6.747894    4.752622    3.347870
     0.559874    1.000000   -2.132928   -4.078332    4.606636
     0.559874    1.000000   -2.279741    0.208891    0.447948
     0.559874    1.000000   -6.049842   -4.987213    0.777247
     0.559874    1.000000   -0.320370    1.117947   -0.399062
     0.559874    1.000000    3.265109    0.576703    1.521499
     0.559874    1.000000    2.968023   -6.274149   -6.480949
     0.559874    1.000000    1.688974   -0.604883   -0.567476
     0.559874    1.000000   -0.571434   -1.471622   -2.502035
     0.559874    1.000000   -1.212519   -0.595046   -2.696193
     0.559874    1.000000   -0.655587    3.508263   -6.752370
     0.559874    1.000000    0.481919   -1.213447    0.080786
     0.559874    1.000000    2.616386    0.324323   -0.331316
     0.559874    1.000000   -1.905913   -1.247576   -2.187869
     0.559874    1.000000   -0.997595    3.358386    0.813231
     0.559874    1.000000   -1.412986    0.657957   -1.977417
     0.559874    1.000000   -3.792822    5.734360    7.386293
     0.559874    1.000000    1.502141    7.378072   -3.483865
     0.559874    1.000000    6.079711   -1.778500    4.899213
     0.559874    1.000000   -3.176577    7.873530   -3.714943
     0.559874    1.000000   -0.539224    5.990284    1.856177
     0.559874    1.000000   -1.375568   -0.188851    0.949162
     0.559874   -1.000000   -5.653272   -2.244223   -7.315161
     0.559874   -1.000000    1.032847   -0.624437   -6.368648
     0.559874   -1.000000    3.496481    5.639472   -7.057629
     0.559874   -1.000000    4.209701   -5.949465   -7.842272
     0.559874   -1.000000    0.940875   -5.500260    1.155663
     0.559874   -1.000000   -1.878043    7.325201    0.092940
     0.559874   -1.000000    6.665611   -5.834010    1.148633
     0.559874   -1.000000    1.807149    5.885342    1.625577
     0.559874   -1.000000    4.267583   -1.134189   -5.673857
     0.559874   -1.000000    3.973186    7.379822   -2.017460
     0.559874   -1.000000   -5.540290   -0.668278    5.862424
     0.559874   -1.000000    7.583312    7.774170   -7.524522
     0.559874   -1.000000    6.470724    4.746466    4.129701
     0.559874   -1.000000   -6.357519    0.568163   -4.647905
     0.559874   -1.000000   -2.863123    8.180344   -7.175798
     0.559874   -1.000000   -7.870329   -5.759386    2.696715
     0.559874   -1.000000    5.938443   -7.968230    6.040029
     0.559874   -1.000000    4.529873    1.985423    8.193520
     0.559874   -1.000000   -4.309480    4.987774   -1.150794
     0.559874   -1.000000   -1.349319    1.498587    7.206678
     0.559874   -1.000000   -4.261807    0.156733   -5.721542
     0.559874   -1.000000   -6.958097   -8.200561   -7.488747
     0.559874   -1.000000   -8.204971   -4.618587   -1.837364
     0.559874   -1.000000    3.844205   -6.368016   -2.377156
     0.559874   -1.000000   -3.782475    2.140448   -7.246328
     0.559874   -1.000000    4.045296   -0.771315    8.002488
     0.559874   -1.000000   -0.862581    6.488559    1.569849
     0.559874   -1.000000    8.168701    1.275097    5.524007
     0.559874   -1.000000    4.589395   -4.593938    7.693740
     0.559874   -1.000000    7.606666    7.368863    5.699456
     0.559874   -1.000000    1.263273    7.846809   -3.262296
     0.559874   -1.000000   -3.827176    7.718131   -0.484268
     0.559874   -1.000000   -7.864002    5.500164    1.469060
     0.559874   -1.000000    0.148957   -3.414422   -6.658020
     0.559874   -1.000000    4.545457    0.393420    2.148626
     0.559874   -1.000000   -2.208754   -7.815513    6.875566
     0.559874   -1.000000   -4.787184    5.133845   -6.281349
     0.559874   -1.000000    3.005804    1.098762   -3.863692
     0.559874   -1.000000   -3.235103   -2.994898    6.058489
     0.559874   -1.000000    1.566888    5.425180   -0.976159
     2.799370  -20.000000    0.888919    0.888919    0.888919
     2.799370  -20.000000   -0.888919   -0.888919   -0.888919
