 120,  4.1430679546691032
    23  -0.233843E+03  0.160604E+02  0.121136E+02  0.394683E+01  0.082
     0.559874    1.000000    0.805910   -1.475286   -1.189669
     0.559874    1.000000   -5.133207   -1.941416    1.999184
     0.559874    1.000000    2.069855   -2.027067   -0.561761
     0.559874    1.000000    5.110225    5.625693   -1.792950
     0.559874    1.000000    7.807778   -7.574722    8.078631
     0.559874    1.000000   -0.724105    0.890369   -1.983293
     0.559874    1.000000    5.192293    4.707035    6.675453
     0.559874    1.000000   -0.096775    0.673389   -1.043836
     0.559874    1.000000   -2.890413   -2.898637   -4.062348
     0.559874    1.000000   -1.494682    7.681135    7.276343
     0.559874    1.000000   -0.422925   -2.693438   -0.831334
     0.559874    1.000000   -6.326658    5.882607   -6.636452
     0.559874    1.000000   -4.546660    4.182389   -1.184703
     0.559874    1.000000    2.865673   -0.069518    1.982809
     0.559874    1.000000    0.928071    3.406124    0.709028
     0.559874    1.000000    8.242367   -3.052586   -7.231846
     0.559874    1.000000   -2.705276   -0.781142   -1.524120
     0.559874    1.000000    1.424053   -4.823973    8.209088
     0.559874    1.000000    4.830631   -0.558412   -1.776634
     0.559874    1.000000    0.882181   -0.877436    0.390996
     0.559874    1.000000   -0.419739   -0.106137    0.377716
     0.559874    1.000000   -1.667437    4.975218    3.481121
     0.559874    1.000000    2.442624   -0.502657    0.955665
     0.559874    1.000000   -1.808794   -4.587001    2.564802
     0.559874    1.000000   -2.061149   -2.632897   -1.419490
     0.559874    1.000000    0.279431    1.481599    2.664311
     0.559874    1.000000   -0.906514    1.148346    2.470470
     0.559874    1.000000    0.397679   -0.544228    1.723282
     0.559874    1.000000   -4.053672   -3.338188   -7.113570
     0.559874    1.000000    4.050283   -1.055482    6.138651
     0.559874    1.000000   -1.750001    6.258128   -4.253062
     0.559874    1.000000    1.458406   -2.969296    6.575089
     0.559874    1.000000   -0.914723   -2.293365    1.105983
     0.559874    1.000000    0.729639   -6.000310   -0.108490
     0.559874    1.000000   -0.464825    1.140828    1.980800
     0.559874    1.000000    3.162185    6.781856    4.945160
     0.559874    1.000000    0.371503   -1.184466    0.350939
     0.559874    1.000000    6.449823   -5.080788   -5.654379
     0.559874    1.000000    2.997715   -0.105806   -7.667412
     0.559874    1.000000   -0.327869    2.211893    1.586776
     0.559874    1.000000   -5.030167    3.524061    6.716732
     0.559874    1.000000   -4.257114    3.714533   -0.091774
     0.559874    1.000000    0.786130    2.597239    1.375494
     0.559874    1.000000    7.875814    0.518166    3.442675
     0.559874    1.000000   -3.548227   -1.631774    1.050374
     0.559874    1.000000   -3.609948    2.015122    1.683903
     0.559874    1.000000    0.143414   -0.315129   -2.467278
     0.559874    1.000000    3.555391   -2.407975    0.122828
     0.559874    1.000000    2.641379    0.558773   -1.759938
     0.559874    1.000000   -2.536396   -0.164364   -1.112382
     0.559874    1.000000    0.343211   -0.004324   -0.373912
     0.559874    1.000000    2.288636    7.351017    0.985719
     0.559874    1.000000    0.388057    1.923413   -2.811436
     0.559874    1.000000    3.851444    2.216625   -0.124183
     0.559874    1.000000    1.678847   -7.072284    2.000801
     0.559874    1.000000    2.304543    0.761807   -0.220887
     0.559874    1.000000   -5.613230   -6.556684   -6.526628
     0.559874    1.000000    1.630318    6.211841    0.171517
     0.559874    1.000000   -5.813503   -3.013491    2.534357
     0.559874    1.000000   -4.309289   -7.822857    1.750545
     0.559874    1.000000   -5.354477    1.872653    5.957960
     0.559874    1.000000   -3.714886    4.619848   -5.613743
     0.559874    1.000000    2.887081    1.871994   -0.354204
     0.559874    1.000000   -7.059941   -0.203638   -2.538933
     0.559874    1.000000   -3.196244    3.763868   -5.210094
     0.559874    1.000000   -0.954696    0.818837   -0.122327
     0.559874    1.000000    0.135251   -1.762111   -3.197890
     0.559874    1.000000   -1.018346    0.291496    1.160773
     0.559874    1.000000    3.106461    3.713679   -0.047743
     0.559874    1.000000   -1.882600    7.629448    1.503276
     0.559874    1.000000    7.886994   -5.319605    0.870355
     0.559874    1.000000    7.056019    5.995521   -3.438194
     0.559874    1.000000    1.056268   -4.490468    6.061009
     0.559874    1.000000   -0.367146   -2.460771   -0.220439
     0.559874    1.000000   -4.463737    3.790561    1.995478
     0.559874    1.000000    1.063640   -0.821074    1.103949
     0.559874    1.000000    1.161828    4.168790    2.054930
     0.559874    1.000000   -3.461603   -2.686528    4.504127
     0.559874    1.000000   -2.212462   -0.950677    1.004824
     0.559874    1.000000    3.284534    0.795180    5.730877
     0.559874   -1.000000   -0.200963   -7.258231   -7.284200
     0.559874   -1.000000   -5.332712   -4.323943   -7.356578
     0.559874   -1.000000    1.742190    6.186064    8.140278
     0.559874   -1.000000   -5.210802    6.779006   -5.758147
     0.559874   -1.000000    0.708979   -3.262338    7.849953
     0.559874   -1.000000   -0.144107   -3.538508   -2.882674
     0.559874   -1.000000   -8.274412    3.147185    4.092254
     0.559874   -1.000000   -3.413760   -3.313281   -7.243850
     0.559874   -1.000000    8.014328   -5.638093   -3.641560
     0.559874   -1.000000   -4.264124    4.972181   -4.317228
     0.559874   -1.000000   -8.042000   -2.326974    1.942470
     0.559874   -1.000000   -6.369777   -0.221846    3.367794
     0.559874   -1.000000    4.124790   -0.707725   -7.439757
     0.559874   -1.000000    4.808703    5.071310   -3.470467
     0.559874   -1.000000   -0.027474   -2.991504   -2.974102
     0.559874   -1.000000    6.772574   -5.420052   -4.561643
     0.559874   -1.000000   -5.417856   -2.187371    4.254151
     0.559874   -1.000000   -1.371930    4.014686   -7.105792
     0.559874   -1.000000    1.277991   -6.904241    2.483818
     0.559874   -1.000000   -6.630628    7.260039   -6.736953
     0.559874   -1.000000   -4.032905   -7.922307    0.934200
     0.559874   -1.000000   -2.458712    6.775093    0.233530
     0.559874   -1.000000   -3.736872    4.021220    1.737761
     0.559874   -1.000000    6.399452   -1.416599    5.298444
     0.559874   -1.000000    2.088352   -3.242876   -1.471763
     0.559874   -1.000000   -0.975005   -4.123011   -6.204425
     0.559874   -1.000000   -8.251151   -0.368194   -2.933048
     0.559874   -1.000000   -3.263989    0.086236    2.872994
     0.559874   -1.000000    4.530782    2.480895   -1.089615
     0.559874   -1.000000   -4.147879   -6.012404   -4.105159
     0.559874   -1.000000    7.821108   -3.481131   -6.601374
     0.559874   -1.000000   -7.258146   -2.881341    2.720206
     0.559874   -1.000000    2.757965    1.447301   -1.679460
     0.559874   -1.000000   -2.282282   -0.125450    6.208393
     0.559874   -1.000000    3.930958    2.676530    5.597253
     0.559874   -1.000000   -6.297150   -1.684083    5.485213
     0.559874   -1.000000    6.859719    3.994826   -7.033158
     0.559874   -1.000000    0.806586    7.677524    0.960394
     0.559874   -1.000000    1.416791   -3.279079    3.320838
     0.559874   -1.000000   -1.007831    7.956724    7.661513
     2.799370  -20.000000    0.969730    0.969730    0.969730
     2.799370  -20.000000   -0.969730   -0.969730   -0.969730
