 120,  4.1430679546691032
    23  -0.232538E+03  0.667133E+01  0.441852E+01  0.225281E+01  0.061
     0.559874    1.000000    4.014688   -8.284325   -1.613791
     0.559874    1.000000    4.366871   -6.039097    2.740630
     0.559874    1.000000    7.746969   -3.046424   -7.893361
     0.559874    1.000000    0.005130   -2.525212   -1.879420
     0.559874    1.000000   -8.214075    5.546687    7.946538
     0.559874    1.000000    1.945949    2.025470   -0.254678
     0.559874    1.000000    6.786591    1.125423   -0.773274
     0.559874    1.000000    0.512865   -2.216242    1.458583
     0.559874    1.000000   -0.954220   -1.636733    7.653346
     0.559874    1.000000   -1.009157    0.572956   -2.088851
     0.559874    1.000000    5.416462    1.671489    4.663261
     0.559874    1.000000   -0.071065   -2.724681   -1.134969
     0.559874    1.000000   -2.856028   -0.623426    0.120314
     0.559874    1.000000    2.352221    1.823539    2.344831
     0.559874    1.000000   -6.629926   -3.902753    3.176978
     0.559874    1.000000   -0.443117   -0.365314    1.663013
     0.559874    1.000000    0.455080    4.204471    0.345199
     0.559874    1.000000    5.743361   -5.634371   -2.377911
     0.559874    1.000000   -0.780079    5.522023    7.600034
     0.559874    1.000000   -3.954117    2.368810   -1.219901
     0.559874    1.000000    1.503628   -3.434473   -3.165041
     0.559874    1.000000    1.044888    2.672808   -0.060815
     0.559874    1.000000   -4.684129   -0.381867    1.937135
     0.559874    1.000000    1.736205    1.740005    5.210173
     0.559874    1.000000    6.247103    0.462769   -1.913158
     0.559874    1.000000    2.890052    5.668713   -6.549918
     0.559874    1.000000   -1.443239   -0.900509    1.044674
     0.559874    1.000000   -6.580268    5.040457    5.160137
     0.559874    1.000000   -7.470178    7.557663    3.294402
     0.559874    1.000000   -0.316811   -0.248653    0.235526
     0.559874    1.000000   -0.814613   -1.246864   -2.798003
     0.559874    1.000000   -5.741190   -7.814613    4.303716
     0.559874    1.000000   -3.758909    3.923378    3.121114
     0.559874    1.000000   -3.225078   -6.822921    4.320546
     0.559874    1.000000   -0.792617    8.084382   -4.763523
     0.559874    1.000000    4.658599   -5.119084    2.035728
     0.559874    1.000000    0.529973   -3.339071    3.900828
     0.559874    1.000000   -0.827341    2.548529    0.303683
     0.559874    1.000000    5.960614    6.502045   -1.509001
     0.559874    1.000000    2.564634    0.959214   -0.045373
     0.559874    1.000000   -8.044084   -7.423272    5.779515
     0.559874    1.000000    5.672027   -4.022664    1.682093
     0.559874    1.000000    3.905241   -2.547033   -4.153314
     0.559874    1.000000    7.782645   -7.550278   -1.948975
     0.559874    1.000000    0.673826    1.192106   -0.742287
     0.559874    1.000000    5.333723    5.573636    6.552973
     0.559874    1.000000    0.231524    0.345500    2.488037
     0.559874    1.000000    1.257669    0.257884   -0.786234
     0.559874    1.000000    4.056156   -6.868805    0.499279
     0.559874    1.000000    2.594499    7.640732   -5.877065
     0.559874    1.000000   -0.328920    0.789891    0.058584
     0.559874    1.000000   -1.307779   -0.083406   -2.910725
     0.559874    1.000000   -6.601307   -1.738202   -3.511412
     0.559874    1.000000   -0.782028    0.561353    1.560547
     0.559874    1.000000    1.244142   -6.336711    5.355947
     0.559874    1.000000   -5.035874   -4.527831    6.394964
     0.559874    1.000000    0.552485    0.128649   -0.534138
     0.559874    1.000000    1.754263    0.732414   -4.433725
     0.559874    1.000000    7.402994    5.991676   -4.876311
     0.559874    1.000000   -7.602328    4.482961   -4.223256
     0.559874    1.000000    2.064650   -3.002682   -4.428677
     0.559874    1.000000    1.635038    2.762458    1.902074
     0.559874    1.000000    1.092273    0.822303   -4.093679
     0.559874    1.000000   -2.754980   -1.073554   -0.421200
     0.559874    1.000000   -0.160968    2.137455   -7.466120
     0.559874    1.000000   -5.220616    5.444488   -8.228924
     0.559874    1.000000    0.489365    0.372507   -1.799102
     0.559874    1.000000   -1.323919    4.613850   -8.212137
     0.559874    1.000000   -4.114859    1.177513   -5.369894
     0.559874    1.000000   -3.879594   -2.692586    5.600240
     0.559874    1.000000    0.712521   -1.413844   -0.714514
     0.559874    1.000000    0.526999   -0.403535   -0.242866
     0.559874    1.000000   -6.675820   -6.254273   -8.094998
     0.559874    1.000000   -3.283010   -4.792645   -3.445437
     0.559874    1.000000   -4.726696   -3.919747    5.090746
     0.559874    1.000000   -2.643930   -0.808670   -1.575755
     0.559874    1.000000   -4.709052   -1.074904   -2.146691
     0.559874    1.000000    0.806824   -0.612703    1.649062
     0.559874    1.000000   -2.414680   -1.059193    0.903021
     0.559874    1.000000   -2.897138   -5.014440   -2.907976
     0.559874   -1.000000   -5.699616    1.819773   -7.434235
     0.559874   -1.000000   -6.408139    1.992570   -0.794211
     0.559874   -1.000000   -1.751155    2.441325   -7.429427
     0.559874   -1.000000    1.194756   -5.189138    0.776949
     0.559874   -1.000000   -6.208221   -4.732793   -3.427061
     0.559874   -1.000000   -5.326191   -3.917581    6.042723
     0.559874   -1.000000    3.104036   -5.538382   -5.968192
     0.559874   -1.000000   -5.753136    3.400341   -7.450919
     0.559874   -1.000000    2.917435   -1.393879    3.565341
     0.559874   -1.000000    5.355994   -0.506840    2.591433
     0.559874   -1.000000   -7.584871   -3.538842   -6.434690
     0.559874   -1.000000   -0.090112   -7.074992   -7.006990
     0.559874   -1.000000    6.031813   -8.021972   -0.950996
     0.559874   -1.000000   -0.700349   -3.052209    1.177235
     0.559874   -1.000000   -7.220567   -1.097602   -3.119606
     0.559874   -1.000000   -7.723008   -3.976881   -8.151387
     0.559874   -1.000000    1.998902    4.099734    7.056303
     0.559874   -1.000000   -3.226046    0.451704   -2.358289
     0.559874   -1.000000   -3.487763   -3.983743    7.811995
     0.559874   -1.000000    1.366236    4.177680   -4.197402
     0.559874   -1.000000    5.647798   -4.223383    2.264449
     0.559874   -1.000000   -7.647635   -7.889552    4.550796
     0.559874   -1.000000   -6.729963    0.480672    1.567107
     0.559874   -1.000000   -6.115911    0.474031   -3.657047
     0.559874   -1.000000   -2.122710    5.661892    6.482706
     0.559874   -1.000000   -7.152814   -7.625296    0.361266
     0.559874   -1.000000   -7.656386   -0.524914    6.871603
     0.559874   -1.000000    3.682868   -0.866691   -3.650937
     0.559874   -1.000000    4.912707   -6.484185    3.908025
     0.559874   -1.000000   -5.001663    6.978310   -5.862827
     0.559874   -1.000000    7.992958    5.405273    2.385411
     0.559874   -1.000000   -0.828208    7.299279   -6.519476
     0.559874   -1.000000    0.698811    0.003138   -6.531308
     0.559874   -1.000000    6.543187   -4.550981   -3.226367
     0.559874   -1.000000    3.819189    3.871273    5.311825
     0.559874   -1.000000   -2.063597    0.700676    7.660572
     0.559874   -1.000000   -6.054861   -5.607242    1.260358
     0.559874   -1.000000    6.874421   -8.241579    5.569900
     0.559874   -1.000000   -1.042064    5.129338   -4.823378
     0.559874   -1.000000   -3.253571   -7.676719    4.246222
     2.799370  -20.000000    1.050541    1.050541    1.050541
     2.799370  -20.000000   -1.050541   -1.050541   -1.050541
