 120,  4.1430679546691032
    23  -0.231206E+03  0.451163E+01  0.298181E+01  0.152981E+01  0.057
     0.559874    1.000000   -4.897162    1.757610    3.171074
     0.559874    1.000000   -0.222236   -4.464116    0.785704
     0.559874    1.000000   -1.103610    0.165027   -2.855764
     0.559874    1.000000    0.920378   -2.359800   -4.486036
     0.559874    1.000000   -5.549812   -5.436019   -5.668986
     0.559874    1.000000   -6.872807   -7.063521   -5.266425
     0.559874    1.000000   -1.422698   -2.424846    0.332406
     0.559874    1.000000    6.831966   -0.991809   -7.646248
     0.559874    1.000000    8.189465   -2.245911   -5.916701
     0.559874    1.000000   -0.648743   -7.289419    3.809098
     0.559874    1.000000   -2.520499    0.183204    0.051494
     0.559874    1.000000    2.305497   -0.317796    6.547744
     0.559874    1.000000    0.959537   -0.719683    0.485903
     0.559874    1.000000    0.556063    2.594858    0.093598
     0.559874    1.000000    0.103688    0.649639   -0.146814
     0.559874    1.000000    5.040590   -0.700245   -7.853962
     0.559874    1.000000   -2.252934    1.622754   -0.096640
     0.559874    1.000000    0.996252    3.302408    7.132750
     0.559874    1.000000    2.175525    2.295501    0.353020
     0.559874    1.000000    2.329834   -3.216656    3.697098
     0.559874    1.000000    2.697732    7.232998   -7.317798
     0.559874    1.000000   -1.130777   -0.366229    1.258840
     0.559874    1.000000    2.820004   -4.831414    1.209179
     0.559874    1.000000    8.009298    5.966568    1.068038
     0.559874    1.000000    4.151037   -0.264075   -1.520833
     0.559874    1.000000    6.978238    3.453284   -8.070772
     0.559874    1.000000   -4.586446   -1.076515   -4.142944
     0.559874    1.000000    0.867560    5.758280   -0.114016
     0.559874    1.000000   -0.239828    1.698738    2.166011
     0.559874    1.000000    0.352155   -0.365501   -0.847960
     0.559874    1.000000    4.894860   -4.773057    3.658549
     0.559874    1.000000   -2.267706    4.253323    2.566859
     0.559874    1.000000   -0.796875   -2.740388   -1.568450
     0.559874    1.000000    2.246684    0.925879    2.546759
     0.559874    1.000000    6.753891    7.800075   -6.320730
     0.559874    1.000000    4.157873   -2.740906    5.603758
     0.559874    1.000000    2.843803    0.597155    1.090711
     0.559874    1.000000    3.970815    7.437389   -3.295227
     0.559874    1.000000   -6.125409    4.726909    0.376474
     0.559874    1.000000   -4.275795    0.730115   -2.807102
     0.559874    1.000000   -0.098678    2.575113    1.325617
     0.559874    1.000000   -1.506976    6.517859    7.445600
     0.559874    1.000000   -2.421446   -2.284591   -1.239009
     0.559874    1.000000   -1.819372   -1.589653   -3.446323
     0.559874    1.000000    6.557531    4.382341   -0.415257
     0.559874    1.000000    3.915523    5.738447   -7.607328
     0.559874    1.000000   -1.836503   -2.381209   -0.202259
     0.559874    1.000000   -1.815543   -0.740064   -2.750698
     0.559874    1.000000    0.502812   -0.618327   -2.117113
     0.559874    1.000000   -4.212762    1.060605   -1.157311
     0.559874    1.000000    3.341270    1.908806    5.169398
     0.559874    1.000000   -5.777490   -6.254104   -1.833162
     0.559874    1.000000   -1.695574    6.797387   -1.976411
     0.559874    1.000000   -2.682781   -1.134862   -5.779224
     0.559874    1.000000    0.815887    0.369611    3.996412
     0.559874    1.000000    0.029490    3.510918   -2.205715
     0.559874    1.000000   -2.679442   -1.338346   -2.472353
     0.559874    1.000000    5.647694    4.248016    4.933497
     0.559874    1.000000   -4.099993    6.338929   -5.937942
     0.559874    1.000000    2.193359   -4.606656   -4.689160
     0.559874    1.000000   -2.854594   -2.317846   -7.696420
     0.559874    1.000000    4.356068    1.948933    2.795742
     0.559874    1.000000   -0.880619   -1.046387    1.159348
     0.559874    1.000000   -6.278989   -2.780773    5.332697
     0.559874    1.000000    1.526430   -4.270888   -8.229454
     0.559874    1.000000   -1.078503    1.438267   -1.511242
     0.559874    1.000000   -4.153625   -2.056801   -1.676298
     0.559874    1.000000    2.094345   -0.069169    2.624154
     0.559874    1.000000   -0.526445    0.225585   -0.013860
     0.559874    1.000000   -0.286585    3.819653    3.139812
     0.559874    1.000000   -1.646750   -2.778363   -2.858393
     0.559874    1.000000    2.491395    2.564601    5.121636
     0.559874    1.000000    6.947169   -1.594793   -2.949224
     0.559874    1.000000    7.545701    0.330341    4.104563
     0.559874    1.000000   -2.505614   -3.802616   -0.664525
     0.559874    1.000000    5.157003   -0.577984   -4.200582
     0.559874    1.000000   -5.949640    6.209969    6.565846
     0.559874    1.000000   -0.885604    1.367497    1.319128
     0.559874    1.000000    2.920133    1.197502   -0.146771
     0.559874    1.000000    0.059951   -0.525973   -0.036642
     0.559874   -1.000000    6.383944    2.292544   -1.241492
     0.559874   -1.000000   -5.821431   -0.333267   -1.415160
     0.559874   -1.000000   -5.858780    7.683468   -6.129405
     0.559874   -1.000000    5.786113    3.986720   -5.411396
     0.559874   -1.000000    5.556436   -3.809839    7.321551
     0.559874   -1.000000    3.248955    1.450590    4.367169
     0.559874   -1.000000   -7.081298   -5.192266   -7.656203
     0.559874   -1.000000   -4.146796    3.860529    5.059107
     0.559874   -1.000000    2.469650    1.869554    5.093610
     0.559874   -1.000000   -8.148363    1.269947    7.506962
     0.559874   -1.000000    3.012287    3.649191   -6.526462
     0.559874   -1.000000   -5.813579   -4.812595    6.168055
     0.559874   -1.000000   -5.062004   -1.390611    2.191092
     0.559874   -1.000000    7.215220    6.901013   -6.308826
     0.559874   -1.000000   -6.212798    3.122965   -7.483783
     0.559874   -1.000000   -6.528711    2.588402    5.797099
     0.559874   -1.000000    6.549103   -0.081199   -3.823856
     0.559874   -1.000000    4.778141    0.062505   -6.734185
     0.559874   -1.000000   -4.769585   -3.220762   -7.320737
     0.559874   -1.000000   -3.654913    7.230760   -3.355695
     0.559874   -1.000000   -7.210598    5.667251    0.308893
     0.559874   -1.000000    6.618158   -4.395937   -3.587587
     0.559874   -1.000000   -4.819298   -1.658145    3.232723
     0.559874   -1.000000    4.147035    7.692812    2.484932
     0.559874   -1.000000    4.503356    4.885204    5.096185
     0.559874   -1.000000    7.869203    4.580646    6.294470
     0.559874   -1.000000   -2.619249   -7.531675    0.132770
     0.559874   -1.000000    3.529925    4.171245    7.672361
     0.559874   -1.000000    3.399041    7.806014   -3.565983
     0.559874   -1.000000    0.295153   -6.462499   -2.802245
     0.559874   -1.000000    1.999048   -1.243595   -7.886423
     0.559874   -1.000000   -4.065366   -0.098384   -2.982811
     0.559874   -1.000000   -8.061452   -7.348007    1.886697
     0.559874   -1.000000   -0.924154   -6.980184    6.875908
     0.559874   -1.000000    4.608143    2.741734    2.273730
     0.559874   -1.000000    3.772063    1.269595    7.840223
     0.559874   -1.000000    4.105317   -3.113305   -0.800836
     0.559874   -1.000000    3.983416   -2.429679    3.944040
     0.559874   -1.000000   -3.982952   -0.092522   -1.659761
     0.559874   -1.000000    1.177240   -5.689851    2.631328
     2.799370  -20.000000    1.131352    1.131352    1.131352
     2.799370  -20.000000   -1.131352   -1.131352   -1.131352
