 120,  4.1430679546691032
    23  -0.230052E+03  0.333280E+01  0.224207E+01  0.109073E+01  0.055
     0.559874    1.000000   -0.413222    0.172283   -0.483707
     0.559874    1.000000    3.487410   -7.434459   -6.489069
     0.559874    1.000000    0.723399   -4.747500    3.370723
     0.559874    1.000000   -7.993072    1.933382    0.784042
     0.559874    1.000000   -6.713347   -3.364589    0.187162
     0.559874    1.000000   -1.410366   -0.856689   -4.363315
     0.559874    1.000000   -0.920781    7.540382   -4.308977
     0.559874    1.000000    2.246137   -5.954808   -5.162531
     0.559874    1.000000    5.064150    1.248097    1.233438
     0.559874    1.000000    6.802239    0.771293    4.214910
     0.559874    1.000000   -5.626434   -6.118384   -0.010871
     0.559874    1.000000    6.757938    2.987774    6.579711
     0.559874    1.000000   -0.311935    2.098092    2.721582
     0.559874    1.000000    2.938058    0.519386    0.482933
     0.559874    1.000000    3.503915   -3.273120   -6.835640
     0.559874    1.000000    2.343874    1.354962    2.515850
     0.559874    1.000000    1.705141   -5.240610    2.629435
     0.559874    1.000000   -2.900602   -7.967330   -7.966203
     0.559874    1.000000    2.092345   -7.639534   -2.327571
     0.559874    1.000000   -5.905935   -1.848918   -1.354709
     0.559874    1.000000   -1.785648   -1.100781   -3.025347
     0.559874    1.000000    1.289560    3.115207    1.475647
     0.559874    1.000000   -3.758302   -1.256652    1.035813
     0.559874    1.000000   -6.799713   -4.747911    7.444677
     0.559874    1.000000   -1.144010    0.395563    1.607166
     0.559874    1.000000    7.509815   -2.714323    0.843269
     0.559874    1.000000   -3.156457    3.953856    1.140235
     0.559874    1.000000    7.259029   -5.134816   -4.594632
     0.559874    1.000000   -2.528234   -6.929055   -4.801674
     0.559874    1.000000    0.395327   -3.213621    1.013231
     0.559874    1.000000   -0.740968    3.380620   -0.684814
     0.559874    1.000000    0.810471    0.983073   -1.303793
     0.559874    1.000000   -4.090355   -6.663816    0.839206
     0.559874    1.000000   -6.650916    4.730411   -1.412609
     0.559874    1.000000   -0.615782   -0.109225   -7.998266
     0.559874    1.000000   -1.872184    0.652168   -2.741518
     0.559874    1.000000    3.681278    0.435218   -5.769668
     0.559874    1.000000    0.980550    2.792167    2.017990
     0.559874    1.000000   -7.176689    2.288169   -0.258437
     0.559874    1.000000   -2.004341   -4.956216    7.091340
     0.559874    1.000000    1.624694    1.927262    6.675298
     0.559874    1.000000    4.594034    4.367987    3.527624
     0.559874    1.000000    0.109026   -0.633543   -0.266548
     0.559874    1.000000    1.840733   -0.356480    0.504616
     0.559874    1.000000    0.246810   -0.499657   -1.674333
     0.559874    1.000000    8.067634    6.375899    7.249266
     0.559874    1.000000    2.986351   -2.793086    0.333221
     0.559874    1.000000   -0.927976   -1.058677    0.689228
     0.559874    1.000000   -0.830179   -2.460687   -7.089394
     0.559874    1.000000    0.085890   -7.612362   -3.769697
     0.559874    1.000000    5.929562   -0.929219   -4.218504
     0.559874    1.000000   -7.690081    0.316137   -2.741408
     0.559874    1.000000   -2.646119   -1.830158   -0.332614
     0.559874    1.000000    1.805227   -3.918913    4.720472
     0.559874    1.000000    0.427740    0.038570    2.162970
     0.559874    1.000000   -2.077782   -2.927062   -1.632231
     0.559874    1.000000    2.128492    4.687170    0.647499
     0.559874    1.000000    0.700851   -1.084897   -0.630153
     0.559874    1.000000    4.947461    4.439602   -3.571049
     0.559874    1.000000   -1.705965   -3.465676   -0.286782
     0.559874    1.000000   -4.212173    6.302647   -4.345420
     0.559874    1.000000    1.186003   -6.264783    4.447873
     0.559874    1.000000    7.706474    7.590635    5.743450
     0.559874    1.000000   -0.738398    1.251449    2.821210
     0.559874    1.000000    7.374419   -0.229882   -6.514072
     0.559874    1.000000   -7.979615   -6.066901    2.167557
     0.559874    1.000000   -1.864067    1.816051    0.171112
     0.559874    1.000000    7.093880   -0.178356    4.756486
     0.559874    1.000000    0.940287    0.269856   -0.424210
     0.559874    1.000000   -1.112139   -2.239922    0.203160
     0.559874    1.000000    3.996875    2.862604   -3.954861
     0.559874    1.000000    1.943375   -6.715205    7.206567
     0.559874    1.000000    0.464135    6.882597   -1.072470
     0.559874    1.000000   -1.081485    6.475652   -5.933700
     0.559874    1.000000    1.800013    2.049683   -2.472990
     0.559874    1.000000   -1.743914   -2.362080   -3.000990
     0.559874    1.000000    1.060280    2.916607    0.879811
     0.559874    1.000000   -3.945612   -2.868914   -5.981275
     0.559874    1.000000    0.258858   -0.488053    0.581801
     0.559874    1.000000    0.886854   -0.003130   -2.102050
     0.559874   -1.000000   -2.872844    6.330672   -3.664935
     0.559874   -1.000000    0.139227   -8.281280   -2.961905
     0.559874   -1.000000    0.203896    7.076277   -7.571108
     0.559874   -1.000000    5.620741   -0.434458   -7.039869
     0.559874   -1.000000    7.460256    3.318672    3.715884
     0.559874   -1.000000    6.189673    8.039264    4.244274
     0.559874   -1.000000    7.853031    8.166940   -7.026478
     0.559874   -1.000000    4.000021   -3.545414   -4.547001
     0.559874   -1.000000   -4.693323   -3.523162    5.768252
     0.559874   -1.000000    7.337904   -4.178774   -4.491778
     0.559874   -1.000000    1.134099   -7.607056    6.527876
     0.559874   -1.000000    5.213576   -3.936453   -0.228769
     0.559874   -1.000000   -0.330724   -4.355595   -6.465396
     0.559874   -1.000000    7.372290    5.391645   -5.084664
     0.559874   -1.000000   -6.729894   -3.303019    3.124672
     0.559874   -1.000000    2.940515   -6.955460   -6.729224
     0.559874   -1.000000   -6.569742   -8.020209   -3.968459
     0.559874   -1.000000    5.482481    2.652940   -4.067946
     0.559874   -1.000000    3.598675    5.566377   -0.715864
     0.559874   -1.000000   -7.763468    2.570659    0.544066
     0.559874   -1.000000    5.434547    3.337247    8.120998
     0.559874   -1.000000   -5.944827   -4.853161    0.517841
     0.559874   -1.000000    6.579792   -5.049634    4.096546
     0.559874   -1.000000   -2.960236   -3.045160   -5.713312
     0.559874   -1.000000   -5.974524    2.100447   -3.728562
     0.559874   -1.000000    3.587690    5.361133   -4.647467
     0.559874   -1.000000   -5.147453   -2.144919   -1.372233
     0.559874   -1.000000   -5.365542   -3.405392    7.181361
     0.559874   -1.000000   -4.749733   -4.284500    5.306062
     0.559874   -1.000000   -4.937424   -7.169230    0.243223
     0.559874   -1.000000   -0.390530   -5.036057   -1.365314
     0.559874   -1.000000    3.356462   -1.969120    5.192106
     0.559874   -1.000000    0.471914   -0.322425    5.697205
     0.559874   -1.000000    7.512779    0.357691    4.828924
     0.559874   -1.000000    4.646717   -3.624212    6.993922
     0.559874   -1.000000    1.069606    5.448579   -3.111564
     0.559874   -1.000000    7.594596    1.661363    4.975268
     0.559874   -1.000000   -5.929738   -4.632119   -6.018160
     0.559874   -1.000000    6.893502   -4.597197    4.455056
     0.559874   -1.000000    5.021067    5.005989   -3.611318
     2.799370  -20.000000    1.212163    1.212163    1.212163
     2.799370  -20.000000   -1.212163   -1.212163   -1.212163
