 120,  4.1430679546691032
    23  -0.227768E+03  0.154934E+01  0.101276E+01  0.536582E+00  0.051
     0.559874    1.000000   -1.281490    4.640073    2.701984
     0.559874    1.000000    5.117657   -2.824726   -4.803737
     0.559874    1.000000   -1.417066    0.853721   -0.975237
     0.559874    1.000000    2.984441    1.600752    2.245490
     0.559874    1.000000   -1.015921    3.486381    0.597442
     0.559874    1.000000    4.505127    1.172311   -0.329395
     0.559874    1.000000   -4.160879    5.379216   -2.320206
     0.559874    1.000000    4.561915   -1.050794    7.545992
     0.559874    1.000000    6.802106   -4.193941   -8.048561
     0.559874    1.000000    1.696851   -0.224455    1.326833
     0.559874    1.000000    0.525189    1.489799   -0.650914
     0.559874    1.000000   -3.485414   -1.422802   -4.521596
     0.559874    1.000000    1.123615    2.533241    2.969951
     0.559874    1.000000    1.451566    2.273914    5.707869
     0.559874    1.000000    2.165099    3.009592    1.303020
     0.559874    1.000000   -8.073321    7.448809   -1.499624
     0.559874    1.000000   -2.780646   -1.050652   -2.536247
     0.559874    1.000000   -0.144023   -0.559767   -0.602991
     0.559874    1.000000    6.782312   -3.391696   -2.613815
     0.559874    1.000000   -1.903646    1.657832   -4.770571
     0.559874    1.000000    1.205431    0.124340    3.282966
     0.559874    1.000000    4.739325    6.496869   -3.953204
     0.559874    1.000000    2.869411   -3.910431    3.682754
     0.559874    1.000000    1.842913    7.820911   -4.405101
     0.559874    1.000000   -1.494354   -4.232028   -1.140602
     0.559874    1.000000   -4.477876    4.585023    7.634873
     0.559874    1.000000   -7.849833    7.806198   -5.617165
     0.559874    1.000000   -5.838657    0.800267   -2.557434
     0.559874    1.000000   -5.638685    2.224691   -0.543267
     0.559874    1.000000    5.758594   -6.398735    2.712884
     0.559874    1.000000    7.682174    1.001195   -0.380581
     0.559874    1.000000   -4.029881   -4.375285    2.310859
     0.559874    1.000000   -2.253541   -7.253028   -1.632294
     0.559874    1.000000   -0.741958    0.017098   -0.185254
     0.559874    1.000000   -2.353887   -1.014257   -0.086914
     0.559874    1.000000   -0.543685   -3.796787   -2.282604
     0.559874    1.000000   -2.758301   -0.347498   -0.808258
     0.559874    1.000000   -1.398366    0.426072    3.720349
     0.559874    1.000000   -2.293538   -0.578735   -5.761803
     0.559874    1.000000    7.306853   -5.871839   -7.268390
     0.559874    1.000000    5.374487   -7.734026   -5.885711
     0.559874    1.000000   -7.186514   -5.911456   -4.069030
     0.559874    1.000000   -1.703966   -0.079193    4.637786
     0.559874    1.000000    2.308686    7.586105   -0.749107
     0.559874    1.000000    1.913891    2.672276    2.819775
     0.559874    1.000000    0.661852   -2.788411   -1.812143
     0.559874    1.000000   -0.200539   -1.035566    2.195441
     0.559874    1.000000    0.567333   -2.158343    7.985307
     0.559874    1.000000    1.293945    4.675382   -4.348601
     0.559874    1.000000   -0.103831   -2.178792   -2.452494
     0.559874    1.000000   -4.306953   -6.511382    7.989512
     0.559874    1.000000   -0.716170   -6.971346    3.265550
     0.559874    1.000000   -5.241581    0.623381   -8.066629
     0.559874    1.000000   -3.034153    7.558008    1.239058
     0.559874    1.000000   -6.304421    1.899387    2.597116
     0.559874    1.000000   -1.733266   -2.224789   -2.971326
     0.559874    1.000000    3.429258    3.552400    3.838765
     0.559874    1.000000   -0.085266    4.804216    3.165807
     0.559874    1.000000   -1.776929   -7.079223    2.366157
     0.559874    1.000000    0.084422    2.580550   -6.782512
     0.559874    1.000000    1.876737   -1.890613   -6.101789
     0.559874    1.000000   -0.630761    0.199196   -1.151938
     0.559874    1.000000   -3.506676   -2.492930   -0.487329
     0.559874    1.000000   -2.376939   -5.443025   -3.988106
     0.559874    1.000000    6.079296    4.237861   -0.697018
     0.559874    1.000000   -0.235446   -1.319152   -0.243824
     0.559874    1.000000   -0.631150    6.345390   -4.012902
     0.559874    1.000000    2.249213    0.165762    0.504703
     0.559874    1.000000   -7.316427   -2.482454   -7.160667
     0.559874    1.000000    2.902581   -3.818134   -5.090820
     0.559874    1.000000    3.865495    2.321481    7.051716
     0.559874    1.000000    0.771473   -1.190464    1.901328
     0.559874    1.000000   -2.646446    4.860557   -2.397403
     0.559874    1.000000    6.660800   -3.152038    6.228682
     0.559874    1.000000   -1.632457   -0.393508    0.093730
     0.559874    1.000000   -0.245850   -2.934715   -0.639006
     0.559874    1.000000    1.521982   -0.200797    0.642898
     0.559874    1.000000    1.672447    4.615702    0.418656
     0.559874    1.000000   -7.681846   -7.515759    5.539330
     0.559874    1.000000   -7.883485    2.694353    5.617233
     0.559874   -1.000000   -5.906390    6.654829   -1.710444
     0.559874   -1.000000   -7.506529   -5.137348    6.474465
     0.559874   -1.000000    7.327610   -4.989136    1.689384
     0.559874   -1.000000   -6.779521    1.877799   -0.931028
     0.559874   -1.000000    3.961755    8.012200    1.637350
     0.559874   -1.000000    7.859074   -7.714391   -5.091823
     0.559874   -1.000000    2.680507   -0.688858   -6.745960
     0.559874   -1.000000   -4.257067   -3.351418   -6.823973
     0.559874   -1.000000   -4.124269   -7.034933    2.861674
     0.559874   -1.000000   -3.963996    6.918578    1.839099
     0.559874   -1.000000   -4.870555    6.943021    6.371109
     0.559874   -1.000000    4.108180   -7.425485    7.136518
     0.559874   -1.000000    5.014226   -2.955518    5.481975
     0.559874   -1.000000    1.137592    7.927396   -6.811645
     0.559874   -1.000000   -2.439468    1.350016   -4.987369
     0.559874   -1.000000   -1.068753    3.111972   -3.357842
     0.559874   -1.000000   -5.478841    7.602259    4.301415
     0.559874   -1.000000    0.623936   -2.942273    7.234072
     0.559874   -1.000000    4.416036   -5.935604   -1.078398
     0.559874   -1.000000    0.146022   -5.173348   -5.771887
     0.559874   -1.000000   -4.535702    3.489679   -0.913968
     0.559874   -1.000000    0.360366   -0.892554    5.785027
     0.559874   -1.000000    6.410272    5.484332   -0.917362
     0.559874   -1.000000    6.215442    6.068437   -3.871281
     0.559874   -1.000000    2.679677    2.903428    4.833794
     0.559874   -1.000000    0.867867   -6.845588    4.964906
     0.559874   -1.000000    2.135376    0.856207    5.869252
     0.559874   -1.000000    6.410208   -2.880868    7.809898
     0.559874   -1.000000   -2.182149    1.488068   -7.210792
     0.559874   -1.000000   -6.419165   -0.249302   -4.918542
     0.559874   -1.000000    0.054751    2.553407    4.611261
     0.559874   -1.000000   -8.150438   -1.027325   -6.138224
     0.559874   -1.000000    6.213136   -4.409401   -6.919306
     0.559874   -1.000000    4.500065   -3.004550   -7.133200
     0.559874   -1.000000   -4.097937    4.920557    6.026388
     0.559874   -1.000000   -7.799586   -0.119369   -1.730822
     0.559874   -1.000000   -3.120609   -7.130507   -0.780996
     0.559874   -1.000000    3.355040    4.122277    6.609643
     0.559874   -1.000000   -8.239858   -6.813019   -4.975207
     0.559874   -1.000000   -8.080179   -3.684120    2.290376
     2.799370  -20.000000    1.454595    1.454595    1.454595
     2.799370  -20.000000   -1.454595   -1.454595   -1.454595
