 120,  4.1430679546691032
    23  -0.226810E+03  0.105099E+01  0.715152E+00  0.335833E+00  0.050
     0.559874    1.000000   -1.304615   -2.649697    6.793495
     0.559874    1.000000    1.443704    2.174147   -0.113693
     0.559874    1.000000    5.047375    1.047011    0.221282
     0.559874    1.000000   -3.308422   -5.359242   -0.873158
     0.559874    1.000000   -0.329937   -0.811567   -0.774252
     0.559874    1.000000   -3.457741   -4.584085    0.700800
     0.559874    1.000000   -0.392314    1.227370    3.244617
     0.559874    1.000000   -3.275689   -2.985439   -0.088584
     0.559874    1.000000   -0.639610    7.813207    2.595368
     0.559874    1.000000    1.875262    3.582854    3.214686
     0.559874    1.000000    3.022865    2.170614    5.196152
     0.559874    1.000000    4.041523    1.279068   -0.583219
     0.559874    1.000000    5.628604    6.855699    4.770544
     0.559874    1.000000    6.087117   -0.224738   -1.308001
     0.559874    1.000000   -1.950320    2.665152    2.651971
     0.559874    1.000000    6.040269    3.049191   -4.639596
     0.559874    1.000000   -0.463391    0.534076    0.230250
     0.559874    1.000000    1.240958    1.371587   -0.067292
     0.559874    1.000000   -0.134960   -6.088448    0.625385
     0.559874    1.000000   -0.647879   -2.840993   -3.449935
     0.559874    1.000000   -1.328617    0.902032   -1.044694
     0.559874    1.000000    2.338371    2.682578    0.335014
     0.559874    1.000000   -0.033269   -2.738094   -0.368827
     0.559874    1.000000   -2.170928    2.791809   -0.611234
     0.559874    1.000000   -1.949075   -6.739658    6.535637
     0.559874    1.000000   -0.124948    0.789319    1.362992
     0.559874    1.000000    0.550262   -5.936566   -1.438266
     0.559874    1.000000   -4.847321   -6.883985   -1.754535
     0.559874    1.000000   -2.429424   -5.585802   -1.124857
     0.559874    1.000000   -5.103279   -0.875396   -2.177067
     0.559874    1.000000    1.402948   -2.825833   -7.825889
     0.559874    1.000000    0.238920   -2.386765   -6.818180
     0.559874    1.000000    6.419944    0.942996    1.295432
     0.559874    1.000000   -1.938510   -2.619696   -0.269288
     0.559874    1.000000    5.992968    5.466767   -4.877351
     0.559874    1.000000    7.669881   -2.481336    2.072652
     0.559874    1.000000   -0.055245   -0.844457   -1.916727
     0.559874    1.000000   -0.354754   -0.404423   -1.441538
     0.559874    1.000000    7.583827   -5.631334    8.247245
     0.559874    1.000000    5.885670    5.213559    1.614264
     0.559874    1.000000    0.302395   -1.894159   -1.923397
     0.559874    1.000000   -4.318300    4.849392   -7.729205
     0.559874    1.000000   -6.549403   -4.724782   -8.055951
     0.559874    1.000000   -3.674678    2.935699    3.957278
     0.559874    1.000000    5.884652   -3.620616   -2.062083
     0.559874    1.000000   -5.261831   -5.442638   -2.859193
     0.559874    1.000000   -7.885380   -2.145245   -1.745840
     0.559874    1.000000    2.907714    0.790961    2.303936
     0.559874    1.000000    5.192700   -0.143967   -1.372489
     0.559874    1.000000   -5.655568   -2.207277   -7.801860
     0.559874    1.000000    4.296919   -0.898884    4.088412
     0.559874    1.000000    5.550465   -7.036502   -0.009414
     0.559874    1.000000   -2.840975   -5.312556    7.390506
     0.559874    1.000000    0.319215   -1.750690    0.803897
     0.559874    1.000000   -3.136665    0.564062   -2.042175
     0.559874    1.000000    6.180943   -5.248999    4.412874
     0.559874    1.000000    2.390805    3.815131   -4.630739
     0.559874    1.000000    1.299006    6.475465    7.676947
     0.559874    1.000000   -2.374226   -3.643630   -8.066566
     0.559874    1.000000    1.952946    0.070010    7.866494
     0.559874    1.000000   -1.594797   -0.706996   -3.382565
     0.559874    1.000000   -5.252439    5.769219   -8.072381
     0.559874    1.000000    0.905502    5.652488   -4.938709
     0.559874    1.000000   -1.914325   -3.351701   -6.540642
     0.559874    1.000000    4.449506   -4.609577    6.180885
     0.559874    1.000000   -7.743284   -2.856455   -7.184864
     0.559874    1.000000    6.989156   -4.430283    5.779914
     0.559874    1.000000    7.022819   -0.817929    2.626623
     0.559874    1.000000   -5.360847   -2.138906    3.619389
     0.559874    1.000000   -3.427603    5.673808    2.162965
     0.559874    1.000000   -4.531045    1.628018   -1.770116
     0.559874    1.000000    0.231250    1.149518    4.364349
     0.559874    1.000000    1.995508    0.029975    3.181813
     0.559874    1.000000   -1.639689   -3.263918   -1.184522
     0.559874    1.000000   -2.122590   -3.900380   -2.833040
     0.559874    1.000000   -1.878982   -2.952406   -2.772090
     0.559874    1.000000   -0.138176    2.514226   -3.694984
     0.559874    1.000000    3.843089    5.805213   -0.930466
     0.559874    1.000000   -2.201249    0.303620   -0.853772
     0.559874    1.000000    3.729715    2.610318    0.293688
     0.559874   -1.000000    1.187041   -5.116862   -0.518914
     0.559874   -1.000000    4.008076    1.932121    5.276577
     0.559874   -1.000000   -2.483208   -6.375347   -0.117936
     0.559874   -1.000000   -3.334318   -5.715816   -1.553090
     0.559874   -1.000000   -2.484553    7.771079    5.782016
     0.559874   -1.000000    0.675333    6.587890    1.272113
     0.559874   -1.000000    0.580106    5.326199   -4.117049
     0.559874   -1.000000    4.421398    6.635015   -1.586057
     0.559874   -1.000000   -1.552259    5.782149    2.570791
     0.559874   -1.000000    7.505224   -7.492561   -0.052361
     0.559874   -1.000000   -7.513039    2.789301   -0.370498
     0.559874   -1.000000   -1.232760   -2.283079   -7.544870
     0.559874   -1.000000    2.259800   -2.671572    4.194213
     0.559874   -1.000000    4.569183    4.085445   -1.643428
     0.559874   -1.000000   -6.301331   -3.463827   -1.597481
     0.559874   -1.000000    6.801091   -2.244863   -2.902742
     0.559874   -1.000000    0.241674   -7.527094    2.753947
     0.559874   -1.000000   -7.149341   -4.329749    5.286709
     0.559874   -1.000000    6.956057   -2.322289    4.132314
     0.559874   -1.000000    6.700209   -1.614516    0.844186
     0.559874   -1.000000    2.832874   -6.545601   -0.238585
     0.559874   -1.000000    7.731859   -6.252381    4.061182
     0.559874   -1.000000    4.927771   -7.952576    7.783106
     0.559874   -1.000000   -5.976147   -0.651417   -7.721707
     0.559874   -1.000000   -7.844097   -2.119078    5.369026
     0.559874   -1.000000   -4.275753   -5.726580   -1.510800
     0.559874   -1.000000   -4.071694    3.296622   -7.789004
     0.559874   -1.000000   -0.954855    5.985495   -6.133513
     0.559874   -1.000000   -0.996000    2.810716   -5.890879
     0.559874   -1.000000    7.672087   -5.361622   -0.792238
     0.559874   -1.000000   -3.698202   -6.993746   -0.152580
     0.559874   -1.000000   -2.839068   -2.744993   -8.167783
     0.559874   -1.000000    7.127761    4.251366    6.597336
     0.559874   -1.000000    8.137795   -3.012926   -5.205962
     0.559874   -1.000000    5.169053   -3.060283   -1.488436
     0.559874   -1.000000   -7.351601    0.808160    1.080568
     0.559874   -1.000000    1.620294   -1.631097   -6.696417
     0.559874   -1.000000   -7.765429   -3.957960   -7.876944
     0.559874   -1.000000   -6.641456   -6.091941    5.651492
     0.559874   -1.000000    3.255123   -7.742303   -7.119597
     2.799370  -20.000000    1.616217    1.616217    1.616217
     2.799370  -20.000000   -1.616217   -1.616217   -1.616217
