 120,  4.1430679546691032
    23  -0.226159E+03  0.745027E+00  0.504336E+00  0.240691E+00  0.050
     0.559874    1.000000   -8.019211    4.747799   -3.740241
     0.559874    1.000000    2.641577    3.770788    4.869978
     0.559874    1.000000   -0.572420    7.385127   -5.058178
     0.559874    1.000000   -2.112375   -1.935674    0.050782
     0.559874    1.000000    1.280141    8.145953    6.066340
     0.559874    1.000000   -7.777756   -3.436093    5.484996
     0.559874    1.000000   -0.061543    3.023928    2.546851
     0.559874    1.000000    0.719369   -4.738408   -4.804492
     0.559874    1.000000    4.992386    1.637890   -6.941316
     0.559874    1.000000   -1.408524   -2.304813    3.549897
     0.559874    1.000000   -7.973166    0.143831   -7.008076
     0.559874    1.000000   -5.619182    7.603660   -2.730827
     0.559874    1.000000   -0.567698    6.660038    6.444312
     0.559874    1.000000    1.215775    0.580371    2.830387
     0.559874    1.000000   -0.658942   -0.835948    4.276052
     0.559874    1.000000   -6.956856    3.600348   -0.588590
     0.559874    1.000000    1.854889    2.917182   -3.126297
     0.559874    1.000000   -1.129349    3.748210   -1.514598
     0.559874    1.000000   -6.249000    7.590277    5.386679
     0.559874    1.000000    6.339841   -4.337806    5.258510
     0.559874    1.000000    2.461696   -4.708287    2.026352
     0.559874    1.000000   -1.393152    0.823946    3.404501
     0.559874    1.000000   -1.477024    1.428834   -1.194906
     0.559874    1.000000    4.640810   -7.804164   -4.771800
     0.559874    1.000000   -2.905348    7.874397    5.339431
     0.559874    1.000000   -2.187818   -0.151322   -1.014437
     0.559874    1.000000    0.893795    0.830332    0.165647
     0.559874    1.000000    0.214392    2.260424    2.331336
     0.559874    1.000000    0.781494   -2.086120   -3.665823
     0.559874    1.000000    7.114581   -5.219742   -2.348952
     0.559874    1.000000    3.571613    4.817779    3.735764
     0.559874    1.000000    6.411443   -3.889423    2.297662
     0.559874    1.000000    3.927078    1.738733    0.304078
     0.559874    1.000000   -2.396286   -2.487131   -0.151247
     0.559874    1.000000   -3.373518   -3.284348   -0.512787
     0.559874    1.000000    3.001414   -7.021682   -7.323101
     0.559874    1.000000   -0.763819   -1.011531   -0.356133
     0.559874    1.000000    3.475905   -0.569624   -0.244271
     0.559874    1.000000    0.570110    0.732869    2.946486
     0.559874    1.000000   -0.236962   -3.201108   -1.319705
     0.559874    1.000000   -6.343240    5.788212    0.079227
     0.559874    1.000000    6.221126    5.129627   -6.049943
     0.559874    1.000000   -3.162986   -4.232375   -2.092028
     0.559874    1.000000   -1.732777    1.810727    2.675699
     0.559874    1.000000    1.068358   -7.176592    3.932475
     0.559874    1.000000    1.917927    7.291330    0.680607
     0.559874    1.000000   -1.372136   -0.661602    0.604989
     0.559874    1.000000   -1.244759    3.844897    1.942774
     0.559874    1.000000   -0.162892   -1.819153   -1.060822
     0.559874    1.000000    1.958430    1.862715   -3.042886
     0.559874    1.000000    1.736991   -0.802283   -3.342276
     0.559874    1.000000   -1.263903   -0.710884   -3.057534
     0.559874    1.000000    2.419395    0.368054    2.647235
     0.559874    1.000000    0.458421   -2.430494    1.162947
     0.559874    1.000000    6.347637   -7.619251    6.256582
     0.559874    1.000000   -1.285470   -2.351821   -3.992070
     0.559874    1.000000   -3.159589    5.142375   -7.522873
     0.559874    1.000000   -4.651448   -4.501627   -8.062229
     0.559874    1.000000   -2.692651    4.520032   -2.020329
     0.559874    1.000000    0.517972   -2.257148   -1.742093
     0.559874    1.000000    0.341452    2.437525    1.003318
     0.559874    1.000000    3.957529   -0.929866   -7.969502
     0.559874    1.000000   -6.453630    3.980092   -7.201232
     0.559874    1.000000   -0.833183   -3.167037    3.130989
     0.559874    1.000000    3.278225    2.467960    1.018480
     0.559874    1.000000   -5.044778    3.786499    1.444936
     0.559874    1.000000   -5.487650    1.064497   -6.169122
     0.559874    1.000000    7.990719   -4.994548   -4.145945
     0.559874    1.000000    3.525540    3.092101    3.573320
     0.559874    1.000000   -2.403042   -8.019223   -6.455694
     0.559874    1.000000    0.620572   -6.696010    6.275401
     0.559874    1.000000   -2.847849   -3.205517   -3.135514
     0.559874    1.000000    4.802492    7.849059   -6.317775
     0.559874    1.000000   -0.529191    1.516619    1.182962
     0.559874    1.000000   -7.198200   -6.454851   -8.207939
     0.559874    1.000000    1.356679   -5.717043   -1.965306
     0.559874    1.000000   -4.614693    1.854501   -4.486836
     0.559874    1.000000   -0.346318   -8.157092   -1.400493
     0.559874    1.000000   -2.880304   -0.389190   -5.636301
     0.559874    1.000000    3.544034   -5.138218    1.338960
     0.559874   -1.000000    0.972121    5.179939    4.496569
     0.559874   -1.000000    5.710094    0.893585   -1.394105
     0.559874   -1.000000   -5.589845   -1.398541    6.116555
     0.559874   -1.000000   -5.172539   -6.158332   -7.442144
     0.559874   -1.000000   -6.059994   -0.401478   -5.170541
     0.559874   -1.000000    0.772665   -7.886948    0.007315
     0.559874   -1.000000   -7.985528   -0.645439   -5.151070
     0.559874   -1.000000   -0.959443   -8.221712    0.355080
     0.559874   -1.000000    0.288972    6.779625   -7.978023
     0.559874   -1.000000   -0.732762    2.759486   -3.351870
     0.559874   -1.000000   -2.089603    6.822047   -0.470172
     0.559874   -1.000000    2.886945    4.072807    4.369745
     0.559874   -1.000000    2.782402   -7.768858   -6.667157
     0.559874   -1.000000   -3.254353   -6.758736   -0.082427
     0.559874   -1.000000    0.064672   -6.185792    6.248654
     0.559874   -1.000000    3.969298   -0.414539   -1.447014
     0.559874   -1.000000    7.229235   -6.338060    7.902445
     0.559874   -1.000000   -5.473226    4.171732    2.654569
     0.559874   -1.000000   -2.548634    7.392025    5.118066
     0.559874   -1.000000    1.632674   -1.599111   -3.230799
     0.559874   -1.000000   -1.039204   -0.979899    2.649311
     0.559874   -1.000000   -1.143255   -6.033327   -7.646697
     0.559874   -1.000000   -2.433151   -7.887273   -5.265431
     0.559874   -1.000000    7.967840    4.477767    5.767827
     0.559874   -1.000000   -7.340759    6.257685   -1.348391
     0.559874   -1.000000   -2.324203    7.747632    0.119741
     0.559874   -1.000000    7.873442    0.229382    0.691508
     0.559874   -1.000000   -4.284141    1.248271    6.801564
     0.559874   -1.000000   -0.931215    7.792190   -7.722712
     0.559874   -1.000000    5.931159   -2.469536    1.707558
     0.559874   -1.000000   -6.220645    1.713015   -0.294736
     0.559874   -1.000000    2.706498   -4.191130    2.138337
     0.559874   -1.000000    1.252242   -7.354502   -1.135814
     0.559874   -1.000000    0.811346   -6.359981    2.326457
     0.559874   -1.000000    6.122810    0.335349    6.185356
     0.559874   -1.000000    6.101001   -6.039297    4.976081
     0.559874   -1.000000   -5.084186    7.703715   -0.672700
     0.559874   -1.000000   -1.638709    3.772804   -8.169005
     0.559874   -1.000000   -2.888645    2.075201   -5.876777
     0.559874   -1.000000   -6.344579    3.731979   -7.856316
     2.799370  -20.000000    1.777839    1.777839    1.777839
     2.799370  -20.000000   -1.777839   -1.777839   -1.777839
