  1.05    0    -230.96     27.77     13.86     13.92  0.09 0.0050
  1.05    0    -230.11     26.94     12.47     14.47  0.08 0.0050
  1.05    0    -229.56     28.21     13.75     14.46  0.09 0.0050
  1.05    0    -229.00     28.96     14.26     14.70  0.09 0.0050
  1.05    0    -229.10     29.09     14.37     14.72  0.09 0.0050
  1.05    0    -229.24     28.94     14.24     14.69  0.09 0.0050
  1.05    0    -229.63     28.32     13.62     14.70  0.09 0.0050
  1.05    0    -229.80     28.13     13.58     14.55  0.09 0.0050
  1.05    0    -229.68     27.80     13.25     14.55  0.09 0.0050
  1.05    1    -229.75     27.67     13.13     14.54  0.09 0.0050
  1.05    1    -229.70     27.62     13.09     14.54  0.09 0.0050
  1.05    1    -229.63     27.77     13.31     14.47  0.09 0.0050
  1.05    1    -229.67     27.79     13.24     14.56  0.09 0.0050
  1.05    1    -229.75     27.88     13.32     14.56  0.09 0.0050
  1.05    1    -229.67     27.70     13.12     14.58  0.09 0.0050
  1.05    1    -229.67     27.76     13.22     14.54  0.09 0.0050
  1.05    1    -229.68     27.89     13.30     14.59  0.09 0.0050
  1.05    1    -229.70     27.72     13.13     14.60  0.09 0.0050
  1.05    1    -229.69     27.79     13.19     14.60  0.09 0.0050
  1.05    2    -229.65     27.94     13.35     14.59  0.09 0.0050
  1.05    2    -229.68     28.04     13.47     14.58  0.09 0.0050
  1.05    2    -229.71     28.21     13.64     14.57  0.09 0.0050
  1.05    2    -229.71     28.21     13.62     14.59  0.09 0.0050
  1.05    2    -229.70     28.07     13.50     14.58  0.09 0.0050
  1.05    2    -229.70     28.26     13.66     14.60  0.09 0.0050
  1.05    2    -229.75     28.11     13.52     14.59  0.09 0.0050
  1.05    2    -229.78     27.83     13.24     14.59  0.09 0.0050
  1.05    2    -229.82     27.73     13.16     14.57  0.09 0.0050
  1.05    2    -229.82     27.84     13.27     14.57  0.09 0.0050
  1.05    3    -229.82     27.84     13.29     14.55  0.09 0.0050
  1.05    3    -229.79     27.90     13.34     14.56  0.09 0.0050
  1.05    3    -229.81     28.05     13.47     14.58  0.09 0.0050
  1.05    3    -229.81     28.12     13.55     14.56  0.09 0.0050
  1.05    3    -229.82     27.98     13.42     14.56  0.09 0.0050
  1.05    3    -229.86     28.05     13.50     14.55  0.09 0.0050
  1.05    3    -229.88     28.18     13.62     14.56  0.09 0.0050
  1.05    3    -229.87     28.16     13.60     14.56  0.09 0.0050
  1.05    3    -229.86     28.09     13.54     14.55  0.09 0.0050
  1.05    3    -229.90     28.07     13.51     14.56  0.09 0.0050
  1.05    4    -229.92     28.15     13.60     14.55  0.09 0.0050
  1.05    4    -229.94     28.31     13.77     14.54  0.09 0.0050
  1.05    4    -229.96     28.41     13.89     14.52  0.09 0.0050
  1.05    4    -229.94     28.45     13.91     14.54  0.09 0.0050
  1.05    4    -229.95     28.34     13.81     14.53  0.09 0.0050
  1.05    4    -229.95     28.45     13.92     14.53  0.09 0.0050
  1.05    4    -229.95     28.60     14.06     14.54  0.09 0.0050
  1.05    4    -229.95     28.53     13.99     14.54  0.09 0.0050
  1.05    4    -229.96     28.68     14.15     14.52  0.09 0.0050
  1.05    4    -229.96     28.72     14.20     14.52  0.09 0.0050
  1.05    5    -229.96     28.79     14.27     14.53  0.09 0.0050
  1.05    5    -229.96     28.84     14.32     14.52  0.09 0.0050
  1.05    5    -229.94     28.79     14.27     14.53  0.09 0.0050
  1.05    5    -229.94     28.76     14.23     14.53  0.09 0.0050
  1.05    5    -229.94     28.87     14.34     14.53  0.09 0.0050
  1.05    5    -229.93     28.98     14.46     14.52  0.09 0.0050
  1.05    5    -229.93     28.86     14.33     14.53  0.09 0.0050
  1.05    5    -229.94     28.84     14.32     14.52  0.09 0.0050
  1.05    5    -229.94     28.72     14.21     14.51  0.09 0.0050
  1.05    5    -229.94     28.70     14.18     14.52  0.09 0.0050
  1.05    6    -229.94     28.56     14.04     14.52  0.09 0.0050
  1.05    6    -229.94     28.57     14.05     14.52  0.09 0.0050
  1.05    6    -229.94     28.64     14.12     14.52  0.09 0.0050
  1.05    6    -229.93     28.58     14.07     14.52  0.09 0.0050
  1.05    6    -229.93     28.56     14.04     14.52  0.09 0.0050
  1.05    6    -229.92     28.52     14.00     14.51  0.09 0.0050
  1.05    6    -229.92     28.29     13.78     14.51  0.09 0.0050
  1.05    6    -229.91     28.31     13.79     14.51  0.09 0.0050
  1.05    6    -229.91     28.17     13.64     14.53  0.09 0.0050
  1.05    6    -229.92     28.21     13.69     14.52  0.09 0.0050
  1.05    7    -229.93     28.17     13.65     14.52  0.09 0.0050
  1.05    7    -229.93     28.19     13.67     14.52  0.09 0.0050
  1.05    7    -229.92     28.20     13.67     14.53  0.09 0.0050
  1.05    7    -229.92     28.13     13.60     14.53  0.09 0.0050
  1.05    7    -229.91     28.26     13.74     14.52  0.09 0.0050
  1.05    7    -229.91     28.31     13.79     14.53  0.09 0.0050
  1.05    7    -229.91     28.39     13.86     14.52  0.09 0.0050
  1.05    7    -229.92     28.28     13.76     14.52  0.09 0.0050
  1.05    7    -229.93     28.28     13.77     14.51  0.09 0.0050
  1.05    7    -229.92     28.16     13.65     14.51  0.09 0.0050
  1.05    7    -229.91     28.08     13.56     14.52  0.09 0.0050
  1.05    7    -229.91     28.21     13.69     14.52  0.09 0.0050
  1.05    7    -229.91     28.16     13.65     14.51  0.09 0.0050
  1.05    7    -229.91     28.05     13.54     14.51  0.09 0.0050
  1.05    7    -229.92     28.10     13.59     14.51  0.09 0.0050
  1.05    8    -229.91     28.15     13.63     14.51  0.09 0.0050
  1.05    8    -229.92     28.15     13.63     14.52  0.09 0.0050
  1.05    8    -229.93     28.48     13.97     14.51  0.09 0.0050
  1.05    8    -229.94     28.50     13.99     14.50  0.09 0.0050
  1.05    8    -229.94     28.52     14.02     14.50  0.09 0.0050
  1.05    8    -229.95     28.57     14.07     14.50  0.09 0.0050
  1.05    8    -229.94     28.58     14.08     14.50  0.09 0.0050
  1.05    8    -229.93     28.68     14.17     14.50  0.09 0.0050
  1.05    8    -229.94     28.66     14.16     14.50  0.09 0.0050
  1.05    8    -229.94     28.61     14.12     14.49  0.09 0.0050
  1.05    9    -229.93     28.67     14.17     14.50  0.09 0.0050
  1.05    9    -229.93     28.78     14.28     14.50  0.09 0.0050
  1.05    9    -229.94     28.68     14.17     14.51  0.09 0.0050
  1.05    9    -229.94     28.69     14.18     14.51  0.09 0.0050
  1.05    9    -229.94     28.58     14.08     14.50  0.09 0.0050
  1.05    9    -229.95     28.66     14.16     14.50  0.09 0.0050
  1.05    9    -229.95     28.62     14.13     14.50  0.09 0.0050
  1.05    9    -229.95     28.70     14.20     14.50  0.09 0.0050
  1.05    9    -229.95     28.71     14.21     14.50  0.09 0.0050
  1.05    9    -229.95     28.73     14.23     14.50  0.09 0.0050
  1.05   10    -229.95     28.72     14.22     14.50  0.09 0.0050
  1.05   10    -229.94     28.67     14.18     14.50  0.09 0.0050
  1.05   10    -229.94     28.77     14.27     14.50  0.09 0.0050
  1.05   10    -229.94     28.85     14.36     14.49  0.09 0.0050
  1.05   10    -229.95     28.83     14.34     14.49  0.09 0.0050
  1.05   10    -229.95     28.85     14.36     14.49  0.09 0.0050
  1.05   10    -229.95     28.90     14.41     14.49  0.09 0.0050
  1.05   10    -229.95     28.94     14.43     14.50  0.09 0.0050
  1.05   10    -229.95     28.96     14.46     14.50  0.09 0.0050
  1.05   10    -229.94     28.95     14.45     14.50  0.09 0.0050
  1.05   11    -229.95     29.04     14.55     14.49  0.09 0.0050
  1.05   11    -229.94     29.02     14.52     14.50  0.09 0.0050
  1.05   11    -229.95     28.98     14.49     14.50  0.09 0.0050
  1.05   11    -229.95     28.90     14.40     14.50  0.09 0.0050
  1.05   11    -229.94     28.88     14.38     14.50  0.09 0.0050
  1.05   11    -229.94     28.98     14.48     14.50  0.09 0.0050
  1.05   11    -229.94     28.99     14.49     14.50  0.09 0.0050
  1.05   11    -229.95     29.05     14.55     14.50  0.09 0.0050
  1.05   11    -229.95     29.06     14.56     14.50  0.09 0.0050
  1.05   11    -229.95     29.03     14.54     14.49  0.09 0.0050
  1.05   12    -229.95     29.01     14.51     14.50  0.09 0.0050
  1.05   12    -229.95     28.96     14.46     14.50  0.09 0.0050
  1.05   12    -229.96     29.07     14.57     14.50  0.09 0.0050
  1.05   12    -229.95     29.03     14.52     14.50  0.09 0.0050
  1.05   12    -229.95     29.07     14.57     14.50  0.09 0.0050
  1.05   12    -229.95     29.00     14.49     14.50  0.09 0.0050
  1.05   12    -229.95     29.02     14.53     14.50  0.09 0.0050
  1.05   12    -229.95     29.00     14.50     14.50  0.09 0.0050
  1.05   12    -229.95     28.97     14.47     14.50  0.09 0.0050
  1.05   12    -229.95     29.00     14.50     14.50  0.09 0.0050
  1.05   13    -229.94     29.06     14.55     14.51  0.09 0.0050
  1.05   13    -229.94     29.02     14.51     14.51  0.09 0.0050
  1.05   13    -229.95     28.95     14.45     14.51  0.09 0.0050
  1.05   13    -229.94     28.85     14.35     14.51  0.09 0.0050
  1.05   13    -229.94     28.84     14.33     14.51  0.09 0.0050
  1.05   13    -229.95     28.84     14.33     14.51  0.09 0.0050
  1.05   13    -229.95     28.86     14.35     14.50  0.09 0.0050
  1.05   13    -229.95     28.86     14.35     14.51  0.09 0.0050
  1.05   13    -229.94     28.86     14.36     14.51  0.09 0.0050
  1.05   13    -229.95     28.85     14.35     14.51  0.09 0.0050
  1.05   14    -229.94     28.84     14.33     14.51  0.09 0.0050
  1.05   14    -229.94     28.85     14.34     14.51  0.09 0.0050
  1.05   14    -229.94     28.87     14.36     14.51  0.09 0.0050
  1.05   14    -229.94     29.00     14.50     14.51  0.09 0.0050
  1.05   14    -229.94     28.98     14.47     14.51  0.09 0.0050
  1.05   14    -229.94     29.00     14.49     14.50  0.09 0.0050
  1.05   14    -229.95     29.05     14.55     14.50  0.09 0.0050
  1.05   14    -229.94     29.00     14.49     14.50  0.09 0.0050
  1.05   14    -229.95     28.97     14.48     14.50  0.09 0.0050
  1.05   14    -229.95     28.99     14.49     14.50  0.09 0.0050
  1.05   15    -229.95     29.08     14.58     14.49  0.09 0.0050
  1.05   15    -229.95     29.19     14.69     14.49  0.09 0.0050
  1.05   15    -229.95     29.18     14.68     14.50  0.09 0.0050
  1.05   15    -229.95     29.13     14.64     14.49  0.09 0.0050
  1.05   15    -229.95     29.12     14.63     14.49  0.09 0.0050
  1.05   15    -229.95     29.15     14.65     14.49  0.09 0.0050
  1.05   15    -229.95     29.17     14.68     14.49  0.09 0.0050
  1.05   15    -229.95     29.22     14.73     14.49  0.09 0.0050
  1.05   15    -229.95     29.21     14.71     14.50  0.09 0.0050
  1.05   15    -229.95     29.24     14.75     14.50  0.09 0.0050
  1.05   16    -229.96     29.32     14.82     14.50  0.09 0.0050
  1.05   16    -229.96     29.26     14.77     14.50  0.09 0.0050
  1.05   16    -229.97     29.26     14.77     14.49  0.09 0.0050
  1.05   16    -229.96     29.21     14.71     14.49  0.09 0.0050
  1.05   16    -229.97     29.19     14.69     14.49  0.09 0.0050
  1.05   16    -229.97     29.22     14.72     14.50  0.09 0.0050
  1.05   16    -229.96     29.21     14.72     14.50  0.09 0.0050
  1.05   16    -229.97     29.25     14.75     14.50  0.09 0.0050
  1.05   16    -229.97     29.38     14.89     14.49  0.09 0.0050
  1.05   16    -229.97     29.31     14.82     14.49  0.09 0.0050
  1.05   17    -229.97     29.32     14.83     14.49  0.09 0.0050
  1.05   17    -229.96     29.31     14.81     14.50  0.09 0.0050
  1.05   17    -229.96     29.34     14.84     14.50  0.09 0.0050
  1.05   17    -229.96     29.28     14.78     14.50  0.09 0.0050
  1.05   17    -229.96     29.33     14.83     14.50  0.09 0.0050
  1.05   17    -229.96     29.36     14.86     14.50  0.09 0.0050
  1.05   17    -229.96     29.38     14.88     14.50  0.09 0.0050
  1.05   17    -229.96     29.37     14.87     14.50  0.09 0.0050
  1.05   17    -229.96     29.36     14.86     14.50  0.09 0.0050
  1.05   17    -229.97     29.30     14.80     14.50  0.09 0.0050
  1.05   18    -229.96     29.32     14.82     14.50  0.09 0.0050
  1.05   18    -229.96     29.32     14.83     14.50  0.09 0.0050
  1.05   18    -229.97     29.33     14.84     14.50  0.09 0.0050
  1.05   18    -229.97     29.36     14.86     14.50  0.09 0.0050
  1.05   18    -229.97     29.41     14.91     14.49  0.09 0.0050
  1.05   18    -229.96     29.38     14.88     14.50  0.09 0.0050
  1.05   18    -229.96     29.36     14.86     14.50  0.09 0.0050
  1.05   18    -229.96     29.41     14.91     14.50  0.09 0.0050
  1.05   18    -229.96     29.35     14.85     14.50  0.09 0.0050
  1.05   18    -229.96     29.33     14.83     14.51  0.09 0.0050
  1.05   19    -229.96     29.34     14.84     14.50  0.09 0.0050
  1.05   19    -229.96     29.31     14.80     14.50  0.09 0.0050
  1.05   19    -229.96     29.31     14.81     14.50  0.09 0.0050
  1.05   19    -229.96     29.32     14.82     14.50  0.09 0.0050
  1.05   19    -229.96     29.36     14.86     14.50  0.09 0.0050
  1.05   19    -229.96     29.29     14.78     14.50  0.09 0.0050
  1.05   19    -229.96     29.28     14.78     14.50  0.09 0.0050
  1.05   19    -229.96     29.26     14.76     14.50  0.09 0.0050
  1.05   19    -229.95     29.27     14.77     14.50  0.09 0.0050
  1.05   19    -229.96     29.34     14.84     14.50  0.09 0.0050
  1.05   20    -229.96     29.37     14.87     14.50  0.09 0.0050
  1.05   20    -229.96     29.37     14.87     14.50  0.09 0.0050
  1.05   20    -229.96     29.42     14.92     14.50  0.09 0.0050
  1.05   20    -229.96     29.41     14.91     14.50  0.09 0.0050
  1.05   20    -229.96     29.41     14.91     14.50  0.09 0.0050
  1.05   20    -229.96     29.42     14.92     14.50  0.09 0.0050
  1.05   20    -229.96     29.38     14.88     14.50  0.09 0.0050
  1.05   20    -229.96     29.32     14.82     14.50  0.09 0.0050
  1.05   20    -229.96     29.30     14.80     14.50  0.09 0.0050
  1.05   20    -229.96     29.26     14.76     14.50  0.09 0.0050
  1.05   21    -229.97     29.31     14.80     14.50  0.09 0.0050
  1.05   21    -229.97     29.28     14.78     14.50  0.09 0.0050
  1.05   21    -229.98     29.28     14.79     14.50  0.09 0.0050
  1.05   21    -229.97     29.20     14.71     14.50  0.09 0.0050
  1.05   21    -229.97     29.17     14.67     14.50  0.09 0.0050
  1.05   21    -229.98     29.25     14.75     14.49  0.09 0.0050
  1.05   21    -229.98     29.22     14.72     14.49  0.09 0.0050
  1.05   21    -229.98     29.25     14.76     14.49  0.09 0.0050
  1.05   21    -229.97     29.29     14.80     14.49  0.09 0.0050
  1.05   21    -229.97     29.28     14.79     14.49  0.09 0.0050
  1.05   22    -229.97     29.25     14.76     14.49  0.09 0.0050
  1.05   22    -229.98     29.23     14.74     14.49  0.09 0.0050
  1.05   22    -229.98     29.20     14.71     14.49  0.09 0.0050
  1.05   22    -229.98     29.24     14.75     14.49  0.09 0.0050
  1.05   22    -229.98     29.33     14.85     14.49  0.09 0.0050
  1.05   22    -229.97     29.36     14.88     14.49  0.09 0.0050
  1.05   22    -229.98     29.36     14.87     14.49  0.09 0.0050
  1.05   22    -229.98     29.34     14.86     14.49  0.09 0.0050
  1.05   22    -229.98     29.36     14.88     14.48  0.09 0.0050
  1.05   22    -229.97     29.37     14.88     14.49  0.09 0.0050
  1.05   23    -229.97     29.35     14.86     14.49  0.09 0.0050
