  2.50    0    -224.93      0.33      1.64     -1.31  0.05 0.0050
  2.50    0    -225.55     -0.46      0.73     -1.19  0.05 0.0050
  2.50    0    -224.96     -0.06      0.49     -0.55  0.05 0.0050
  2.50    0    -224.67     -0.05      0.23     -0.28  0.05 0.0050
  2.50    0    -224.96     -0.05      0.26     -0.32  0.05 0.0050
  2.50    0    -224.96      0.02      0.20     -0.18  0.05 0.0050
  2.50    0    -224.93      0.25      0.42     -0.17  0.05 0.0050
  2.50    0    -224.82      0.35      0.45     -0.10  0.05 0.0050
  2.50    0    -225.01      0.44      0.57     -0.13  0.05 0.0050
  2.50    1    -225.12      0.61      0.68     -0.06  0.05 0.0050
  2.50    1    -225.01      0.58      0.63     -0.04  0.05 0.0050
  2.50    1    -225.01      0.66      0.69     -0.03  0.05 0.0050
  2.50    1    -225.01      0.76      0.71      0.05  0.05 0.0050
  2.50    1    -225.13      0.75      0.71      0.03  0.05 0.0050
  2.50    1    -225.16      0.62      0.57      0.04  0.05 0.0050
  2.50    1    -225.37      0.50      0.46      0.03  0.05 0.0050
  2.50    1    -225.36      0.41      0.39      0.03  0.05 0.0050
  2.50    1    -225.33      0.46      0.45      0.01  0.05 0.0050
  2.50    1    -225.34      0.38      0.41     -0.03  0.05 0.0050
  2.50    2    -225.32      0.36      0.36      0.00  0.05 0.0050
  2.50    2    -225.30      0.37      0.36      0.01  0.05 0.0050
  2.50    2    -225.38      0.35      0.35     -0.00  0.05 0.0050
  2.50    2    -225.41      0.25      0.24      0.01  0.05 0.0050
  2.50    2    -225.43      0.26      0.24      0.02  0.05 0.0050
  2.50    2    -225.44      0.24      0.20      0.03  0.05 0.0050
  2.50    2    -225.45      0.27      0.27      0.00  0.05 0.0050
  2.50    2    -225.48      0.34      0.35     -0.01  0.05 0.0050
  2.50    2    -225.53      0.41      0.42     -0.01  0.05 0.0050
  2.50    2    -225.50      0.33      0.37     -0.05  0.05 0.0050
  2.50    3    -225.55      0.29      0.34     -0.05  0.05 0.0050
  2.50    3    -225.57      0.29      0.33     -0.04  0.05 0.0050
  2.50    3    -225.58      0.28      0.32     -0.04  0.05 0.0050
  2.50    3    -225.57      0.27      0.30     -0.03  0.05 0.0050
  2.50    3    -225.55      0.22      0.24     -0.02  0.05 0.0050
  2.50    3    -225.57      0.25      0.26     -0.01  0.05 0.0050
  2.50    3    -225.58      0.29      0.29     -0.01  0.05 0.0050
  2.50    3    -225.56      0.33      0.32      0.01  0.05 0.0050
  2.50    3    -225.55      0.28      0.26      0.02  0.05 0.0050
  2.50    3    -225.54      0.20      0.17      0.03  0.05 0.0050
  2.50    4    -225.54      0.18      0.16      0.03  0.05 0.0050
  2.50    4    -225.51      0.20      0.17      0.02  0.05 0.0050
  2.50    4    -225.51      0.20      0.17      0.02  0.05 0.0050
  2.50    4    -225.49      0.18      0.14      0.04  0.05 0.0050
  2.50    4    -225.48      0.18      0.13      0.05  0.05 0.0050
  2.50    4    -225.49      0.22      0.16      0.06  0.05 0.0050
  2.50    4    -225.48      0.20      0.15      0.06  0.05 0.0050
  2.50    4    -225.46      0.22      0.17      0.06  0.05 0.0050
  2.50    4    -225.44      0.19      0.13      0.06  0.05 0.0050
  2.50    4    -225.43      0.22      0.16      0.06  0.05 0.0050
  2.50    5    -225.43      0.19      0.12      0.07  0.05 0.0050
  2.50    5    -225.44      0.19      0.12      0.07  0.05 0.0050
  2.50    5    -225.42      0.24      0.17      0.07  0.05 0.0050
  2.50    5    -225.42      0.27      0.21      0.06  0.05 0.0050
  2.50    5    -225.41      0.29      0.24      0.06  0.05 0.0050
  2.50    5    -225.40      0.32      0.26      0.06  0.05 0.0050
  2.50    5    -225.41      0.33      0.28      0.05  0.05 0.0050
  2.50    5    -225.43      0.37      0.31      0.06  0.05 0.0050
  2.50    5    -225.43      0.36      0.30      0.06  0.05 0.0050
  2.50    5    -225.44      0.34      0.28      0.06  0.05 0.0050
  2.50    6    -225.45      0.31      0.25      0.06  0.05 0.0050
  2.50    6    -225.45      0.30      0.24      0.06  0.05 0.0050
  2.50    6    -225.46      0.28      0.22      0.06  0.05 0.0050
  2.50    6    -225.45      0.21      0.15      0.05  0.05 0.0050
  2.50    6    -225.45      0.15      0.10      0.05  0.05 0.0050
  2.50    6    -225.45      0.16      0.11      0.05  0.05 0.0050
  2.50    6    -225.45      0.17      0.12      0.05  0.05 0.0050
  2.50    6    -225.46      0.19      0.14      0.05  0.05 0.0050
  2.50    6    -225.46      0.22      0.17      0.05  0.05 0.0050
  2.50    6    -225.46      0.22      0.16      0.06  0.05 0.0050
  2.50    7    -225.46      0.20      0.15      0.06  0.05 0.0050
  2.50    7    -225.45      0.20      0.14      0.06  0.05 0.0050
  2.50    7    -225.45      0.21      0.15      0.06  0.05 0.0050
  2.50    7    -225.45      0.23      0.17      0.07  0.05 0.0050
  2.50    7    -225.45      0.21      0.14      0.07  0.05 0.0050
  2.50    7    -225.45      0.22      0.16      0.07  0.05 0.0050
  2.50    7    -225.45      0.19      0.12      0.07  0.05 0.0050
  2.50    7    -225.45      0.15      0.08      0.07  0.05 0.0050
  2.50    7    -225.45      0.12      0.04      0.08  0.05 0.0050
  2.50    7    -225.45      0.13      0.05      0.08  0.05 0.0050
  2.50    7    -225.46      0.08      0.00      0.08  0.05 0.0050
  2.50    7    -225.45      0.04     -0.04      0.07  0.05 0.0050
  2.50    7    -225.44      0.09      0.01      0.07  0.05 0.0050
  2.50    7    -225.44      0.08      0.01      0.07  0.05 0.0050
  2.50    8    -225.44      0.06     -0.02      0.08  0.05 0.0050
  2.50    8    -225.43      0.12      0.04      0.08  0.05 0.0050
  2.50    8    -225.44      0.09      0.01      0.08  0.05 0.0050
  2.50    8    -225.44      0.11      0.03      0.08  0.05 0.0050
  2.50    8    -225.45      0.09      0.00      0.08  0.05 0.0050
  2.50    8    -225.46      0.00     -0.08      0.08  0.05 0.0050
  2.50    8    -225.46      0.01     -0.08      0.09  0.05 0.0050
  2.50    8    -225.46     -0.03     -0.11      0.09  0.05 0.0050
  2.50    8    -225.46     -0.03     -0.12      0.09  0.05 0.0050
  2.50    8    -225.47     -0.07     -0.16      0.09  0.05 0.0050
  2.50    9    -225.47     -0.07     -0.15      0.08  0.05 0.0050
  2.50    9    -225.47     -0.09     -0.17      0.08  0.05 0.0050
  2.50    9    -225.47     -0.04     -0.13      0.09  0.05 0.0050
  2.50    9    -225.47      0.00     -0.08      0.09  0.05 0.0050
  2.50    9    -225.47     -0.01     -0.10      0.08  0.05 0.0050
  2.50    9    -225.46      0.00     -0.08      0.09  0.05 0.0050
  2.50    9    -225.46      0.03     -0.06      0.09  0.05 0.0050
  2.50    9    -225.46      0.07     -0.02      0.09  0.05 0.0050
  2.50    9    -225.46      0.12      0.04      0.09  0.05 0.0050
  2.50    9    -225.46      0.11      0.02      0.09  0.05 0.0050
  2.50   10    -225.47      0.10      0.02      0.08  0.05 0.0050
  2.50   10    -225.46      0.06     -0.02      0.08  0.05 0.0050
  2.50   10    -225.46      0.05     -0.03      0.08  0.05 0.0050
  2.50   10    -225.45      0.05     -0.03      0.08  0.05 0.0050
  2.50   10    -225.45      0.07     -0.02      0.09  0.05 0.0050
  2.50   10    -225.45      0.06     -0.03      0.09  0.05 0.0050
  2.50   10    -225.45      0.06     -0.03      0.09  0.05 0.0050
  2.50   10    -225.45      0.05     -0.04      0.09  0.05 0.0050
  2.50   10    -225.44      0.05     -0.04      0.10  0.05 0.0050
  2.50   10    -225.43      0.04     -0.05      0.10  0.05 0.0050
  2.50   11    -225.43      0.05     -0.05      0.10  0.05 0.0050
  2.50   11    -225.43      0.03     -0.07      0.10  0.05 0.0050
  2.50   11    -225.42      0.03     -0.07      0.10  0.05 0.0050
  2.50   11    -225.43     -0.01     -0.11      0.10  0.05 0.0050
  2.50   11    -225.43     -0.03     -0.13      0.10  0.05 0.0050
  2.50   11    -225.42     -0.03     -0.13      0.10  0.05 0.0050
  2.50   11    -225.42     -0.05     -0.15      0.10  0.05 0.0050
  2.50   11    -225.42     -0.04     -0.14      0.10  0.05 0.0050
  2.50   11    -225.42     -0.06     -0.16      0.10  0.05 0.0050
  2.50   11    -225.42     -0.04     -0.14      0.10  0.05 0.0050
  2.50   12    -225.41     -0.03     -0.13      0.10  0.05 0.0050
  2.50   12    -225.41     -0.04     -0.14      0.10  0.05 0.0050
  2.50   12    -225.41     -0.05     -0.15      0.10  0.05 0.0050
  2.50   12    -225.41     -0.07     -0.17      0.10  0.05 0.0050
  2.50   12    -225.41     -0.06     -0.16      0.10  0.05 0.0050
  2.50   12    -225.42     -0.09     -0.19      0.10  0.05 0.0050
  2.50   12    -225.41     -0.10     -0.20      0.10  0.05 0.0050
  2.50   12    -225.42     -0.13     -0.23      0.10  0.05 0.0050
  2.50   12    -225.42     -0.16     -0.26      0.10  0.05 0.0050
  2.50   12    -225.43     -0.15     -0.25      0.10  0.05 0.0050
  2.50   13    -225.43     -0.15     -0.25      0.10  0.05 0.0050
  2.50   13    -225.43     -0.16     -0.27      0.11  0.05 0.0050
  2.50   13    -225.43     -0.16     -0.27      0.11  0.05 0.0050
  2.50   13    -225.44     -0.14     -0.25      0.11  0.05 0.0050
  2.50   13    -225.44     -0.14     -0.26      0.11  0.05 0.0050
  2.50   13    -225.43     -0.15     -0.26      0.11  0.05 0.0050
  2.50   13    -225.43     -0.11     -0.23      0.11  0.05 0.0050
  2.50   13    -225.43     -0.07     -0.18      0.11  0.05 0.0050
  2.50   13    -225.43     -0.04     -0.16      0.11  0.05 0.0050
  2.50   13    -225.43     -0.03     -0.15      0.11  0.05 0.0050
  2.50   14    -225.43     -0.05     -0.16      0.11  0.05 0.0050
  2.50   14    -225.43     -0.03     -0.14      0.11  0.05 0.0050
  2.50   14    -225.43     -0.03     -0.14      0.11  0.05 0.0050
  2.50   14    -225.43     -0.02     -0.13      0.11  0.05 0.0050
  2.50   14    -225.43     -0.04     -0.15      0.11  0.05 0.0050
  2.50   14    -225.43     -0.05     -0.16      0.11  0.05 0.0050
  2.50   14    -225.43     -0.01     -0.12      0.11  0.05 0.0050
  2.50   14    -225.43     -0.02     -0.13      0.11  0.05 0.0050
  2.50   14    -225.43     -0.01     -0.13      0.11  0.05 0.0050
  2.50   14    -225.43     -0.02     -0.13      0.12  0.05 0.0050
  2.50   15    -225.43      0.00     -0.11      0.11  0.05 0.0050
  2.50   15    -225.42      0.00     -0.11      0.12  0.05 0.0050
  2.50   15    -225.42      0.00     -0.11      0.11  0.05 0.0050
  2.50   15    -225.42      0.01     -0.10      0.11  0.05 0.0050
  2.50   15    -225.42      0.01     -0.10      0.11  0.05 0.0050
  2.50   15    -225.42      0.04     -0.07      0.11  0.05 0.0050
  2.50   15    -225.42      0.09     -0.03      0.11  0.05 0.0050
  2.50   15    -225.41      0.09     -0.03      0.11  0.05 0.0050
  2.50   15    -225.41      0.09     -0.03      0.12  0.05 0.0050
  2.50   15    -225.41      0.11     -0.00      0.12  0.05 0.0050
  2.50   16    -225.41      0.11     -0.01      0.12  0.05 0.0050
  2.50   16    -225.40      0.10     -0.01      0.12  0.05 0.0050
  2.50   16    -225.40      0.10     -0.02      0.12  0.05 0.0050
  2.50   16    -225.40      0.10     -0.02      0.12  0.05 0.0050
  2.50   16    -225.41      0.06     -0.06      0.12  0.05 0.0050
  2.50   16    -225.40      0.08     -0.04      0.12  0.05 0.0050
  2.50   16    -225.40      0.08     -0.04      0.12  0.05 0.0050
  2.50   16    -225.40      0.08     -0.04      0.12  0.05 0.0050
  2.50   16    -225.40      0.10     -0.03      0.12  0.05 0.0050
  2.50   16    -225.40      0.11     -0.01      0.12  0.05 0.0050
  2.50   17    -225.40      0.10     -0.03      0.13  0.05 0.0050
  2.50   17    -225.40      0.10     -0.02      0.12  0.05 0.0050
  2.50   17    -225.40      0.10     -0.02      0.12  0.05 0.0050
  2.50   17    -225.40      0.08     -0.04      0.12  0.05 0.0050
  2.50   17    -225.40      0.10     -0.02      0.12  0.05 0.0050
  2.50   17    -225.40      0.10     -0.03      0.12  0.05 0.0050
  2.50   17    -225.40      0.09     -0.03      0.12  0.05 0.0050
  2.50   17    -225.40      0.13      0.01      0.12  0.05 0.0050
  2.50   17    -225.41      0.12      0.00      0.12  0.05 0.0050
  2.50   17    -225.41      0.12     -0.00      0.12  0.05 0.0050
  2.50   18    -225.41      0.13      0.01      0.12  0.05 0.0050
  2.50   18    -225.40      0.12      0.00      0.12  0.05 0.0050
  2.50   18    -225.40      0.14      0.02      0.12  0.05 0.0050
  2.50   18    -225.41      0.13      0.01      0.12  0.05 0.0050
  2.50   18    -225.40      0.13      0.01      0.12  0.05 0.0050
  2.50   18    -225.40      0.14      0.02      0.12  0.05 0.0050
  2.50   18    -225.40      0.15      0.03      0.12  0.05 0.0050
  2.50   18    -225.40      0.17      0.04      0.12  0.05 0.0050
  2.50   18    -225.40      0.19      0.06      0.12  0.05 0.0050
  2.50   18    -225.40      0.19      0.06      0.12  0.05 0.0050
  2.50   19    -225.40      0.19      0.06      0.13  0.05 0.0050
  2.50   19    -225.40      0.17      0.04      0.13  0.05 0.0050
  2.50   19    -225.40      0.17      0.05      0.12  0.05 0.0050
  2.50   19    -225.40      0.16      0.04      0.12  0.05 0.0050
  2.50   19    -225.40      0.16      0.04      0.12  0.05 0.0050
  2.50   19    -225.40      0.19      0.07      0.12  0.05 0.0050
  2.50   19    -225.40      0.17      0.05      0.12  0.05 0.0050
  2.50   19    -225.40      0.18      0.06      0.12  0.05 0.0050
  2.50   19    -225.40      0.16      0.04      0.13  0.05 0.0050
  2.50   19    -225.40      0.16      0.03      0.13  0.05 0.0050
  2.50   20    -225.41      0.17      0.04      0.13  0.05 0.0050
  2.50   20    -225.41      0.16      0.03      0.13  0.05 0.0050
  2.50   20    -225.41      0.15      0.03      0.13  0.05 0.0050
  2.50   20    -225.41      0.14      0.01      0.13  0.05 0.0050
  2.50   20    -225.41      0.15      0.02      0.13  0.05 0.0050
  2.50   20    -225.41      0.16      0.03      0.13  0.05 0.0050
  2.50   20    -225.41      0.18      0.05      0.13  0.05 0.0050
  2.50   20    -225.41      0.17      0.04      0.13  0.05 0.0050
  2.50   20    -225.41      0.16      0.03      0.13  0.05 0.0050
  2.50   20    -225.41      0.15      0.02      0.13  0.05 0.0050
  2.50   21    -225.41      0.17      0.04      0.13  0.05 0.0050
  2.50   21    -225.41      0.17      0.05      0.13  0.05 0.0050
  2.50   21    -225.41      0.18      0.05      0.13  0.05 0.0050
  2.50   21    -225.41      0.17      0.05      0.13  0.05 0.0050
  2.50   21    -225.41      0.16      0.04      0.13  0.05 0.0050
  2.50   21    -225.41      0.15      0.02      0.13  0.05 0.0050
  2.50   21    -225.41      0.13      0.00      0.13  0.05 0.0050
  2.50   21    -225.41      0.14      0.01      0.13  0.05 0.0050
  2.50   21    -225.41      0.15      0.02      0.13  0.05 0.0050
  2.50   21    -225.41      0.13      0.00      0.13  0.05 0.0050
  2.50   22    -225.41      0.11     -0.01      0.13  0.05 0.0050
  2.50   22    -225.41      0.11     -0.02      0.13  0.05 0.0050
  2.50   22    -225.41      0.11     -0.02      0.13  0.05 0.0050
  2.50   22    -225.41      0.10     -0.02      0.13  0.05 0.0050
  2.50   22    -225.41      0.10     -0.02      0.13  0.05 0.0050
  2.50   22    -225.41      0.08     -0.05      0.13  0.05 0.0050
  2.50   22    -225.41      0.08     -0.05      0.13  0.05 0.0050
  2.50   22    -225.42      0.07     -0.05      0.13  0.05 0.0050
  2.50   22    -225.41      0.10     -0.03      0.13  0.05 0.0050
  2.50   22    -225.41      0.07     -0.05      0.13  0.05 0.0050
  2.50   23    -225.42      0.09     -0.04      0.13  0.05 0.0050
