  1.10    0    -234.17     24.09     15.06      9.03  0.09 0.0050
  1.10    0    -233.61     23.48     13.81      9.67  0.09 0.0050
  1.10    0    -233.49     23.87     14.09      9.79  0.08 0.0050
  1.10    0    -233.03     24.13     14.39      9.75  0.09 0.0050
  1.10    0    -232.55     23.96     14.05      9.91  0.08 0.0050
  1.10    0    -232.28     23.59     13.84      9.74  0.08 0.0050
  1.10    0    -232.40     24.35     14.67      9.68  0.09 0.0050
  1.10    0    -232.45     24.48     14.63      9.85  0.09 0.0050
  1.10    0    -232.32     24.07     14.09      9.99  0.09 0.0050
  1.10    1    -232.31     23.98     13.90     10.08  0.09 0.0050
  1.10    1    -232.30     24.02     13.93     10.09  0.09 0.0050
  1.10    1    -232.24     23.90     13.77     10.13  0.09 0.0050
  1.10    1    -232.12     23.51     13.34     10.18  0.09 0.0050
  1.10    1    -232.22     23.82     13.74     10.08  0.09 0.0050
  1.10    1    -232.26     23.97     13.93     10.04  0.09 0.0050
  1.10    1    -232.23     23.92     13.87     10.05  0.09 0.0050
  1.10    1    -232.20     23.95     13.90     10.05  0.09 0.0050
  1.10    1    -232.16     23.94     13.87     10.06  0.09 0.0050
  1.10    1    -232.17     23.83     13.80     10.03  0.09 0.0050
  1.10    2    -232.15     23.95     13.91     10.04  0.09 0.0050
  1.10    2    -232.13     23.81     13.79     10.02  0.09 0.0050
  1.10    2    -232.15     23.87     13.84     10.02  0.09 0.0050
  1.10    2    -232.18     24.06     14.07      9.98  0.09 0.0050
  1.10    2    -232.15     24.00     14.04      9.96  0.09 0.0050
  1.10    2    -232.21     23.80     13.83      9.97  0.09 0.0050
  1.10    2    -232.17     23.67     13.68      9.99  0.09 0.0050
  1.10    2    -232.13     23.91     13.93      9.98  0.09 0.0050
  1.10    2    -232.14     23.96     14.00      9.96  0.09 0.0050
  1.10    2    -232.13     23.89     13.91      9.99  0.09 0.0050
  1.10    3    -232.11     23.95     13.98      9.97  0.09 0.0050
  1.10    3    -232.10     23.99     14.03      9.97  0.09 0.0050
  1.10    3    -232.14     23.94     13.96      9.98  0.09 0.0050
  1.10    3    -232.11     24.13     14.13     10.00  0.09 0.0050
  1.10    3    -232.10     24.32     14.32      9.99  0.09 0.0050
  1.10    3    -232.07     24.33     14.33     10.00  0.09 0.0050
  1.10    3    -232.07     24.37     14.37     10.00  0.09 0.0050
  1.10    3    -232.07     24.27     14.26     10.01  0.09 0.0050
  1.10    3    -232.08     24.36     14.34     10.01  0.09 0.0050
  1.10    3    -232.08     24.24     14.23     10.01  0.09 0.0050
  1.10    4    -232.07     24.19     14.17     10.02  0.09 0.0050
  1.10    4    -232.09     24.30     14.28     10.02  0.09 0.0050
  1.10    4    -232.09     24.19     14.18     10.01  0.09 0.0050
  1.10    4    -232.08     24.19     14.18     10.01  0.09 0.0050
  1.10    4    -232.08     24.07     14.06     10.01  0.09 0.0050
  1.10    4    -232.09     23.89     13.87     10.02  0.09 0.0050
  1.10    4    -232.07     24.04     14.02     10.02  0.09 0.0050
  1.10    4    -232.05     24.03     14.00     10.03  0.09 0.0050
  1.10    4    -232.06     23.93     13.91     10.02  0.09 0.0050
  1.10    4    -232.08     23.74     13.72     10.03  0.09 0.0050
  1.10    5    -232.07     23.69     13.65     10.04  0.09 0.0050
  1.10    5    -232.07     23.76     13.71     10.05  0.09 0.0050
  1.10    5    -232.06     23.71     13.66     10.05  0.09 0.0050
  1.10    5    -232.05     23.56     13.50     10.06  0.09 0.0050
  1.10    5    -232.05     23.87     13.81     10.06  0.09 0.0050
  1.10    5    -232.04     24.02     13.95     10.07  0.09 0.0050
  1.10    5    -232.04     23.98     13.91     10.07  0.09 0.0050
  1.10    5    -232.01     23.89     13.82     10.07  0.09 0.0050
  1.10    5    -232.01     23.89     13.82     10.07  0.09 0.0050
  1.10    5    -232.01     23.76     13.69     10.06  0.09 0.0050
  1.10    6    -232.01     23.74     13.69     10.06  0.09 0.0050
  1.10    6    -232.02     23.80     13.74     10.06  0.09 0.0050
  1.10    6    -232.03     23.84     13.78     10.06  0.09 0.0050
  1.10    6    -232.01     23.73     13.67     10.06  0.09 0.0050
  1.10    6    -232.01     23.62     13.56     10.06  0.09 0.0050
  1.10    6    -232.00     23.70     13.64     10.07  0.09 0.0050
  1.10    6    -231.99     23.82     13.75     10.07  0.09 0.0050
  1.10    6    -231.98     23.83     13.76     10.07  0.09 0.0050
  1.10    6    -231.97     23.91     13.84     10.07  0.09 0.0050
  1.10    6    -231.96     23.93     13.86     10.07  0.09 0.0050
  1.10    7    -231.96     23.86     13.79     10.07  0.09 0.0050
  1.10    7    -231.96     24.01     13.94     10.07  0.09 0.0050
  1.10    7    -231.94     24.08     14.01     10.08  0.09 0.0050
  1.10    7    -231.94     24.06     13.98     10.08  0.09 0.0050
  1.10    7    -231.93     23.91     13.83     10.08  0.09 0.0050
  1.10    7    -231.94     23.82     13.74     10.08  0.09 0.0050
  1.10    7    -231.93     23.70     13.62     10.07  0.08 0.0050
  1.10    7    -231.92     23.67     13.59     10.08  0.08 0.0050
  1.10    7    -231.93     23.62     13.54     10.08  0.08 0.0050
  1.10    7    -231.94     23.65     13.58     10.07  0.08 0.0050
  1.10    7    -231.93     23.62     13.55     10.07  0.08 0.0050
  1.10    7    -231.94     23.63     13.56     10.07  0.08 0.0050
  1.10    7    -231.94     23.63     13.56     10.07  0.08 0.0050
  1.10    7    -231.93     23.62     13.54     10.08  0.08 0.0050
  1.10    7    -231.93     23.67     13.59     10.08  0.09 0.0050
  1.10    8    -231.94     23.84     13.77     10.07  0.09 0.0050
  1.10    8    -231.94     23.75     13.68     10.07  0.09 0.0050
  1.10    8    -231.95     23.71     13.65     10.06  0.09 0.0050
  1.10    8    -231.96     23.64     13.59     10.06  0.09 0.0050
  1.10    8    -231.96     23.73     13.69     10.05  0.09 0.0050
  1.10    8    -231.97     23.61     13.57     10.04  0.09 0.0050
  1.10    8    -231.97     23.63     13.58     10.05  0.09 0.0050
  1.10    8    -231.97     23.63     13.57     10.05  0.09 0.0050
  1.10    8    -231.97     23.67     13.62     10.05  0.09 0.0050
  1.10    8    -231.97     23.59     13.54     10.05  0.09 0.0050
  1.10    9    -231.96     23.49     13.43     10.06  0.08 0.0050
  1.10    9    -231.96     23.45     13.38     10.07  0.08 0.0050
  1.10    9    -231.98     23.56     13.49     10.07  0.09 0.0050
  1.10    9    -231.98     23.47     13.40     10.07  0.09 0.0050
  1.10    9    -231.98     23.73     13.67     10.06  0.09 0.0050
  1.10    9    -231.98     23.86     13.80     10.06  0.09 0.0050
  1.10    9    -231.99     23.88     13.83     10.05  0.09 0.0050
  1.10    9    -231.98     23.92     13.87     10.06  0.09 0.0050
  1.10    9    -231.98     23.88     13.83     10.06  0.09 0.0050
  1.10    9    -231.99     23.73     13.68     10.06  0.09 0.0050
  1.10   10    -231.98     23.73     13.68     10.06  0.09 0.0050
  1.10   10    -231.98     23.87     13.81     10.06  0.09 0.0050
  1.10   10    -231.98     23.98     13.92     10.06  0.09 0.0050
  1.10   10    -231.98     23.95     13.90     10.06  0.09 0.0050
  1.10   10    -231.97     23.96     13.91     10.06  0.09 0.0050
  1.10   10    -231.98     23.98     13.93     10.05  0.09 0.0050
  1.10   10    -231.98     24.09     14.04     10.05  0.09 0.0050
  1.10   10    -231.98     24.11     14.06     10.06  0.09 0.0050
  1.10   10    -231.98     24.31     14.26     10.05  0.09 0.0050
  1.10   10    -231.99     24.24     14.20     10.05  0.09 0.0050
  1.10   11    -231.99     24.17     14.12     10.05  0.09 0.0050
  1.10   11    -231.99     24.11     14.06     10.05  0.09 0.0050
  1.10   11    -231.98     24.13     14.07     10.05  0.09 0.0050
  1.10   11    -231.98     24.10     14.04     10.06  0.09 0.0050
  1.10   11    -231.98     24.10     14.05     10.06  0.09 0.0050
  1.10   11    -231.98     24.21     14.16     10.06  0.09 0.0050
  1.10   11    -231.99     24.20     14.15     10.05  0.09 0.0050
  1.10   11    -231.97     24.20     14.14     10.06  0.09 0.0050
  1.10   11    -231.97     24.28     14.22     10.06  0.09 0.0050
  1.10   11    -231.96     24.19     14.12     10.07  0.09 0.0050
  1.10   12    -231.96     24.20     14.13     10.07  0.09 0.0050
  1.10   12    -231.97     24.13     14.06     10.07  0.09 0.0050
  1.10   12    -231.96     24.06     13.98     10.07  0.09 0.0050
  1.10   12    -231.96     24.06     13.99     10.07  0.09 0.0050
  1.10   12    -231.96     24.06     14.00     10.07  0.09 0.0050
  1.10   12    -231.97     24.10     14.03     10.06  0.09 0.0050
  1.10   12    -231.97     24.04     13.98     10.06  0.09 0.0050
  1.10   12    -231.97     24.07     14.01     10.06  0.09 0.0050
  1.10   12    -231.96     23.99     13.92     10.06  0.09 0.0050
  1.10   12    -231.96     23.96     13.90     10.06  0.09 0.0050
  1.10   13    -231.97     24.00     13.94     10.06  0.09 0.0050
  1.10   13    -231.97     23.99     13.93     10.06  0.09 0.0050
  1.10   13    -231.97     24.00     13.95     10.05  0.09 0.0050
  1.10   13    -231.97     24.00     13.94     10.05  0.09 0.0050
  1.10   13    -231.97     23.97     13.92     10.05  0.09 0.0050
  1.10   13    -231.97     24.04     13.99     10.05  0.09 0.0050
  1.10   13    -231.98     24.01     13.96     10.05  0.09 0.0050
  1.10   13    -231.98     24.08     14.03     10.05  0.09 0.0050
  1.10   13    -231.98     24.06     14.01     10.05  0.09 0.0050
  1.10   13    -231.98     24.11     14.06     10.05  0.09 0.0050
  1.10   14    -231.98     24.12     14.07     10.06  0.09 0.0050
  1.10   14    -231.97     24.10     14.05     10.06  0.09 0.0050
  1.10   14    -231.98     24.10     14.05     10.05  0.09 0.0050
  1.10   14    -231.98     24.06     14.01     10.05  0.09 0.0050
  1.10   14    -231.98     24.14     14.09     10.05  0.09 0.0050
  1.10   14    -231.98     24.11     14.06     10.05  0.09 0.0050
  1.10   14    -231.99     24.01     13.96     10.05  0.09 0.0050
  1.10   14    -231.98     24.02     13.97     10.05  0.09 0.0050
  1.10   14    -231.98     24.00     13.95     10.05  0.09 0.0050
  1.10   14    -231.98     23.98     13.93     10.06  0.09 0.0050
  1.10   15    -231.97     23.98     13.92     10.06  0.09 0.0050
  1.10   15    -231.97     23.97     13.91     10.06  0.09 0.0050
  1.10   15    -231.97     24.01     13.94     10.06  0.09 0.0050
  1.10   15    -231.97     24.02     13.96     10.06  0.09 0.0050
  1.10   15    -231.97     24.01     13.94     10.07  0.09 0.0050
  1.10   15    -231.96     24.06     13.99     10.07  0.09 0.0050
  1.10   15    -231.96     24.16     14.09     10.07  0.09 0.0050
  1.10   15    -231.96     24.21     14.14     10.07  0.09 0.0050
  1.10   15    -231.96     24.15     14.08     10.07  0.09 0.0050
  1.10   15    -231.96     24.13     14.06     10.07  0.09 0.0050
  1.10   16    -231.96     24.10     14.03     10.07  0.09 0.0050
  1.10   16    -231.96     24.09     14.02     10.07  0.09 0.0050
  1.10   16    -231.96     24.07     14.00     10.07  0.09 0.0050
  1.10   16    -231.97     24.06     13.99     10.07  0.09 0.0050
  1.10   16    -231.96     24.13     14.06     10.07  0.09 0.0050
  1.10   16    -231.96     24.21     14.13     10.07  0.09 0.0050
  1.10   16    -231.96     24.21     14.14     10.07  0.09 0.0050
  1.10   16    -231.96     24.13     14.06     10.07  0.09 0.0050
  1.10   16    -231.96     24.12     14.06     10.07  0.09 0.0050
  1.10   16    -231.96     24.05     13.98     10.07  0.09 0.0050
  1.10   17    -231.96     24.03     13.97     10.07  0.09 0.0050
  1.10   17    -231.96     23.95     13.89     10.06  0.09 0.0050
  1.10   17    -231.96     23.96     13.90     10.07  0.09 0.0050
  1.10   17    -231.96     23.96     13.89     10.07  0.09 0.0050
  1.10   17    -231.96     23.97     13.90     10.07  0.09 0.0050
  1.10   17    -231.97     24.01     13.94     10.07  0.09 0.0050
  1.10   17    -231.97     23.97     13.91     10.07  0.09 0.0050
  1.10   17    -231.97     23.98     13.91     10.07  0.09 0.0050
  1.10   17    -231.96     23.97     13.91     10.07  0.09 0.0050
  1.10   17    -231.96     23.99     13.92     10.07  0.09 0.0050
  1.10   18    -231.96     24.02     13.95     10.07  0.09 0.0050
  1.10   18    -231.96     24.05     13.98     10.07  0.09 0.0050
  1.10   18    -231.96     24.00     13.93     10.07  0.09 0.0050
  1.10   18    -231.96     23.99     13.92     10.07  0.09 0.0050
  1.10   18    -231.96     24.01     13.94     10.07  0.09 0.0050
  1.10   18    -231.95     24.06     13.99     10.07  0.09 0.0050
  1.10   18    -231.95     24.07     14.00     10.07  0.09 0.0050
  1.10   18    -231.95     24.04     13.97     10.07  0.09 0.0050
  1.10   18    -231.95     24.04     13.96     10.07  0.09 0.0050
  1.10   18    -231.94     24.04     13.96     10.08  0.09 0.0050
  1.10   19    -231.94     24.04     13.96     10.08  0.09 0.0050
  1.10   19    -231.94     24.10     14.02     10.08  0.09 0.0050
  1.10   19    -231.94     24.10     14.03     10.07  0.09 0.0050
  1.10   19    -231.93     24.12     14.05     10.08  0.09 0.0050
  1.10   19    -231.94     24.17     14.10     10.08  0.09 0.0050
  1.10   19    -231.94     24.15     14.08     10.07  0.09 0.0050
  1.10   19    -231.94     24.21     14.14     10.07  0.09 0.0050
  1.10   19    -231.94     24.18     14.11     10.07  0.09 0.0050
  1.10   19    -231.94     24.20     14.13     10.07  0.09 0.0050
  1.10   19    -231.94     24.19     14.12     10.07  0.09 0.0050
  1.10   20    -231.94     24.20     14.13     10.07  0.09 0.0050
  1.10   20    -231.94     24.17     14.10     10.07  0.09 0.0050
  1.10   20    -231.94     24.14     14.07     10.07  0.09 0.0050
  1.10   20    -231.94     24.12     14.05     10.07  0.09 0.0050
  1.10   20    -231.94     24.14     14.07     10.07  0.09 0.0050
  1.10   20    -231.94     24.15     14.08     10.07  0.09 0.0050
  1.10   20    -231.94     24.14     14.07     10.07  0.09 0.0050
  1.10   20    -231.94     24.07     14.01     10.07  0.09 0.0050
  1.10   20    -231.94     24.07     14.01     10.06  0.09 0.0050
  1.10   20    -231.95     24.04     13.97     10.06  0.09 0.0050
  1.10   21    -231.95     24.06     14.00     10.06  0.09 0.0050
  1.10   21    -231.95     24.06     14.00     10.06  0.09 0.0050
  1.10   21    -231.95     24.06     14.00     10.06  0.09 0.0050
  1.10   21    -231.95     24.12     14.06     10.06  0.09 0.0050
  1.10   21    -231.95     24.11     14.05     10.06  0.09 0.0050
  1.10   21    -231.95     24.07     14.01     10.06  0.09 0.0050
  1.10   21    -231.95     24.07     14.00     10.06  0.09 0.0050
  1.10   21    -231.95     24.09     14.03     10.07  0.09 0.0050
  1.10   21    -231.95     24.13     14.06     10.07  0.09 0.0050
  1.10   21    -231.95     24.12     14.06     10.07  0.09 0.0050
  1.10   22    -231.95     24.10     14.03     10.07  0.09 0.0050
  1.10   22    -231.95     24.13     14.06     10.06  0.09 0.0050
  1.10   22    -231.95     24.14     14.08     10.07  0.09 0.0050
  1.10   22    -231.95     24.13     14.06     10.07  0.09 0.0050
  1.10   22    -231.95     24.12     14.05     10.07  0.09 0.0050
  1.10   22    -231.95     24.11     14.04     10.07  0.09 0.0050
  1.10   22    -231.95     24.08     14.02     10.07  0.09 0.0050
  1.10   22    -231.95     24.07     14.00     10.07  0.09 0.0050
  1.10   22    -231.95     24.08     14.01     10.07  0.09 0.0050
  1.10   22    -231.95     24.11     14.04     10.07  0.09 0.0050
  1.10   23    -231.95     24.07     14.00     10.07  0.09 0.0050
