  1.20    0    -233.56     17.20     13.10      4.10  0.08 0.0050
  1.20    0    -233.47     16.42     12.54      3.88  0.08 0.0050
  1.20    0    -233.53     17.47     13.09      4.38  0.08 0.0050
  1.20    0    -233.42     17.45     13.21      4.24  0.09 0.0050
  1.20    0    -233.56     16.67     12.63      4.04  0.08 0.0050
  1.20    0    -233.86     16.44     12.55      3.89  0.08 0.0050
  1.20    0    -233.70     16.33     12.47      3.86  0.08 0.0050
  1.20    0    -233.78     16.16     12.37      3.80  0.08 0.0050
  1.20    0    -233.92     16.08     12.22      3.86  0.08 0.0050
  1.20    1    -234.00     15.72     11.87      3.85  0.08 0.0050
  1.20    1    -233.98     16.11     12.15      3.95  0.08 0.0050
  1.20    1    -233.86     16.05     12.02      4.02  0.08 0.0050
  1.20    1    -233.89     16.32     12.35      3.97  0.08 0.0050
  1.20    1    -233.78     16.40     12.39      4.00  0.08 0.0050
  1.20    1    -233.78     16.35     12.36      3.99  0.08 0.0050
  1.20    1    -233.79     16.33     12.37      3.95  0.08 0.0050
  1.20    1    -233.71     16.39     12.45      3.94  0.08 0.0050
  1.20    1    -233.74     16.30     12.34      3.96  0.08 0.0050
  1.20    1    -233.72     16.40     12.44      3.96  0.08 0.0050
  1.20    2    -233.76     16.42     12.45      3.97  0.08 0.0050
  1.20    2    -233.76     16.50     12.55      3.95  0.08 0.0050
  1.20    2    -233.77     16.62     12.71      3.91  0.08 0.0050
  1.20    2    -233.79     16.77     12.81      3.95  0.08 0.0050
  1.20    2    -233.83     16.60     12.66      3.94  0.08 0.0050
  1.20    2    -233.82     16.66     12.75      3.91  0.08 0.0050
  1.20    2    -233.79     16.94     13.01      3.93  0.08 0.0050
  1.20    2    -233.79     16.89     12.97      3.92  0.08 0.0050
  1.20    2    -233.78     16.89     12.96      3.92  0.08 0.0050
  1.20    2    -233.76     16.89     12.94      3.95  0.08 0.0050
  1.20    3    -233.79     16.86     12.92      3.94  0.08 0.0050
  1.20    3    -233.74     16.76     12.82      3.94  0.08 0.0050
  1.20    3    -233.76     16.73     12.79      3.94  0.08 0.0050
  1.20    3    -233.78     16.72     12.76      3.95  0.08 0.0050
  1.20    3    -233.77     16.75     12.79      3.97  0.08 0.0050
  1.20    3    -233.79     16.66     12.71      3.95  0.08 0.0050
  1.20    3    -233.76     16.58     12.63      3.95  0.08 0.0050
  1.20    3    -233.76     16.58     12.63      3.95  0.08 0.0050
  1.20    3    -233.75     16.60     12.65      3.96  0.08 0.0050
  1.20    3    -233.76     16.63     12.66      3.97  0.08 0.0050
  1.20    4    -233.77     16.54     12.58      3.96  0.08 0.0050
  1.20    4    -233.78     16.49     12.53      3.97  0.08 0.0050
  1.20    4    -233.79     16.51     12.56      3.96  0.08 0.0050
  1.20    4    -233.82     16.57     12.60      3.97  0.08 0.0050
  1.20    4    -233.82     16.49     12.52      3.97  0.08 0.0050
  1.20    4    -233.83     16.50     12.52      3.98  0.08 0.0050
  1.20    4    -233.83     16.56     12.58      3.98  0.08 0.0050
  1.20    4    -233.86     16.45     12.47      3.97  0.08 0.0050
  1.20    4    -233.85     16.46     12.48      3.98  0.08 0.0050
  1.20    4    -233.85     16.38     12.40      3.98  0.08 0.0050
  1.20    5    -233.85     16.31     12.33      3.98  0.08 0.0050
  1.20    5    -233.83     16.30     12.32      3.99  0.08 0.0050
  1.20    5    -233.85     16.34     12.35      3.99  0.08 0.0050
  1.20    5    -233.85     16.17     12.17      4.00  0.08 0.0050
  1.20    5    -233.87     16.10     12.11      3.99  0.08 0.0050
  1.20    5    -233.89     16.14     12.16      3.98  0.08 0.0050
  1.20    5    -233.88     16.07     12.09      3.97  0.08 0.0050
  1.20    5    -233.88     16.06     12.09      3.97  0.08 0.0050
  1.20    5    -233.88     16.05     12.08      3.97  0.08 0.0050
  1.20    5    -233.87     16.11     12.14      3.97  0.08 0.0050
  1.20    6    -233.87     16.14     12.17      3.97  0.08 0.0050
  1.20    6    -233.89     16.09     12.13      3.97  0.08 0.0050
  1.20    6    -233.90     16.11     12.15      3.95  0.08 0.0050
  1.20    6    -233.90     16.04     12.08      3.96  0.08 0.0050
  1.20    6    -233.89     16.05     12.08      3.96  0.08 0.0050
  1.20    6    -233.89     16.12     12.16      3.96  0.08 0.0050
  1.20    6    -233.90     16.39     12.43      3.95  0.08 0.0050
  1.20    6    -233.91     16.39     12.43      3.96  0.08 0.0050
  1.20    6    -233.90     16.33     12.36      3.96  0.08 0.0050
  1.20    6    -233.90     16.33     12.37      3.96  0.08 0.0050
  1.20    7    -233.91     16.29     12.33      3.96  0.08 0.0050
  1.20    7    -233.91     16.36     12.40      3.96  0.08 0.0050
  1.20    7    -233.92     16.23     12.28      3.96  0.08 0.0050
  1.20    7    -233.91     16.35     12.39      3.96  0.08 0.0050
  1.20    7    -233.92     16.30     12.36      3.95  0.08 0.0050
  1.20    7    -233.91     16.30     12.35      3.95  0.08 0.0050
  1.20    7    -233.91     16.34     12.40      3.95  0.08 0.0050
  1.20    7    -233.91     16.40     12.45      3.95  0.08 0.0050
  1.20    7    -233.92     16.42     12.47      3.94  0.08 0.0050
  1.20    7    -233.92     16.33     12.39      3.94  0.08 0.0050
  1.20    7    -233.90     16.23     12.29      3.94  0.08 0.0050
  1.20    7    -233.90     16.19     12.25      3.94  0.08 0.0050
  1.20    7    -233.90     16.18     12.23      3.95  0.08 0.0050
  1.20    7    -233.89     16.15     12.19      3.96  0.08 0.0050
  1.20    7    -233.88     16.22     12.26      3.96  0.08 0.0050
  1.20    8    -233.88     16.28     12.32      3.96  0.08 0.0050
  1.20    8    -233.89     16.32     12.37      3.95  0.08 0.0050
  1.20    8    -233.88     16.29     12.34      3.95  0.08 0.0050
  1.20    8    -233.89     16.24     12.29      3.95  0.08 0.0050
  1.20    8    -233.88     16.22     12.27      3.95  0.08 0.0050
  1.20    8    -233.89     16.10     12.14      3.96  0.08 0.0050
  1.20    8    -233.89     16.09     12.13      3.95  0.08 0.0050
  1.20    8    -233.89     16.15     12.19      3.95  0.08 0.0050
  1.20    8    -233.88     16.00     12.05      3.95  0.08 0.0050
  1.20    8    -233.88     16.02     12.07      3.95  0.08 0.0050
  1.20    9    -233.89     16.01     12.05      3.96  0.08 0.0050
  1.20    9    -233.89     16.02     12.06      3.96  0.08 0.0050
  1.20    9    -233.89     16.10     12.14      3.96  0.08 0.0050
  1.20    9    -233.89     16.04     12.08      3.95  0.08 0.0050
  1.20    9    -233.89     16.05     12.09      3.95  0.08 0.0050
  1.20    9    -233.88     16.02     12.07      3.95  0.08 0.0050
  1.20    9    -233.88     16.13     12.19      3.95  0.08 0.0050
  1.20    9    -233.89     16.06     12.11      3.95  0.08 0.0050
  1.20    9    -233.89     16.04     12.09      3.95  0.08 0.0050
  1.20    9    -233.88     16.06     12.11      3.95  0.08 0.0050
  1.20   10    -233.88     16.07     12.11      3.95  0.08 0.0050
  1.20   10    -233.87     16.04     12.08      3.95  0.08 0.0050
  1.20   10    -233.87     16.16     12.20      3.95  0.08 0.0050
  1.20   10    -233.87     16.13     12.18      3.95  0.08 0.0050
  1.20   10    -233.87     16.18     12.23      3.95  0.08 0.0050
  1.20   10    -233.87     16.17     12.22      3.95  0.08 0.0050
  1.20   10    -233.87     16.15     12.20      3.95  0.08 0.0050
  1.20   10    -233.87     16.17     12.22      3.96  0.08 0.0050
  1.20   10    -233.86     16.24     12.29      3.95  0.08 0.0050
  1.20   10    -233.86     16.16     12.20      3.96  0.08 0.0050
  1.20   11    -233.85     16.20     12.24      3.96  0.08 0.0050
  1.20   11    -233.85     16.20     12.24      3.95  0.08 0.0050
  1.20   11    -233.86     16.24     12.29      3.95  0.08 0.0050
  1.20   11    -233.86     16.29     12.34      3.95  0.08 0.0050
  1.20   11    -233.86     16.33     12.38      3.94  0.08 0.0050
  1.20   11    -233.86     16.28     12.34      3.95  0.08 0.0050
  1.20   11    -233.86     16.27     12.32      3.95  0.08 0.0050
  1.20   11    -233.86     16.37     12.43      3.95  0.08 0.0050
  1.20   11    -233.86     16.28     12.33      3.95  0.08 0.0050
  1.20   11    -233.86     16.29     12.34      3.95  0.08 0.0050
  1.20   12    -233.86     16.31     12.35      3.95  0.08 0.0050
  1.20   12    -233.86     16.22     12.27      3.95  0.08 0.0050
  1.20   12    -233.86     16.17     12.22      3.94  0.08 0.0050
  1.20   12    -233.86     16.22     12.28      3.94  0.08 0.0050
  1.20   12    -233.86     16.20     12.26      3.94  0.08 0.0050
  1.20   12    -233.85     16.20     12.25      3.94  0.08 0.0050
  1.20   12    -233.85     16.17     12.23      3.94  0.08 0.0050
  1.20   12    -233.85     16.21     12.27      3.94  0.08 0.0050
  1.20   12    -233.85     16.24     12.30      3.95  0.08 0.0050
  1.20   12    -233.85     16.30     12.36      3.95  0.08 0.0050
  1.20   13    -233.85     16.30     12.36      3.94  0.08 0.0050
  1.20   13    -233.85     16.37     12.43      3.94  0.08 0.0050
  1.20   13    -233.85     16.44     12.50      3.94  0.08 0.0050
  1.20   13    -233.86     16.47     12.53      3.94  0.08 0.0050
  1.20   13    -233.86     16.54     12.60      3.94  0.08 0.0050
  1.20   13    -233.87     16.56     12.62      3.94  0.08 0.0050
  1.20   13    -233.87     16.58     12.65      3.94  0.08 0.0050
  1.20   13    -233.86     16.60     12.66      3.94  0.08 0.0050
  1.20   13    -233.86     16.64     12.70      3.94  0.08 0.0050
  1.20   13    -233.85     16.61     12.67      3.94  0.08 0.0050
  1.20   14    -233.85     16.59     12.65      3.94  0.08 0.0050
  1.20   14    -233.85     16.56     12.62      3.94  0.08 0.0050
  1.20   14    -233.85     16.55     12.61      3.94  0.08 0.0050
  1.20   14    -233.85     16.56     12.61      3.95  0.08 0.0050
  1.20   14    -233.85     16.57     12.63      3.94  0.08 0.0050
  1.20   14    -233.85     16.58     12.64      3.94  0.08 0.0050
  1.20   14    -233.85     16.55     12.61      3.94  0.08 0.0050
  1.20   14    -233.86     16.52     12.58      3.94  0.08 0.0050
  1.20   14    -233.85     16.53     12.59      3.94  0.08 0.0050
  1.20   14    -233.86     16.55     12.61      3.95  0.08 0.0050
  1.20   15    -233.86     16.58     12.63      3.95  0.08 0.0050
  1.20   15    -233.85     16.54     12.59      3.94  0.08 0.0050
  1.20   15    -233.85     16.52     12.58      3.94  0.08 0.0050
  1.20   15    -233.85     16.50     12.56      3.94  0.08 0.0050
  1.20   15    -233.86     16.54     12.60      3.94  0.08 0.0050
  1.20   15    -233.86     16.51     12.57      3.94  0.08 0.0050
  1.20   15    -233.86     16.49     12.55      3.94  0.08 0.0050
  1.20   15    -233.86     16.45     12.51      3.94  0.08 0.0050
  1.20   15    -233.86     16.44     12.50      3.94  0.08 0.0050
  1.20   15    -233.85     16.40     12.46      3.94  0.08 0.0050
  1.20   16    -233.85     16.48     12.54      3.94  0.08 0.0050
  1.20   16    -233.85     16.45     12.51      3.94  0.08 0.0050
  1.20   16    -233.85     16.46     12.52      3.94  0.08 0.0050
  1.20   16    -233.85     16.42     12.48      3.94  0.08 0.0050
  1.20   16    -233.85     16.41     12.47      3.94  0.08 0.0050
  1.20   16    -233.85     16.43     12.49      3.94  0.08 0.0050
  1.20   16    -233.85     16.44     12.50      3.94  0.08 0.0050
  1.20   16    -233.85     16.42     12.48      3.94  0.08 0.0050
  1.20   16    -233.85     16.40     12.46      3.94  0.08 0.0050
  1.20   16    -233.85     16.42     12.48      3.94  0.08 0.0050
  1.20   17    -233.84     16.43     12.49      3.94  0.08 0.0050
  1.20   17    -233.84     16.40     12.46      3.94  0.08 0.0050
  1.20   17    -233.84     16.42     12.49      3.94  0.08 0.0050
  1.20   17    -233.84     16.49     12.55      3.93  0.08 0.0050
  1.20   17    -233.84     16.52     12.58      3.94  0.08 0.0050
  1.20   17    -233.84     16.48     12.54      3.94  0.08 0.0050
  1.20   17    -233.84     16.47     12.53      3.94  0.08 0.0050
  1.20   17    -233.84     16.50     12.57      3.93  0.08 0.0050
  1.20   17    -233.84     16.50     12.57      3.93  0.08 0.0050
  1.20   17    -233.84     16.49     12.56      3.93  0.08 0.0050
  1.20   18    -233.84     16.48     12.55      3.93  0.08 0.0050
  1.20   18    -233.84     16.46     12.53      3.93  0.08 0.0050
  1.20   18    -233.84     16.48     12.55      3.94  0.08 0.0050
  1.20   18    -233.84     16.45     12.51      3.93  0.08 0.0050
  1.20   18    -233.84     16.43     12.50      3.94  0.08 0.0050
  1.20   18    -233.84     16.43     12.50      3.93  0.08 0.0050
  1.20   18    -233.85     16.39     12.46      3.93  0.08 0.0050
  1.20   18    -233.85     16.34     12.40      3.93  0.08 0.0050
  1.20   18    -233.84     16.35     12.42      3.94  0.08 0.0050
  1.20   18    -233.84     16.38     12.45      3.93  0.08 0.0050
  1.20   19    -233.84     16.39     12.46      3.93  0.08 0.0050
  1.20   19    -233.84     16.41     12.48      3.93  0.08 0.0050
  1.20   19    -233.84     16.41     12.47      3.93  0.08 0.0050
  1.20   19    -233.84     16.39     12.46      3.93  0.08 0.0050
  1.20   19    -233.84     16.39     12.46      3.93  0.08 0.0050
  1.20   19    -233.84     16.40     12.46      3.93  0.08 0.0050
  1.20   19    -233.84     16.38     12.44      3.93  0.08 0.0050
  1.20   19    -233.85     16.35     12.42      3.93  0.08 0.0050
  1.20   19    -233.85     16.32     12.39      3.93  0.08 0.0050
  1.20   19    -233.85     16.31     12.38      3.94  0.08 0.0050
  1.20   20    -233.85     16.28     12.35      3.93  0.08 0.0050
  1.20   20    -233.85     16.22     12.29      3.94  0.08 0.0050
  1.20   20    -233.85     16.23     12.30      3.94  0.08 0.0050
  1.20   20    -233.85     16.18     12.24      3.94  0.08 0.0050
  1.20   20    -233.85     16.22     12.28      3.94  0.08 0.0050
  1.20   20    -233.85     16.22     12.28      3.94  0.08 0.0050
  1.20   20    -233.84     16.22     12.28      3.94  0.08 0.0050
  1.20   20    -233.84     16.23     12.29      3.94  0.08 0.0050
  1.20   20    -233.84     16.26     12.32      3.94  0.08 0.0050
  1.20   20    -233.84     16.26     12.31      3.94  0.08 0.0050
  1.20   21    -233.84     16.26     12.32      3.94  0.08 0.0050
  1.20   21    -233.84     16.25     12.31      3.94  0.08 0.0050
  1.20   21    -233.84     16.27     12.33      3.94  0.08 0.0050
  1.20   21    -233.84     16.25     12.31      3.94  0.08 0.0050
  1.20   21    -233.84     16.24     12.30      3.94  0.08 0.0050
  1.20   21    -233.84     16.24     12.30      3.94  0.08 0.0050
  1.20   21    -233.84     16.24     12.30      3.94  0.08 0.0050
  1.20   21    -233.84     16.23     12.29      3.94  0.08 0.0050
  1.20   21    -233.84     16.21     12.26      3.94  0.08 0.0050
  1.20   21    -233.84     16.20     12.26      3.94  0.08 0.0050
  1.20   22    -233.84     16.14     12.20      3.94  0.08 0.0050
  1.20   22    -233.85     16.13     12.18      3.95  0.08 0.0050
  1.20   22    -233.84     16.10     12.15      3.95  0.08 0.0050
  1.20   22    -233.85     16.09     12.14      3.95  0.08 0.0050
  1.20   22    -233.84     16.08     12.14      3.95  0.08 0.0050
  1.20   22    -233.84     16.07     12.12      3.95  0.08 0.0050
  1.20   22    -233.84     16.05     12.10      3.95  0.08 0.0050
  1.20   22    -233.84     16.08     12.13      3.95  0.08 0.0050
  1.20   22    -233.84     16.07     12.12      3.95  0.08 0.0050
  1.20   22    -233.84     16.05     12.11      3.95  0.08 0.0050
  1.20   23    -233.84     16.06     12.11      3.95  0.08 0.0050
