  1.30    0    -232.75      6.59      4.49      2.10  0.06 0.0050
  1.30    0    -232.72      6.15      4.30      1.85  0.06 0.0050
  1.30    0    -231.55      6.20      4.23      1.97  0.06 0.0050
  1.30    0    -231.79      6.24      4.11      2.14  0.06 0.0050
  1.30    0    -232.29      6.44      4.36      2.09  0.06 0.0050
  1.30    0    -232.44      6.80      4.72      2.09  0.06 0.0050
  1.30    0    -232.46      7.01      4.88      2.13  0.06 0.0050
  1.30    0    -232.39      7.23      5.06      2.17  0.06 0.0050
  1.30    0    -232.68      7.21      5.13      2.08  0.06 0.0050
  1.30    1    -232.74      6.99      4.88      2.11  0.06 0.0050
  1.30    1    -232.75      6.96      4.84      2.12  0.06 0.0050
  1.30    1    -232.78      6.98      4.80      2.18  0.06 0.0050
  1.30    1    -232.87      7.02      4.78      2.24  0.06 0.0050
  1.30    1    -232.86      7.17      4.89      2.28  0.06 0.0050
  1.30    1    -232.85      7.08      4.75      2.32  0.06 0.0050
  1.30    1    -232.89      7.04      4.79      2.26  0.06 0.0050
  1.30    1    -232.91      7.04      4.79      2.26  0.06 0.0050
  1.30    1    -232.86      7.15      4.86      2.28  0.06 0.0050
  1.30    1    -232.76      7.06      4.78      2.28  0.06 0.0050
  1.30    2    -232.72      6.83      4.56      2.27  0.06 0.0050
  1.30    2    -232.72      6.96      4.69      2.28  0.06 0.0050
  1.30    2    -232.70      7.05      4.77      2.28  0.06 0.0050
  1.30    2    -232.68      6.98      4.69      2.29  0.06 0.0050
  1.30    2    -232.69      6.90      4.60      2.30  0.06 0.0050
  1.30    2    -232.72      6.85      4.58      2.27  0.06 0.0050
  1.30    2    -232.69      6.78      4.48      2.30  0.06 0.0050
  1.30    2    -232.70      6.83      4.53      2.30  0.06 0.0050
  1.30    2    -232.70      6.81      4.51      2.30  0.06 0.0050
  1.30    2    -232.72      6.88      4.54      2.34  0.06 0.0050
  1.30    3    -232.66      6.81      4.46      2.35  0.06 0.0050
  1.30    3    -232.67      6.72      4.37      2.35  0.06 0.0050
  1.30    3    -232.64      6.76      4.37      2.38  0.06 0.0050
  1.30    3    -232.66      6.81      4.43      2.38  0.06 0.0050
  1.30    3    -232.62      6.80      4.42      2.38  0.06 0.0050
  1.30    3    -232.63      6.85      4.48      2.37  0.06 0.0050
  1.30    3    -232.64      6.78      4.40      2.38  0.06 0.0050
  1.30    3    -232.64      6.78      4.39      2.39  0.06 0.0050
  1.30    3    -232.61      6.75      4.36      2.38  0.06 0.0050
  1.30    3    -232.61      6.72      4.32      2.40  0.06 0.0050
  1.30    4    -232.62      6.71      4.31      2.39  0.06 0.0050
  1.30    4    -232.63      6.67      4.28      2.39  0.06 0.0050
  1.30    4    -232.60      6.70      4.30      2.40  0.06 0.0050
  1.30    4    -232.61      6.71      4.33      2.38  0.06 0.0050
  1.30    4    -232.60      6.72      4.34      2.38  0.06 0.0050
  1.30    4    -232.60      6.73      4.35      2.38  0.06 0.0050
  1.30    4    -232.61      6.75      4.37      2.37  0.06 0.0050
  1.30    4    -232.62      6.76      4.40      2.36  0.06 0.0050
  1.30    4    -232.62      6.80      4.43      2.36  0.06 0.0050
  1.30    4    -232.62      6.81      4.44      2.37  0.06 0.0050
  1.30    5    -232.62      6.80      4.43      2.37  0.06 0.0050
  1.30    5    -232.62      6.78      4.41      2.37  0.06 0.0050
  1.30    5    -232.61      6.86      4.49      2.37  0.06 0.0050
  1.30    5    -232.62      6.87      4.50      2.37  0.06 0.0050
  1.30    5    -232.60      6.85      4.49      2.37  0.06 0.0050
  1.30    5    -232.61      6.97      4.61      2.36  0.06 0.0050
  1.30    5    -232.59      6.97      4.61      2.36  0.06 0.0050
  1.30    5    -232.60      6.99      4.62      2.36  0.06 0.0050
  1.30    5    -232.60      6.92      4.57      2.36  0.06 0.0050
  1.30    5    -232.60      6.93      4.58      2.35  0.06 0.0050
  1.30    6    -232.60      6.93      4.57      2.36  0.06 0.0050
  1.30    6    -232.59      6.88      4.51      2.37  0.06 0.0050
  1.30    6    -232.61      6.89      4.53      2.36  0.06 0.0050
  1.30    6    -232.61      6.88      4.52      2.36  0.06 0.0050
  1.30    6    -232.61      6.88      4.53      2.36  0.06 0.0050
  1.30    6    -232.61      6.83      4.47      2.36  0.06 0.0050
  1.30    6    -232.61      6.90      4.55      2.35  0.06 0.0050
  1.30    6    -232.60      6.90      4.55      2.34  0.06 0.0050
  1.30    6    -232.59      6.89      4.55      2.34  0.06 0.0050
  1.30    6    -232.59      6.95      4.61      2.34  0.06 0.0050
  1.30    7    -232.60      6.92      4.57      2.34  0.06 0.0050
  1.30    7    -232.58      6.96      4.62      2.34  0.06 0.0050
  1.30    7    -232.58      6.94      4.59      2.34  0.06 0.0050
  1.30    7    -232.58      6.96      4.63      2.34  0.06 0.0050
  1.30    7    -232.57      6.95      4.61      2.34  0.06 0.0050
  1.30    7    -232.56      6.98      4.65      2.33  0.06 0.0050
  1.30    7    -232.56      6.98      4.65      2.33  0.06 0.0050
  1.30    7    -232.56      7.00      4.68      2.33  0.06 0.0050
  1.30    7    -232.56      7.02      4.69      2.33  0.06 0.0050
  1.30    7    -232.57      7.04      4.71      2.33  0.06 0.0050
  1.30    7    -232.57      7.09      4.76      2.32  0.06 0.0050
  1.30    7    -232.56      7.05      4.73      2.32  0.06 0.0050
  1.30    7    -232.57      7.00      4.68      2.32  0.06 0.0050
  1.30    7    -232.56      7.00      4.68      2.32  0.06 0.0050
  1.30    7    -232.56      7.04      4.72      2.31  0.06 0.0050
  1.30    8    -232.56      7.04      4.73      2.31  0.06 0.0050
  1.30    8    -232.56      7.07      4.76      2.31  0.06 0.0050
  1.30    8    -232.55      7.07      4.76      2.31  0.06 0.0050
  1.30    8    -232.55      7.01      4.71      2.31  0.06 0.0050
  1.30    8    -232.54      7.08      4.77      2.31  0.06 0.0050
  1.30    8    -232.54      7.08      4.77      2.31  0.06 0.0050
  1.30    8    -232.54      7.06      4.75      2.31  0.06 0.0050
  1.30    8    -232.54      6.99      4.68      2.31  0.06 0.0050
  1.30    8    -232.55      7.01      4.71      2.31  0.06 0.0050
  1.30    8    -232.55      7.00      4.70      2.30  0.06 0.0050
  1.30    9    -232.55      7.02      4.72      2.30  0.06 0.0050
  1.30    9    -232.56      7.05      4.76      2.30  0.06 0.0050
  1.30    9    -232.56      7.03      4.73      2.30  0.06 0.0050
  1.30    9    -232.56      6.97      4.67      2.30  0.06 0.0050
  1.30    9    -232.56      6.97      4.67      2.30  0.06 0.0050
  1.30    9    -232.57      6.92      4.62      2.30  0.06 0.0050
  1.30    9    -232.57      6.91      4.60      2.30  0.06 0.0050
  1.30    9    -232.56      6.92      4.62      2.30  0.06 0.0050
  1.30    9    -232.56      6.93      4.63      2.30  0.06 0.0050
  1.30    9    -232.56      6.92      4.63      2.30  0.06 0.0050
  1.30   10    -232.56      6.93      4.64      2.30  0.06 0.0050
  1.30   10    -232.56      6.91      4.62      2.29  0.06 0.0050
  1.30   10    -232.56      6.92      4.63      2.29  0.06 0.0050
  1.30   10    -232.56      6.88      4.59      2.29  0.06 0.0050
  1.30   10    -232.56      6.86      4.57      2.29  0.06 0.0050
  1.30   10    -232.56      6.88      4.59      2.29  0.06 0.0050
  1.30   10    -232.56      6.88      4.59      2.29  0.06 0.0050
  1.30   10    -232.57      6.81      4.52      2.29  0.06 0.0050
  1.30   10    -232.56      6.82      4.53      2.29  0.06 0.0050
  1.30   10    -232.57      6.81      4.52      2.29  0.06 0.0050
  1.30   11    -232.57      6.84      4.56      2.28  0.06 0.0050
  1.30   11    -232.57      6.89      4.61      2.28  0.06 0.0050
  1.30   11    -232.58      6.95      4.66      2.28  0.06 0.0050
  1.30   11    -232.57      6.93      4.65      2.28  0.06 0.0050
  1.30   11    -232.57      6.87      4.59      2.28  0.06 0.0050
  1.30   11    -232.57      6.84      4.56      2.29  0.06 0.0050
  1.30   11    -232.57      6.80      4.52      2.28  0.06 0.0050
  1.30   11    -232.58      6.85      4.56      2.28  0.06 0.0050
  1.30   11    -232.58      6.84      4.56      2.28  0.06 0.0050
  1.30   11    -232.58      6.84      4.56      2.28  0.06 0.0050
  1.30   12    -232.57      6.86      4.58      2.28  0.06 0.0050
  1.30   12    -232.57      6.86      4.58      2.28  0.06 0.0050
  1.30   12    -232.57      6.82      4.54      2.28  0.06 0.0050
  1.30   12    -232.56      6.84      4.56      2.28  0.06 0.0050
  1.30   12    -232.56      6.83      4.55      2.28  0.06 0.0050
  1.30   12    -232.56      6.81      4.53      2.28  0.06 0.0050
  1.30   12    -232.56      6.81      4.53      2.28  0.06 0.0050
  1.30   12    -232.55      6.79      4.51      2.28  0.06 0.0050
  1.30   12    -232.55      6.81      4.52      2.28  0.06 0.0050
  1.30   12    -232.56      6.80      4.52      2.28  0.06 0.0050
  1.30   13    -232.56      6.83      4.55      2.28  0.06 0.0050
  1.30   13    -232.56      6.84      4.56      2.28  0.06 0.0050
  1.30   13    -232.57      6.84      4.56      2.28  0.06 0.0050
  1.30   13    -232.57      6.86      4.58      2.28  0.06 0.0050
  1.30   13    -232.57      6.80      4.52      2.28  0.06 0.0050
  1.30   13    -232.57      6.83      4.55      2.28  0.06 0.0050
  1.30   13    -232.57      6.86      4.58      2.28  0.06 0.0050
  1.30   13    -232.57      6.86      4.58      2.28  0.06 0.0050
  1.30   13    -232.56      6.86      4.58      2.28  0.06 0.0050
  1.30   13    -232.56      6.86      4.58      2.28  0.06 0.0050
  1.30   14    -232.56      6.83      4.56      2.28  0.06 0.0050
  1.30   14    -232.56      6.80      4.52      2.28  0.06 0.0050
  1.30   14    -232.56      6.83      4.55      2.28  0.06 0.0050
  1.30   14    -232.56      6.80      4.53      2.28  0.06 0.0050
  1.30   14    -232.56      6.82      4.54      2.28  0.06 0.0050
  1.30   14    -232.56      6.82      4.54      2.28  0.06 0.0050
  1.30   14    -232.55      6.84      4.57      2.28  0.06 0.0050
  1.30   14    -232.56      6.86      4.58      2.28  0.06 0.0050
  1.30   14    -232.56      6.88      4.60      2.28  0.06 0.0050
  1.30   14    -232.56      6.86      4.58      2.28  0.06 0.0050
  1.30   15    -232.56      6.85      4.57      2.28  0.06 0.0050
  1.30   15    -232.56      6.84      4.56      2.28  0.06 0.0050
  1.30   15    -232.55      6.82      4.55      2.27  0.06 0.0050
  1.30   15    -232.55      6.83      4.55      2.27  0.06 0.0050
  1.30   15    -232.55      6.83      4.56      2.27  0.06 0.0050
  1.30   15    -232.55      6.82      4.55      2.27  0.06 0.0050
  1.30   15    -232.55      6.78      4.51      2.27  0.06 0.0050
  1.30   15    -232.55      6.80      4.54      2.27  0.06 0.0050
  1.30   15    -232.55      6.80      4.54      2.27  0.06 0.0050
  1.30   15    -232.55      6.81      4.55      2.27  0.06 0.0050
  1.30   16    -232.55      6.79      4.53      2.27  0.06 0.0050
  1.30   16    -232.55      6.80      4.53      2.27  0.06 0.0050
  1.30   16    -232.56      6.80      4.53      2.27  0.06 0.0050
  1.30   16    -232.55      6.77      4.51      2.27  0.06 0.0050
  1.30   16    -232.55      6.79      4.53      2.27  0.06 0.0050
  1.30   16    -232.56      6.80      4.53      2.27  0.06 0.0050
  1.30   16    -232.56      6.80      4.53      2.27  0.06 0.0050
  1.30   16    -232.56      6.79      4.52      2.27  0.06 0.0050
  1.30   16    -232.55      6.83      4.57      2.27  0.06 0.0050
  1.30   16    -232.56      6.82      4.56      2.27  0.06 0.0050
  1.30   17    -232.56      6.81      4.54      2.27  0.06 0.0050
  1.30   17    -232.55      6.79      4.52      2.26  0.06 0.0050
  1.30   17    -232.56      6.78      4.52      2.26  0.06 0.0050
  1.30   17    -232.55      6.78      4.52      2.26  0.06 0.0050
  1.30   17    -232.55      6.76      4.50      2.26  0.06 0.0050
  1.30   17    -232.56      6.74      4.48      2.26  0.06 0.0050
  1.30   17    -232.55      6.75      4.48      2.26  0.06 0.0050
  1.30   17    -232.56      6.75      4.49      2.26  0.06 0.0050
  1.30   17    -232.55      6.74      4.48      2.26  0.06 0.0050
  1.30   17    -232.55      6.73      4.47      2.26  0.06 0.0050
  1.30   18    -232.55      6.74      4.48      2.26  0.06 0.0050
  1.30   18    -232.55      6.75      4.49      2.26  0.06 0.0050
  1.30   18    -232.55      6.73      4.47      2.26  0.06 0.0050
  1.30   18    -232.55      6.72      4.46      2.26  0.06 0.0050
  1.30   18    -232.55      6.69      4.43      2.26  0.06 0.0050
  1.30   18    -232.55      6.67      4.42      2.26  0.06 0.0050
  1.30   18    -232.55      6.67      4.41      2.26  0.06 0.0050
  1.30   18    -232.55      6.65      4.39      2.26  0.06 0.0050
  1.30   18    -232.56      6.64      4.38      2.26  0.06 0.0050
  1.30   18    -232.56      6.66      4.40      2.26  0.06 0.0050
  1.30   19    -232.56      6.67      4.41      2.26  0.06 0.0050
  1.30   19    -232.56      6.67      4.41      2.26  0.06 0.0050
  1.30   19    -232.56      6.66      4.40      2.26  0.06 0.0050
  1.30   19    -232.56      6.66      4.40      2.26  0.06 0.0050
  1.30   19    -232.56      6.69      4.43      2.26  0.06 0.0050
  1.30   19    -232.57      6.66      4.40      2.26  0.06 0.0050
  1.30   19    -232.57      6.66      4.40      2.26  0.06 0.0050
  1.30   19    -232.56      6.65      4.39      2.26  0.06 0.0050
  1.30   19    -232.56      6.64      4.38      2.26  0.06 0.0050
  1.30   19    -232.56      6.63      4.37      2.26  0.06 0.0050
  1.30   20    -232.56      6.64      4.38      2.26  0.06 0.0050
  1.30   20    -232.56      6.64      4.37      2.26  0.06 0.0050
  1.30   20    -232.56      6.61      4.35      2.26  0.06 0.0050
  1.30   20    -232.56      6.60      4.34      2.26  0.06 0.0050
  1.30   20    -232.56      6.61      4.35      2.26  0.06 0.0050
  1.30   20    -232.56      6.60      4.34      2.26  0.06 0.0050
  1.30   20    -232.55      6.62      4.37      2.26  0.06 0.0050
  1.30   20    -232.55      6.64      4.38      2.26  0.06 0.0050
  1.30   20    -232.55      6.65      4.39      2.26  0.06 0.0050
  1.30   20    -232.55      6.64      4.38      2.26  0.06 0.0050
  1.30   21    -232.56      6.68      4.42      2.26  0.06 0.0050
  1.30   21    -232.56      6.70      4.45      2.26  0.06 0.0050
  1.30   21    -232.56      6.70      4.44      2.26  0.06 0.0050
  1.30   21    -232.56      6.70      4.45      2.26  0.06 0.0050
  1.30   21    -232.55      6.72      4.46      2.26  0.06 0.0050
  1.30   21    -232.55      6.69      4.43      2.26  0.06 0.0050
  1.30   21    -232.55      6.71      4.45      2.26  0.06 0.0050
  1.30   21    -232.55      6.70      4.44      2.26  0.06 0.0050
  1.30   21    -232.55      6.70      4.45      2.26  0.06 0.0050
  1.30   21    -232.55      6.71      4.46      2.26  0.06 0.0050
  1.30   22    -232.54      6.72      4.46      2.26  0.06 0.0050
  1.30   22    -232.54      6.72      4.47      2.26  0.06 0.0050
  1.30   22    -232.54      6.73      4.47      2.26  0.06 0.0050
  1.30   22    -232.54      6.73      4.48      2.26  0.06 0.0050
  1.30   22    -232.54      6.73      4.48      2.25  0.06 0.0050
  1.30   22    -232.54      6.71      4.46      2.26  0.06 0.0050
  1.30   22    -232.54      6.71      4.45      2.25  0.06 0.0050
  1.30   22    -232.54      6.69      4.44      2.26  0.06 0.0050
  1.30   22    -232.53      6.66      4.41      2.25  0.06 0.0050
  1.30   22    -232.54      6.66      4.41      2.25  0.06 0.0050
  1.30   23    -232.54      6.67      4.42      2.25  0.06 0.0050
