  1.40    0    -235.19      3.67      2.66      1.01  0.06 0.0050
  1.40    0    -233.53      3.91      2.86      1.05  0.06 0.0050
  1.40    0    -232.86      3.84      2.23      1.62  0.06 0.0050
  1.40    0    -232.30      3.93      2.04      1.89  0.06 0.0050
  1.40    0    -232.52      3.99      2.32      1.67  0.06 0.0050
  1.40    0    -232.15      4.35      2.75      1.61  0.06 0.0050
  1.40    0    -232.04      4.52      3.03      1.49  0.06 0.0050
  1.40    0    -232.02      4.45      2.93      1.53  0.06 0.0050
  1.40    0    -231.98      4.47      2.98      1.49  0.06 0.0050
  1.40    1    -231.97      4.64      3.19      1.45  0.06 0.0050
  1.40    1    -232.00      4.77      3.34      1.42  0.06 0.0050
  1.40    1    -232.03      4.91      3.50      1.41  0.06 0.0050
  1.40    1    -232.07      4.81      3.36      1.45  0.06 0.0050
  1.40    1    -232.02      4.81      3.37      1.45  0.06 0.0050
  1.40    1    -232.08      4.80      3.39      1.41  0.06 0.0050
  1.40    1    -231.97      4.89      3.48      1.41  0.06 0.0050
  1.40    1    -231.88      5.01      3.61      1.40  0.06 0.0050
  1.40    1    -231.86      5.08      3.67      1.42  0.06 0.0050
  1.40    1    -231.81      5.26      3.86      1.40  0.06 0.0050
  1.40    2    -231.79      5.28      3.83      1.45  0.06 0.0050
  1.40    2    -231.79      5.18      3.74      1.44  0.06 0.0050
  1.40    2    -231.76      5.20      3.74      1.46  0.06 0.0050
  1.40    2    -231.74      5.16      3.74      1.41  0.06 0.0050
  1.40    2    -231.75      5.06      3.63      1.42  0.06 0.0050
  1.40    2    -231.74      4.99      3.56      1.43  0.06 0.0050
  1.40    2    -231.74      5.01      3.55      1.47  0.06 0.0050
  1.40    2    -231.75      5.06      3.58      1.47  0.06 0.0050
  1.40    2    -231.74      5.00      3.50      1.50  0.06 0.0050
  1.40    2    -231.69      5.02      3.52      1.50  0.06 0.0050
  1.40    3    -231.69      4.92      3.42      1.50  0.06 0.0050
  1.40    3    -231.65      4.93      3.45      1.48  0.06 0.0050
  1.40    3    -231.65      4.87      3.38      1.49  0.06 0.0050
  1.40    3    -231.67      4.95      3.47      1.48  0.06 0.0050
  1.40    3    -231.66      4.92      3.43      1.50  0.06 0.0050
  1.40    3    -231.64      4.96      3.45      1.50  0.06 0.0050
  1.40    3    -231.62      4.91      3.40      1.51  0.06 0.0050
  1.40    3    -231.60      4.95      3.44      1.51  0.06 0.0050
  1.40    3    -231.58      4.94      3.43      1.51  0.06 0.0050
  1.40    3    -231.55      4.95      3.44      1.51  0.06 0.0050
  1.40    4    -231.54      5.02      3.51      1.51  0.06 0.0050
  1.40    4    -231.53      5.07      3.55      1.52  0.06 0.0050
  1.40    4    -231.52      4.98      3.47      1.52  0.06 0.0050
  1.40    4    -231.50      5.03      3.52      1.51  0.06 0.0050
  1.40    4    -231.50      5.01      3.50      1.51  0.06 0.0050
  1.40    4    -231.47      4.95      3.44      1.50  0.06 0.0050
  1.40    4    -231.49      4.87      3.37      1.50  0.06 0.0050
  1.40    4    -231.49      4.78      3.27      1.51  0.06 0.0050
  1.40    4    -231.49      4.80      3.28      1.51  0.06 0.0050
  1.40    4    -231.48      4.80      3.28      1.52  0.06 0.0050
  1.40    5    -231.48      4.80      3.29      1.52  0.06 0.0050
  1.40    5    -231.46      4.82      3.31      1.52  0.06 0.0050
  1.40    5    -231.44      4.81      3.30      1.52  0.06 0.0050
  1.40    5    -231.43      4.84      3.32      1.52  0.06 0.0050
  1.40    5    -231.44      4.75      3.23      1.52  0.06 0.0050
  1.40    5    -231.42      4.74      3.22      1.52  0.06 0.0050
  1.40    5    -231.40      4.75      3.22      1.53  0.06 0.0050
  1.40    5    -231.39      4.75      3.22      1.53  0.06 0.0050
  1.40    5    -231.39      4.72      3.19      1.54  0.06 0.0050
  1.40    5    -231.38      4.75      3.21      1.54  0.06 0.0050
  1.40    6    -231.37      4.75      3.21      1.54  0.06 0.0050
  1.40    6    -231.35      4.78      3.25      1.54  0.06 0.0050
  1.40    6    -231.35      4.80      3.26      1.54  0.06 0.0050
  1.40    6    -231.34      4.82      3.28      1.54  0.06 0.0050
  1.40    6    -231.33      4.81      3.26      1.54  0.06 0.0050
  1.40    6    -231.33      4.82      3.28      1.55  0.06 0.0050
  1.40    6    -231.34      4.85      3.31      1.55  0.06 0.0050
  1.40    6    -231.33      4.86      3.31      1.55  0.06 0.0050
  1.40    6    -231.32      4.83      3.29      1.55  0.06 0.0050
  1.40    6    -231.32      4.87      3.32      1.55  0.06 0.0050
  1.40    7    -231.33      4.85      3.30      1.55  0.06 0.0050
  1.40    7    -231.33      4.84      3.29      1.55  0.06 0.0050
  1.40    7    -231.33      4.86      3.31      1.55  0.06 0.0050
  1.40    7    -231.33      4.89      3.34      1.55  0.06 0.0050
  1.40    7    -231.33      4.84      3.30      1.54  0.06 0.0050
  1.40    7    -231.33      4.83      3.29      1.54  0.06 0.0050
  1.40    7    -231.34      4.79      3.25      1.54  0.06 0.0050
  1.40    7    -231.33      4.82      3.29      1.53  0.06 0.0050
  1.40    7    -231.33      4.76      3.22      1.53  0.06 0.0050
  1.40    7    -231.32      4.75      3.22      1.53  0.06 0.0050
  1.40    7    -231.31      4.79      3.26      1.53  0.06 0.0050
  1.40    7    -231.30      4.84      3.30      1.53  0.06 0.0050
  1.40    7    -231.30      4.77      3.24      1.53  0.06 0.0050
  1.40    7    -231.30      4.80      3.27      1.53  0.06 0.0050
  1.40    7    -231.29      4.74      3.21      1.53  0.06 0.0050
  1.40    8    -231.29      4.75      3.22      1.53  0.06 0.0050
  1.40    8    -231.29      4.73      3.20      1.53  0.06 0.0050
  1.40    8    -231.29      4.72      3.19      1.53  0.06 0.0050
  1.40    8    -231.28      4.74      3.20      1.54  0.06 0.0050
  1.40    8    -231.27      4.70      3.16      1.54  0.06 0.0050
  1.40    8    -231.27      4.72      3.18      1.54  0.06 0.0050
  1.40    8    -231.26      4.72      3.18      1.54  0.06 0.0050
  1.40    8    -231.26      4.70      3.16      1.54  0.06 0.0050
  1.40    8    -231.27      4.68      3.14      1.54  0.06 0.0050
  1.40    8    -231.27      4.68      3.14      1.54  0.06 0.0050
  1.40    9    -231.26      4.73      3.19      1.54  0.06 0.0050
  1.40    9    -231.26      4.72      3.17      1.54  0.06 0.0050
  1.40    9    -231.26      4.71      3.17      1.54  0.06 0.0050
  1.40    9    -231.26      4.75      3.21      1.54  0.06 0.0050
  1.40    9    -231.26      4.70      3.15      1.55  0.06 0.0050
  1.40    9    -231.26      4.66      3.11      1.55  0.06 0.0050
  1.40    9    -231.26      4.64      3.09      1.55  0.06 0.0050
  1.40    9    -231.26      4.67      3.13      1.54  0.06 0.0050
  1.40    9    -231.26      4.67      3.13      1.54  0.06 0.0050
  1.40    9    -231.25      4.69      3.15      1.55  0.06 0.0050
  1.40   10    -231.26      4.67      3.13      1.54  0.06 0.0050
  1.40   10    -231.26      4.66      3.11      1.55  0.06 0.0050
  1.40   10    -231.25      4.64      3.10      1.55  0.06 0.0050
  1.40   10    -231.25      4.66      3.12      1.54  0.06 0.0050
  1.40   10    -231.25      4.68      3.14      1.54  0.06 0.0050
  1.40   10    -231.25      4.75      3.21      1.54  0.06 0.0050
  1.40   10    -231.25      4.76      3.21      1.54  0.06 0.0050
  1.40   10    -231.24      4.77      3.23      1.54  0.06 0.0050
  1.40   10    -231.25      4.74      3.20      1.54  0.06 0.0050
  1.40   10    -231.25      4.70      3.16      1.54  0.06 0.0050
  1.40   11    -231.25      4.67      3.13      1.54  0.06 0.0050
  1.40   11    -231.25      4.69      3.15      1.54  0.06 0.0050
  1.40   11    -231.25      4.70      3.17      1.54  0.06 0.0050
  1.40   11    -231.24      4.64      3.11      1.54  0.06 0.0050
  1.40   11    -231.24      4.62      3.09      1.53  0.06 0.0050
  1.40   11    -231.24      4.59      3.06      1.53  0.06 0.0050
  1.40   11    -231.24      4.59      3.06      1.53  0.06 0.0050
  1.40   11    -231.24      4.61      3.08      1.53  0.06 0.0050
  1.40   11    -231.23      4.61      3.08      1.53  0.06 0.0050
  1.40   11    -231.22      4.59      3.06      1.53  0.06 0.0050
  1.40   12    -231.22      4.58      3.04      1.53  0.06 0.0050
  1.40   12    -231.22      4.54      3.01      1.53  0.06 0.0050
  1.40   12    -231.22      4.55      3.02      1.53  0.06 0.0050
  1.40   12    -231.22      4.52      2.99      1.53  0.06 0.0050
  1.40   12    -231.22      4.53      3.00      1.53  0.06 0.0050
  1.40   12    -231.22      4.55      3.02      1.53  0.06 0.0050
  1.40   12    -231.22      4.53      3.00      1.53  0.06 0.0050
  1.40   12    -231.22      4.51      2.98      1.53  0.06 0.0050
  1.40   12    -231.22      4.52      2.99      1.53  0.06 0.0050
  1.40   12    -231.22      4.49      2.96      1.53  0.06 0.0050
  1.40   13    -231.21      4.45      2.92      1.53  0.06 0.0050
  1.40   13    -231.22      4.46      2.93      1.52  0.06 0.0050
  1.40   13    -231.22      4.49      2.97      1.53  0.06 0.0050
  1.40   13    -231.22      4.52      2.99      1.52  0.06 0.0050
  1.40   13    -231.21      4.53      3.00      1.53  0.06 0.0050
  1.40   13    -231.22      4.51      2.98      1.53  0.06 0.0050
  1.40   13    -231.22      4.52      2.99      1.53  0.06 0.0050
  1.40   13    -231.22      4.44      2.92      1.53  0.06 0.0050
  1.40   13    -231.22      4.48      2.95      1.53  0.06 0.0050
  1.40   13    -231.22      4.47      2.94      1.53  0.06 0.0050
  1.40   14    -231.22      4.51      2.98      1.53  0.06 0.0050
  1.40   14    -231.22      4.51      2.97      1.53  0.06 0.0050
  1.40   14    -231.22      4.52      2.99      1.53  0.06 0.0050
  1.40   14    -231.22      4.52      2.99      1.53  0.06 0.0050
  1.40   14    -231.22      4.52      2.99      1.53  0.06 0.0050
  1.40   14    -231.22      4.53      2.99      1.53  0.06 0.0050
  1.40   14    -231.22      4.50      2.97      1.53  0.06 0.0050
  1.40   14    -231.22      4.48      2.95      1.53  0.06 0.0050
  1.40   14    -231.22      4.46      2.93      1.53  0.06 0.0050
  1.40   14    -231.23      4.49      2.96      1.53  0.06 0.0050
  1.40   15    -231.23      4.49      2.96      1.53  0.06 0.0050
  1.40   15    -231.22      4.50      2.98      1.52  0.06 0.0050
  1.40   15    -231.22      4.51      2.98      1.52  0.06 0.0050
  1.40   15    -231.21      4.50      2.98      1.52  0.06 0.0050
  1.40   15    -231.22      4.44      2.92      1.52  0.06 0.0050
  1.40   15    -231.22      4.44      2.91      1.52  0.06 0.0050
  1.40   15    -231.22      4.43      2.91      1.52  0.06 0.0050
  1.40   15    -231.22      4.42      2.90      1.52  0.06 0.0050
  1.40   15    -231.21      4.39      2.87      1.53  0.06 0.0050
  1.40   15    -231.21      4.38      2.86      1.52  0.06 0.0050
  1.40   16    -231.21      4.38      2.85      1.52  0.06 0.0050
  1.40   16    -231.22      4.34      2.81      1.53  0.06 0.0050
  1.40   16    -231.22      4.33      2.81      1.53  0.06 0.0050
  1.40   16    -231.21      4.35      2.82      1.53  0.06 0.0050
  1.40   16    -231.21      4.36      2.83      1.53  0.06 0.0050
  1.40   16    -231.21      4.36      2.83      1.53  0.06 0.0050
  1.40   16    -231.22      4.31      2.78      1.53  0.06 0.0050
  1.40   16    -231.21      4.34      2.81      1.53  0.06 0.0050
  1.40   16    -231.21      4.35      2.82      1.53  0.06 0.0050
  1.40   16    -231.21      4.36      2.83      1.53  0.06 0.0050
  1.40   17    -231.21      4.32      2.79      1.53  0.06 0.0050
  1.40   17    -231.21      4.30      2.78      1.53  0.06 0.0050
  1.40   17    -231.20      4.30      2.77      1.53  0.06 0.0050
  1.40   17    -231.20      4.30      2.78      1.53  0.06 0.0050
  1.40   17    -231.20      4.30      2.77      1.53  0.06 0.0050
  1.40   17    -231.20      4.30      2.77      1.53  0.06 0.0050
  1.40   17    -231.20      4.31      2.79      1.53  0.06 0.0050
  1.40   17    -231.20      4.33      2.80      1.53  0.06 0.0050
  1.40   17    -231.20      4.32      2.79      1.53  0.06 0.0050
  1.40   17    -231.20      4.30      2.77      1.53  0.06 0.0050
  1.40   18    -231.20      4.30      2.77      1.53  0.06 0.0050
  1.40   18    -231.21      4.29      2.76      1.53  0.06 0.0050
  1.40   18    -231.21      4.27      2.74      1.53  0.06 0.0050
  1.40   18    -231.21      4.25      2.73      1.53  0.06 0.0050
  1.40   18    -231.21      4.23      2.70      1.53  0.06 0.0050
  1.40   18    -231.21      4.25      2.73      1.53  0.06 0.0050
  1.40   18    -231.21      4.27      2.74      1.53  0.06 0.0050
  1.40   18    -231.20      4.25      2.72      1.53  0.06 0.0050
  1.40   18    -231.20      4.27      2.74      1.53  0.06 0.0050
  1.40   18    -231.20      4.25      2.72      1.53  0.06 0.0050
  1.40   19    -231.21      4.24      2.71      1.53  0.06 0.0050
  1.40   19    -231.21      4.23      2.70      1.53  0.06 0.0050
  1.40   19    -231.21      4.25      2.72      1.53  0.06 0.0050
  1.40   19    -231.21      4.23      2.70      1.53  0.06 0.0050
  1.40   19    -231.21      4.24      2.71      1.53  0.06 0.0050
  1.40   19    -231.21      4.26      2.73      1.53  0.06 0.0050
  1.40   19    -231.21      4.25      2.72      1.53  0.06 0.0050
  1.40   19    -231.21      4.25      2.72      1.53  0.06 0.0050
  1.40   19    -231.21      4.26      2.74      1.53  0.06 0.0050
  1.40   19    -231.21      4.26      2.73      1.53  0.06 0.0050
  1.40   20    -231.21      4.30      2.78      1.53  0.06 0.0050
  1.40   20    -231.21      4.29      2.77      1.53  0.06 0.0050
  1.40   20    -231.21      4.31      2.78      1.53  0.06 0.0050
  1.40   20    -231.21      4.32      2.79      1.53  0.06 0.0050
  1.40   20    -231.21      4.35      2.82      1.53  0.06 0.0050
  1.40   20    -231.21      4.37      2.85      1.52  0.06 0.0050
  1.40   20    -231.21      4.37      2.84      1.53  0.06 0.0050
  1.40   20    -231.21      4.38      2.85      1.53  0.06 0.0050
  1.40   20    -231.21      4.39      2.87      1.53  0.06 0.0050
  1.40   20    -231.21      4.40      2.87      1.53  0.06 0.0050
  1.40   21    -231.21      4.41      2.88      1.53  0.06 0.0050
  1.40   21    -231.21      4.40      2.87      1.53  0.06 0.0050
  1.40   21    -231.21      4.41      2.88      1.53  0.06 0.0050
  1.40   21    -231.20      4.41      2.88      1.53  0.06 0.0050
  1.40   21    -231.21      4.43      2.90      1.53  0.06 0.0050
  1.40   21    -231.21      4.45      2.92      1.53  0.06 0.0050
  1.40   21    -231.21      4.44      2.91      1.53  0.06 0.0050
  1.40   21    -231.21      4.45      2.92      1.53  0.06 0.0050
  1.40   21    -231.20      4.44      2.91      1.53  0.06 0.0050
  1.40   21    -231.21      4.46      2.93      1.53  0.06 0.0050
  1.40   22    -231.20      4.49      2.96      1.53  0.06 0.0050
  1.40   22    -231.20      4.49      2.96      1.53  0.06 0.0050
  1.40   22    -231.20      4.49      2.96      1.53  0.06 0.0050
  1.40   22    -231.20      4.51      2.98      1.53  0.06 0.0050
  1.40   22    -231.20      4.49      2.96      1.53  0.06 0.0050
  1.40   22    -231.21      4.51      2.98      1.53  0.06 0.0050
  1.40   22    -231.21      4.52      3.00      1.53  0.06 0.0050
  1.40   22    -231.21      4.52      3.00      1.53  0.06 0.0050
  1.40   22    -231.21      4.50      2.98      1.53  0.06 0.0050
  1.40   22    -231.21      4.50      2.97      1.53  0.06 0.0050
  1.40   23    -231.21      4.51      2.98      1.53  0.06 0.0050
