  1.50    0    -227.15      1.79      1.50      0.30  0.05 0.0050
  1.50    0    -228.50      1.75      1.41      0.35  0.05 0.0050
  1.50    0    -228.68      2.72      2.12      0.60  0.05 0.0050
  1.50    0    -229.03      2.93      2.32      0.61  0.05 0.0050
  1.50    0    -229.35      2.75      2.00      0.74  0.06 0.0050
  1.50    0    -229.56      3.11      2.18      0.92  0.06 0.0050
  1.50    0    -229.43      3.13      2.11      1.02  0.06 0.0050
  1.50    0    -229.40      3.22      2.13      1.09  0.06 0.0050
  1.50    0    -229.49      3.10      2.04      1.06  0.06 0.0050
  1.50    1    -229.43      2.97      1.84      1.13  0.06 0.0050
  1.50    1    -229.30      3.00      1.82      1.18  0.05 0.0050
  1.50    1    -229.51      3.27      2.09      1.19  0.06 0.0050
  1.50    1    -229.64      3.15      2.00      1.15  0.06 0.0050
  1.50    1    -229.71      3.15      2.07      1.08  0.06 0.0050
  1.50    1    -229.86      3.21      2.18      1.03  0.06 0.0050
  1.50    1    -229.84      3.12      2.11      1.01  0.06 0.0050
  1.50    1    -229.85      3.05      2.05      1.00  0.05 0.0050
  1.50    1    -229.88      3.01      2.05      0.96  0.05 0.0050
  1.50    1    -229.84      3.18      2.22      0.96  0.05 0.0050
  1.50    2    -229.92      3.13      2.16      0.96  0.05 0.0050
  1.50    2    -229.95      3.11      2.16      0.95  0.05 0.0050
  1.50    2    -229.95      3.11      2.16      0.95  0.05 0.0050
  1.50    2    -230.01      3.26      2.32      0.94  0.05 0.0050
  1.50    2    -230.01      3.31      2.38      0.93  0.05 0.0050
  1.50    2    -230.04      3.28      2.34      0.94  0.05 0.0050
  1.50    2    -230.07      3.24      2.30      0.94  0.05 0.0050
  1.50    2    -230.02      3.16      2.22      0.94  0.05 0.0050
  1.50    2    -230.02      3.21      2.27      0.93  0.05 0.0050
  1.50    2    -230.03      3.23      2.30      0.93  0.05 0.0050
  1.50    3    -230.08      3.25      2.30      0.95  0.05 0.0050
  1.50    3    -230.07      3.21      2.24      0.97  0.05 0.0050
  1.50    3    -230.11      3.23      2.27      0.96  0.05 0.0050
  1.50    3    -230.11      3.29      2.35      0.94  0.05 0.0050
  1.50    3    -230.14      3.29      2.33      0.95  0.05 0.0050
  1.50    3    -230.13      3.28      2.33      0.96  0.05 0.0050
  1.50    3    -230.11      3.27      2.31      0.96  0.05 0.0050
  1.50    3    -230.12      3.28      2.30      0.98  0.05 0.0050
  1.50    3    -230.12      3.25      2.25      0.99  0.05 0.0050
  1.50    3    -230.11      3.30      2.31      0.98  0.05 0.0050
  1.50    4    -230.10      3.33      2.35      0.98  0.05 0.0050
  1.50    4    -230.11      3.36      2.38      0.99  0.06 0.0050
  1.50    4    -230.11      3.42      2.44      0.98  0.06 0.0050
  1.50    4    -230.10      3.39      2.40      0.99  0.06 0.0050
  1.50    4    -230.10      3.35      2.35      1.00  0.05 0.0050
  1.50    4    -230.10      3.28      2.27      1.01  0.05 0.0050
  1.50    4    -230.07      3.27      2.26      1.01  0.05 0.0050
  1.50    4    -230.04      3.30      2.28      1.02  0.05 0.0050
  1.50    4    -230.04      3.33      2.31      1.02  0.05 0.0050
  1.50    4    -230.04      3.43      2.41      1.02  0.05 0.0050
  1.50    5    -230.05      3.39      2.37      1.02  0.05 0.0050
  1.50    5    -230.06      3.45      2.43      1.02  0.05 0.0050
  1.50    5    -230.07      3.46      2.44      1.02  0.05 0.0050
  1.50    5    -230.06      3.41      2.38      1.03  0.06 0.0050
  1.50    5    -230.06      3.46      2.43      1.03  0.06 0.0050
  1.50    5    -230.06      3.45      2.42      1.03  0.06 0.0050
  1.50    5    -230.07      3.47      2.44      1.03  0.06 0.0050
  1.50    5    -230.08      3.50      2.46      1.03  0.06 0.0050
  1.50    5    -230.07      3.57      2.55      1.02  0.06 0.0050
  1.50    5    -230.07      3.58      2.55      1.03  0.06 0.0050
  1.50    6    -230.08      3.54      2.51      1.03  0.06 0.0050
  1.50    6    -230.08      3.52      2.49      1.03  0.06 0.0050
  1.50    6    -230.08      3.53      2.50      1.03  0.06 0.0050
  1.50    6    -230.09      3.47      2.44      1.03  0.06 0.0050
  1.50    6    -230.10      3.48      2.45      1.03  0.06 0.0050
  1.50    6    -230.09      3.48      2.45      1.03  0.06 0.0050
  1.50    6    -230.09      3.43      2.39      1.04  0.06 0.0050
  1.50    6    -230.09      3.47      2.43      1.04  0.06 0.0050
  1.50    6    -230.09      3.51      2.48      1.03  0.06 0.0050
  1.50    6    -230.09      3.47      2.43      1.04  0.06 0.0050
  1.50    7    -230.09      3.41      2.38      1.03  0.06 0.0050
  1.50    7    -230.11      3.45      2.42      1.03  0.06 0.0050
  1.50    7    -230.11      3.46      2.43      1.03  0.06 0.0050
  1.50    7    -230.10      3.42      2.39      1.03  0.06 0.0050
  1.50    7    -230.10      3.44      2.40      1.04  0.06 0.0050
  1.50    7    -230.10      3.40      2.36      1.04  0.05 0.0050
  1.50    7    -230.09      3.38      2.34      1.04  0.05 0.0050
  1.50    7    -230.09      3.39      2.35      1.04  0.06 0.0050
  1.50    7    -230.09      3.38      2.34      1.04  0.06 0.0050
  1.50    7    -230.08      3.38      2.33      1.05  0.06 0.0050
  1.50    7    -230.08      3.43      2.37      1.06  0.06 0.0050
  1.50    7    -230.07      3.36      2.30      1.06  0.06 0.0050
  1.50    7    -230.07      3.38      2.33      1.06  0.06 0.0050
  1.50    7    -230.08      3.41      2.35      1.06  0.06 0.0050
  1.50    8    -230.08      3.33      2.27      1.06  0.06 0.0050
  1.50    8    -230.08      3.35      2.29      1.06  0.06 0.0050
  1.50    8    -230.08      3.42      2.36      1.06  0.06 0.0050
  1.50    8    -230.08      3.41      2.35      1.07  0.06 0.0050
  1.50    8    -230.08      3.36      2.30      1.07  0.06 0.0050
  1.50    8    -230.07      3.38      2.31      1.07  0.06 0.0050
  1.50    8    -230.07      3.38      2.31      1.06  0.06 0.0050
  1.50    8    -230.07      3.40      2.33      1.06  0.06 0.0050
  1.50    8    -230.07      3.40      2.34      1.06  0.06 0.0050
  1.50    8    -230.07      3.37      2.31      1.06  0.06 0.0050
  1.50    9    -230.07      3.33      2.27      1.06  0.06 0.0050
  1.50    9    -230.07      3.39      2.33      1.07  0.06 0.0050
  1.50    9    -230.06      3.35      2.29      1.07  0.06 0.0050
  1.50    9    -230.06      3.33      2.27      1.07  0.06 0.0050
  1.50    9    -230.05      3.34      2.28      1.07  0.06 0.0050
  1.50    9    -230.06      3.37      2.31      1.07  0.06 0.0050
  1.50    9    -230.05      3.38      2.31      1.07  0.06 0.0050
  1.50    9    -230.05      3.35      2.28      1.07  0.06 0.0050
  1.50    9    -230.05      3.32      2.25      1.07  0.06 0.0050
  1.50    9    -230.04      3.27      2.20      1.07  0.06 0.0050
  1.50   10    -230.04      3.27      2.19      1.08  0.06 0.0050
  1.50   10    -230.04      3.27      2.19      1.07  0.06 0.0050
  1.50   10    -230.04      3.24      2.17      1.08  0.06 0.0050
  1.50   10    -230.04      3.22      2.15      1.08  0.05 0.0050
  1.50   10    -230.04      3.22      2.14      1.08  0.05 0.0050
  1.50   10    -230.04      3.22      2.14      1.08  0.05 0.0050
  1.50   10    -230.04      3.25      2.17      1.08  0.05 0.0050
  1.50   10    -230.05      3.21      2.13      1.08  0.05 0.0050
  1.50   10    -230.05      3.23      2.15      1.08  0.05 0.0050
  1.50   10    -230.05      3.23      2.14      1.08  0.05 0.0050
  1.50   11    -230.05      3.25      2.16      1.08  0.05 0.0050
  1.50   11    -230.05      3.25      2.17      1.09  0.05 0.0050
  1.50   11    -230.05      3.26      2.18      1.09  0.05 0.0050
  1.50   11    -230.05      3.26      2.17      1.09  0.05 0.0050
  1.50   11    -230.05      3.29      2.20      1.09  0.05 0.0050
  1.50   11    -230.05      3.32      2.23      1.08  0.05 0.0050
  1.50   11    -230.06      3.36      2.27      1.08  0.05 0.0050
  1.50   11    -230.05      3.38      2.30      1.08  0.05 0.0050
  1.50   11    -230.05      3.38      2.30      1.08  0.05 0.0050
  1.50   11    -230.05      3.41      2.33      1.08  0.05 0.0050
  1.50   12    -230.05      3.39      2.31      1.08  0.05 0.0050
  1.50   12    -230.05      3.41      2.33      1.08  0.05 0.0050
  1.50   12    -230.05      3.46      2.38      1.08  0.05 0.0050
  1.50   12    -230.05      3.49      2.40      1.08  0.05 0.0050
  1.50   12    -230.06      3.49      2.40      1.08  0.05 0.0050
  1.50   12    -230.06      3.50      2.42      1.08  0.05 0.0050
  1.50   12    -230.06      3.50      2.42      1.08  0.05 0.0050
  1.50   12    -230.06      3.51      2.43      1.08  0.05 0.0050
  1.50   12    -230.06      3.51      2.42      1.08  0.05 0.0050
  1.50   12    -230.06      3.48      2.40      1.08  0.05 0.0050
  1.50   13    -230.05      3.50      2.42      1.08  0.05 0.0050
  1.50   13    -230.06      3.49      2.41      1.08  0.05 0.0050
  1.50   13    -230.06      3.49      2.41      1.08  0.05 0.0050
  1.50   13    -230.07      3.48      2.40      1.08  0.05 0.0050
  1.50   13    -230.06      3.45      2.37      1.08  0.05 0.0050
  1.50   13    -230.06      3.43      2.34      1.08  0.05 0.0050
  1.50   13    -230.07      3.42      2.33      1.08  0.05 0.0050
  1.50   13    -230.06      3.42      2.34      1.08  0.05 0.0050
  1.50   13    -230.06      3.38      2.29      1.09  0.05 0.0050
  1.50   13    -230.07      3.35      2.27      1.09  0.05 0.0050
  1.50   14    -230.07      3.32      2.24      1.08  0.05 0.0050
  1.50   14    -230.07      3.32      2.24      1.08  0.05 0.0050
  1.50   14    -230.07      3.32      2.24      1.08  0.05 0.0050
  1.50   14    -230.06      3.34      2.26      1.08  0.05 0.0050
  1.50   14    -230.07      3.34      2.27      1.08  0.05 0.0050
  1.50   14    -230.07      3.35      2.27      1.08  0.05 0.0050
  1.50   14    -230.07      3.36      2.28      1.08  0.05 0.0050
  1.50   14    -230.07      3.33      2.25      1.08  0.05 0.0050
  1.50   14    -230.07      3.29      2.21      1.08  0.05 0.0050
  1.50   14    -230.07      3.32      2.23      1.08  0.05 0.0050
  1.50   15    -230.07      3.31      2.22      1.08  0.05 0.0050
  1.50   15    -230.07      3.29      2.21      1.08  0.05 0.0050
  1.50   15    -230.07      3.31      2.23      1.08  0.05 0.0050
  1.50   15    -230.07      3.33      2.24      1.08  0.05 0.0050
  1.50   15    -230.07      3.31      2.23      1.08  0.05 0.0050
  1.50   15    -230.07      3.32      2.24      1.08  0.05 0.0050
  1.50   15    -230.07      3.33      2.24      1.08  0.05 0.0050
  1.50   15    -230.07      3.34      2.26      1.08  0.05 0.0050
  1.50   15    -230.07      3.33      2.25      1.09  0.06 0.0050
  1.50   15    -230.06      3.33      2.24      1.09  0.06 0.0050
  1.50   16    -230.06      3.30      2.22      1.09  0.05 0.0050
  1.50   16    -230.06      3.30      2.22      1.09  0.05 0.0050
  1.50   16    -230.06      3.28      2.20      1.09  0.05 0.0050
  1.50   16    -230.06      3.27      2.18      1.09  0.05 0.0050
  1.50   16    -230.06      3.30      2.21      1.09  0.05 0.0050
  1.50   16    -230.06      3.28      2.19      1.09  0.05 0.0050
  1.50   16    -230.07      3.31      2.23      1.09  0.05 0.0050
  1.50   16    -230.07      3.33      2.25      1.09  0.05 0.0050
  1.50   16    -230.07      3.36      2.27      1.09  0.05 0.0050
  1.50   16    -230.07      3.38      2.29      1.09  0.05 0.0050
  1.50   17    -230.07      3.38      2.30      1.09  0.06 0.0050
  1.50   17    -230.07      3.42      2.33      1.09  0.06 0.0050
  1.50   17    -230.07      3.39      2.30      1.09  0.06 0.0050
  1.50   17    -230.07      3.37      2.28      1.09  0.06 0.0050
  1.50   17    -230.07      3.36      2.28      1.09  0.06 0.0050
  1.50   17    -230.06      3.37      2.28      1.09  0.06 0.0050
  1.50   17    -230.07      3.38      2.29      1.09  0.06 0.0050
  1.50   17    -230.07      3.39      2.30      1.09  0.06 0.0050
  1.50   17    -230.07      3.37      2.28      1.09  0.06 0.0050
  1.50   17    -230.07      3.37      2.28      1.09  0.06 0.0050
  1.50   18    -230.07      3.37      2.28      1.09  0.06 0.0050
  1.50   18    -230.07      3.38      2.28      1.09  0.06 0.0050
  1.50   18    -230.07      3.38      2.29      1.09  0.06 0.0050
  1.50   18    -230.07      3.38      2.28      1.09  0.06 0.0050
  1.50   18    -230.07      3.37      2.28      1.09  0.06 0.0050
  1.50   18    -230.06      3.37      2.27      1.09  0.06 0.0050
  1.50   18    -230.06      3.35      2.26      1.09  0.06 0.0050
  1.50   18    -230.06      3.37      2.27      1.09  0.06 0.0050
  1.50   18    -230.06      3.38      2.29      1.09  0.06 0.0050
  1.50   18    -230.05      3.37      2.28      1.09  0.06 0.0050
  1.50   19    -230.05      3.36      2.27      1.09  0.06 0.0050
  1.50   19    -230.05      3.36      2.27      1.09  0.06 0.0050
  1.50   19    -230.05      3.35      2.25      1.10  0.06 0.0050
  1.50   19    -230.05      3.32      2.23      1.10  0.06 0.0050
  1.50   19    -230.05      3.32      2.23      1.09  0.06 0.0050
  1.50   19    -230.05      3.32      2.22      1.10  0.06 0.0050
  1.50   19    -230.05      3.33      2.23      1.10  0.06 0.0050
  1.50   19    -230.05      3.30      2.20      1.10  0.06 0.0050
  1.50   19    -230.05      3.33      2.24      1.10  0.06 0.0050
  1.50   19    -230.05      3.33      2.23      1.10  0.06 0.0050
  1.50   20    -230.06      3.32      2.23      1.10  0.06 0.0050
  1.50   20    -230.06      3.31      2.21      1.10  0.06 0.0050
  1.50   20    -230.05      3.30      2.20      1.10  0.06 0.0050
  1.50   20    -230.05      3.32      2.22      1.10  0.06 0.0050
  1.50   20    -230.05      3.33      2.23      1.09  0.06 0.0050
  1.50   20    -230.05      3.33      2.24      1.09  0.06 0.0050
  1.50   20    -230.05      3.34      2.24      1.09  0.06 0.0050
  1.50   20    -230.05      3.34      2.25      1.09  0.06 0.0050
  1.50   20    -230.05      3.34      2.24      1.09  0.06 0.0050
  1.50   20    -230.05      3.34      2.25      1.09  0.06 0.0050
  1.50   21    -230.05      3.32      2.23      1.09  0.06 0.0050
  1.50   21    -230.06      3.32      2.23      1.09  0.06 0.0050
  1.50   21    -230.06      3.31      2.22      1.09  0.06 0.0050
  1.50   21    -230.06      3.30      2.21      1.09  0.06 0.0050
  1.50   21    -230.06      3.30      2.20      1.10  0.06 0.0050
  1.50   21    -230.06      3.28      2.18      1.10  0.06 0.0050
  1.50   21    -230.06      3.27      2.17      1.09  0.06 0.0050
  1.50   21    -230.06      3.27      2.18      1.09  0.06 0.0050
  1.50   21    -230.06      3.28      2.19      1.09  0.06 0.0050
  1.50   21    -230.05      3.29      2.20      1.09  0.06 0.0050
  1.50   22    -230.05      3.29      2.20      1.09  0.06 0.0050
  1.50   22    -230.05      3.29      2.20      1.09  0.06 0.0050
  1.50   22    -230.05      3.28      2.19      1.09  0.06 0.0050
  1.50   22    -230.05      3.27      2.19      1.09  0.06 0.0050
  1.50   22    -230.05      3.29      2.20      1.09  0.06 0.0050
  1.50   22    -230.05      3.30      2.21      1.09  0.06 0.0050
  1.50   22    -230.05      3.28      2.19      1.09  0.06 0.0050
  1.50   22    -230.05      3.29      2.20      1.09  0.06 0.0050
  1.50   22    -230.05      3.30      2.21      1.09  0.06 0.0050
  1.50   22    -230.05      3.32      2.23      1.09  0.06 0.0050
  1.50   23    -230.05      3.33      2.24      1.09  0.06 0.0050
