  1.80    0    -228.38      0.73      1.21     -0.48  0.04 0.0050
  1.80    0    -228.46      1.15      1.40     -0.25  0.05 0.0050
  1.80    0    -228.03      1.30      1.40     -0.10  0.05 0.0050
  1.80    0    -227.99      1.16      1.15      0.01  0.05 0.0050
  1.80    0    -228.23      1.27      1.34     -0.06  0.05 0.0050
  1.80    0    -227.93      1.09      1.05      0.04  0.05 0.0050
  1.80    0    -227.95      1.12      1.16     -0.03  0.05 0.0050
  1.80    0    -228.12      1.38      1.36      0.02  0.05 0.0050
  1.80    0    -227.84      1.29      1.18      0.11  0.05 0.0050
  1.80    1    -227.84      1.37      1.24      0.13  0.05 0.0050
  1.80    1    -227.74      1.32      1.12      0.20  0.05 0.0050
  1.80    1    -227.74      1.58      1.31      0.27  0.05 0.0050
  1.80    1    -227.81      1.68      1.42      0.27  0.05 0.0050
  1.80    1    -227.86      1.69      1.45      0.24  0.05 0.0050
  1.80    1    -227.78      1.54      1.26      0.28  0.05 0.0050
  1.80    1    -227.76      1.61      1.26      0.35  0.05 0.0050
  1.80    1    -227.74      1.49      1.11      0.38  0.05 0.0050
  1.80    1    -227.80      1.35      0.98      0.37  0.05 0.0050
  1.80    1    -227.78      1.32      0.94      0.38  0.05 0.0050
  1.80    2    -227.77      1.40      1.01      0.39  0.05 0.0050
  1.80    2    -227.79      1.54      1.11      0.42  0.05 0.0050
  1.80    2    -227.78      1.54      1.11      0.43  0.05 0.0050
  1.80    2    -227.81      1.49      1.04      0.45  0.05 0.0050
  1.80    2    -227.84      1.38      0.90      0.48  0.05 0.0050
  1.80    2    -227.83      1.33      0.84      0.49  0.05 0.0050
  1.80    2    -227.79      1.37      0.88      0.49  0.05 0.0050
  1.80    2    -227.77      1.40      0.89      0.51  0.05 0.0050
  1.80    2    -227.76      1.42      0.93      0.49  0.05 0.0050
  1.80    2    -227.73      1.32      0.82      0.50  0.05 0.0050
  1.80    3    -227.74      1.35      0.85      0.50  0.05 0.0050
  1.80    3    -227.77      1.36      0.89      0.46  0.05 0.0050
  1.80    3    -227.77      1.33      0.84      0.50  0.05 0.0050
  1.80    3    -227.76      1.29      0.79      0.50  0.05 0.0050
  1.80    3    -227.75      1.26      0.76      0.50  0.05 0.0050
  1.80    3    -227.77      1.21      0.72      0.50  0.05 0.0050
  1.80    3    -227.75      1.28      0.77      0.50  0.05 0.0050
  1.80    3    -227.72      1.18      0.68      0.50  0.05 0.0050
  1.80    3    -227.73      1.16      0.65      0.51  0.05 0.0050
  1.80    3    -227.73      1.15      0.65      0.50  0.05 0.0050
  1.80    4    -227.72      1.14      0.64      0.49  0.05 0.0050
  1.80    4    -227.73      1.21      0.71      0.50  0.05 0.0050
  1.80    4    -227.72      1.23      0.73      0.50  0.05 0.0050
  1.80    4    -227.71      1.15      0.65      0.50  0.05 0.0050
  1.80    4    -227.72      1.20      0.70      0.50  0.05 0.0050
  1.80    4    -227.72      1.19      0.69      0.50  0.05 0.0050
  1.80    4    -227.72      1.14      0.64      0.49  0.05 0.0050
  1.80    4    -227.74      1.18      0.68      0.50  0.05 0.0050
  1.80    4    -227.73      1.19      0.69      0.50  0.05 0.0050
  1.80    4    -227.75      1.21      0.71      0.50  0.05 0.0050
  1.80    5    -227.75      1.28      0.79      0.50  0.05 0.0050
  1.80    5    -227.75      1.34      0.84      0.49  0.05 0.0050
  1.80    5    -227.76      1.32      0.83      0.50  0.05 0.0050
  1.80    5    -227.76      1.34      0.83      0.50  0.05 0.0050
  1.80    5    -227.75      1.29      0.78      0.51  0.05 0.0050
  1.80    5    -227.75      1.36      0.86      0.51  0.05 0.0050
  1.80    5    -227.76      1.39      0.87      0.52  0.05 0.0050
  1.80    5    -227.75      1.46      0.95      0.51  0.05 0.0050
  1.80    5    -227.76      1.48      0.97      0.51  0.05 0.0050
  1.80    5    -227.77      1.50      0.99      0.51  0.05 0.0050
  1.80    6    -227.78      1.53      1.02      0.51  0.05 0.0050
  1.80    6    -227.77      1.53      1.02      0.51  0.05 0.0050
  1.80    6    -227.78      1.52      1.00      0.52  0.05 0.0050
  1.80    6    -227.79      1.48      0.97      0.51  0.05 0.0050
  1.80    6    -227.78      1.49      0.98      0.51  0.05 0.0050
  1.80    6    -227.77      1.48      0.97      0.51  0.05 0.0050
  1.80    6    -227.77      1.49      0.98      0.51  0.05 0.0050
  1.80    6    -227.77      1.47      0.96      0.52  0.05 0.0050
  1.80    6    -227.76      1.47      0.95      0.51  0.05 0.0050
  1.80    6    -227.77      1.43      0.91      0.52  0.05 0.0050
  1.80    7    -227.76      1.41      0.90      0.52  0.05 0.0050
  1.80    7    -227.77      1.44      0.92      0.52  0.05 0.0050
  1.80    7    -227.77      1.41      0.89      0.52  0.05 0.0050
  1.80    7    -227.78      1.43      0.91      0.52  0.05 0.0050
  1.80    7    -227.78      1.37      0.84      0.52  0.05 0.0050
  1.80    7    -227.77      1.36      0.83      0.53  0.05 0.0050
  1.80    7    -227.78      1.35      0.83      0.53  0.05 0.0050
  1.80    7    -227.77      1.35      0.82      0.52  0.05 0.0050
  1.80    7    -227.76      1.44      0.92      0.52  0.05 0.0050
  1.80    7    -227.76      1.54      1.02      0.52  0.05 0.0050
  1.80    7    -227.75      1.63      1.10      0.52  0.05 0.0050
  1.80    7    -227.76      1.62      1.10      0.53  0.05 0.0050
  1.80    7    -227.76      1.70      1.17      0.53  0.05 0.0050
  1.80    7    -227.76      1.73      1.20      0.53  0.05 0.0050
  1.80    8    -227.75      1.71      1.18      0.53  0.05 0.0050
  1.80    8    -227.76      1.66      1.13      0.53  0.05 0.0050
  1.80    8    -227.75      1.63      1.09      0.53  0.05 0.0050
  1.80    8    -227.75      1.61      1.08      0.53  0.05 0.0050
  1.80    8    -227.75      1.58      1.04      0.54  0.05 0.0050
  1.80    8    -227.75      1.61      1.07      0.54  0.05 0.0050
  1.80    8    -227.76      1.61      1.08      0.54  0.05 0.0050
  1.80    8    -227.75      1.61      1.07      0.54  0.05 0.0050
  1.80    8    -227.75      1.61      1.08      0.54  0.05 0.0050
  1.80    8    -227.76      1.62      1.08      0.54  0.05 0.0050
  1.80    9    -227.76      1.64      1.10      0.54  0.05 0.0050
  1.80    9    -227.76      1.66      1.11      0.54  0.05 0.0050
  1.80    9    -227.76      1.65      1.11      0.55  0.05 0.0050
  1.80    9    -227.76      1.63      1.09      0.55  0.05 0.0050
  1.80    9    -227.76      1.63      1.09      0.54  0.05 0.0050
  1.80    9    -227.76      1.65      1.12      0.54  0.05 0.0050
  1.80    9    -227.77      1.65      1.11      0.54  0.05 0.0050
  1.80    9    -227.76      1.64      1.10      0.54  0.05 0.0050
  1.80    9    -227.77      1.69      1.15      0.54  0.05 0.0050
  1.80    9    -227.76      1.64      1.10      0.54  0.05 0.0050
  1.80   10    -227.76      1.64      1.10      0.53  0.05 0.0050
  1.80   10    -227.76      1.61      1.07      0.54  0.05 0.0050
  1.80   10    -227.77      1.58      1.05      0.54  0.05 0.0050
  1.80   10    -227.76      1.58      1.05      0.53  0.05 0.0050
  1.80   10    -227.75      1.56      1.03      0.53  0.05 0.0050
  1.80   10    -227.76      1.55      1.02      0.53  0.05 0.0050
  1.80   10    -227.76      1.53      1.00      0.53  0.05 0.0050
  1.80   10    -227.77      1.55      1.02      0.53  0.05 0.0050
  1.80   10    -227.77      1.54      1.01      0.53  0.05 0.0050
  1.80   10    -227.77      1.52      0.99      0.53  0.05 0.0050
  1.80   11    -227.77      1.52      0.99      0.53  0.05 0.0050
  1.80   11    -227.78      1.53      1.00      0.53  0.05 0.0050
  1.80   11    -227.78      1.53      1.00      0.54  0.05 0.0050
  1.80   11    -227.78      1.55      1.01      0.54  0.05 0.0050
  1.80   11    -227.77      1.51      0.97      0.54  0.05 0.0050
  1.80   11    -227.77      1.47      0.93      0.54  0.05 0.0050
  1.80   11    -227.77      1.47      0.93      0.54  0.05 0.0050
  1.80   11    -227.77      1.45      0.91      0.54  0.05 0.0050
  1.80   11    -227.78      1.46      0.92      0.54  0.05 0.0050
  1.80   11    -227.78      1.48      0.94      0.54  0.05 0.0050
  1.80   12    -227.78      1.46      0.92      0.54  0.05 0.0050
  1.80   12    -227.78      1.49      0.95      0.54  0.05 0.0050
  1.80   12    -227.78      1.49      0.94      0.54  0.05 0.0050
  1.80   12    -227.78      1.49      0.95      0.54  0.05 0.0050
  1.80   12    -227.79      1.48      0.94      0.54  0.05 0.0050
  1.80   12    -227.78      1.49      0.95      0.54  0.05 0.0050
  1.80   12    -227.79      1.47      0.93      0.54  0.05 0.0050
  1.80   12    -227.79      1.49      0.95      0.54  0.05 0.0050
  1.80   12    -227.79      1.50      0.96      0.54  0.05 0.0050
  1.80   12    -227.79      1.52      0.98      0.54  0.05 0.0050
  1.80   13    -227.79      1.53      0.99      0.54  0.05 0.0050
  1.80   13    -227.79      1.55      1.01      0.54  0.05 0.0050
  1.80   13    -227.78      1.54      1.00      0.54  0.05 0.0050
  1.80   13    -227.78      1.52      0.98      0.54  0.05 0.0050
  1.80   13    -227.78      1.49      0.95      0.54  0.05 0.0050
  1.80   13    -227.78      1.48      0.94      0.54  0.05 0.0050
  1.80   13    -227.78      1.45      0.91      0.54  0.05 0.0050
  1.80   13    -227.78      1.49      0.95      0.54  0.05 0.0050
  1.80   13    -227.78      1.50      0.96      0.54  0.05 0.0050
  1.80   13    -227.79      1.49      0.95      0.54  0.05 0.0050
  1.80   14    -227.78      1.50      0.96      0.54  0.05 0.0050
  1.80   14    -227.78      1.46      0.93      0.54  0.05 0.0050
  1.80   14    -227.79      1.49      0.95      0.54  0.05 0.0050
  1.80   14    -227.79      1.51      0.97      0.54  0.05 0.0050
  1.80   14    -227.79      1.48      0.95      0.54  0.05 0.0050
  1.80   14    -227.78      1.49      0.95      0.54  0.05 0.0050
  1.80   14    -227.79      1.50      0.97      0.54  0.05 0.0050
  1.80   14    -227.79      1.50      0.96      0.54  0.05 0.0050
  1.80   14    -227.78      1.51      0.97      0.54  0.05 0.0050
  1.80   14    -227.78      1.53      0.99      0.54  0.05 0.0050
  1.80   15    -227.78      1.49      0.96      0.54  0.05 0.0050
  1.80   15    -227.78      1.50      0.96      0.54  0.05 0.0050
  1.80   15    -227.78      1.48      0.94      0.54  0.05 0.0050
  1.80   15    -227.79      1.49      0.95      0.54  0.05 0.0050
  1.80   15    -227.78      1.51      0.97      0.54  0.05 0.0050
  1.80   15    -227.78      1.50      0.95      0.54  0.05 0.0050
  1.80   15    -227.78      1.52      0.97      0.54  0.05 0.0050
  1.80   15    -227.78      1.51      0.97      0.54  0.05 0.0050
  1.80   15    -227.78      1.50      0.96      0.54  0.05 0.0050
  1.80   15    -227.78      1.50      0.96      0.54  0.05 0.0050
  1.80   16    -227.78      1.49      0.95      0.54  0.05 0.0050
  1.80   16    -227.78      1.50      0.96      0.54  0.05 0.0050
  1.80   16    -227.79      1.51      0.97      0.54  0.05 0.0050
  1.80   16    -227.79      1.49      0.95      0.54  0.05 0.0050
  1.80   16    -227.79      1.51      0.97      0.54  0.05 0.0050
  1.80   16    -227.79      1.51      0.97      0.54  0.05 0.0050
  1.80   16    -227.79      1.52      0.99      0.54  0.05 0.0050
  1.80   16    -227.79      1.53      1.00      0.53  0.05 0.0050
  1.80   16    -227.79      1.53      0.99      0.53  0.05 0.0050
  1.80   16    -227.79      1.51      0.97      0.54  0.05 0.0050
  1.80   17    -227.79      1.51      0.98      0.54  0.05 0.0050
  1.80   17    -227.79      1.50      0.96      0.53  0.05 0.0050
  1.80   17    -227.79      1.48      0.94      0.53  0.05 0.0050
  1.80   17    -227.79      1.47      0.94      0.53  0.05 0.0050
  1.80   17    -227.79      1.48      0.95      0.53  0.05 0.0050
  1.80   17    -227.80      1.49      0.96      0.53  0.05 0.0050
  1.80   17    -227.79      1.49      0.96      0.53  0.05 0.0050
  1.80   17    -227.79      1.48      0.95      0.53  0.05 0.0050
  1.80   17    -227.79      1.49      0.95      0.53  0.05 0.0050
  1.80   17    -227.79      1.50      0.97      0.53  0.05 0.0050
  1.80   18    -227.79      1.50      0.97      0.53  0.05 0.0050
  1.80   18    -227.79      1.52      0.99      0.53  0.05 0.0050
  1.80   18    -227.79      1.54      1.00      0.53  0.05 0.0050
  1.80   18    -227.79      1.53      1.00      0.53  0.05 0.0050
  1.80   18    -227.78      1.55      1.02      0.53  0.05 0.0050
  1.80   18    -227.78      1.55      1.02      0.53  0.05 0.0050
  1.80   18    -227.78      1.57      1.03      0.54  0.05 0.0050
  1.80   18    -227.79      1.55      1.01      0.53  0.05 0.0050
  1.80   18    -227.79      1.54      1.01      0.53  0.05 0.0050
  1.80   18    -227.79      1.55      1.01      0.53  0.05 0.0050
  1.80   19    -227.79      1.56      1.02      0.53  0.05 0.0050
  1.80   19    -227.79      1.56      1.02      0.53  0.05 0.0050
  1.80   19    -227.78      1.56      1.03      0.53  0.05 0.0050
  1.80   19    -227.78      1.57      1.04      0.53  0.05 0.0050
  1.80   19    -227.79      1.55      1.01      0.53  0.05 0.0050
  1.80   19    -227.78      1.55      1.01      0.53  0.05 0.0050
  1.80   19    -227.78      1.54      1.01      0.53  0.05 0.0050
  1.80   19    -227.78      1.55      1.02      0.53  0.05 0.0050
  1.80   19    -227.78      1.54      1.01      0.53  0.05 0.0050
  1.80   19    -227.78      1.54      1.01      0.53  0.05 0.0050
  1.80   20    -227.78      1.52      0.98      0.53  0.05 0.0050
  1.80   20    -227.78      1.52      0.98      0.53  0.05 0.0050
  1.80   20    -227.78      1.52      0.98      0.53  0.05 0.0050
  1.80   20    -227.77      1.50      0.97      0.53  0.05 0.0050
  1.80   20    -227.77      1.51      0.97      0.53  0.05 0.0050
  1.80   20    -227.77      1.49      0.96      0.53  0.05 0.0050
  1.80   20    -227.77      1.48      0.95      0.53  0.05 0.0050
  1.80   20    -227.77      1.48      0.94      0.53  0.05 0.0050
  1.80   20    -227.76      1.49      0.96      0.53  0.05 0.0050
  1.80   20    -227.77      1.47      0.94      0.53  0.05 0.0050
  1.80   21    -227.77      1.47      0.94      0.53  0.05 0.0050
  1.80   21    -227.77      1.49      0.96      0.53  0.05 0.0050
  1.80   21    -227.77      1.49      0.96      0.53  0.05 0.0050
  1.80   21    -227.77      1.49      0.96      0.53  0.05 0.0050
  1.80   21    -227.77      1.48      0.95      0.53  0.05 0.0050
  1.80   21    -227.77      1.48      0.94      0.53  0.05 0.0050
  1.80   21    -227.77      1.49      0.96      0.53  0.05 0.0050
  1.80   21    -227.77      1.47      0.94      0.53  0.05 0.0050
  1.80   21    -227.77      1.47      0.94      0.53  0.05 0.0050
  1.80   21    -227.77      1.47      0.93      0.53  0.05 0.0050
  1.80   22    -227.77      1.46      0.93      0.53  0.05 0.0050
  1.80   22    -227.77      1.46      0.93      0.53  0.05 0.0050
  1.80   22    -227.77      1.48      0.95      0.53  0.05 0.0050
  1.80   22    -227.77      1.49      0.95      0.53  0.05 0.0050
  1.80   22    -227.77      1.50      0.96      0.53  0.05 0.0050
  1.80   22    -227.77      1.49      0.96      0.53  0.05 0.0050
  1.80   22    -227.77      1.50      0.97      0.54  0.05 0.0050
  1.80   22    -227.77      1.51      0.98      0.53  0.05 0.0050
  1.80   22    -227.77      1.53      0.99      0.54  0.05 0.0050
  1.80   22    -227.77      1.54      1.00      0.54  0.05 0.0050
  1.80   23    -227.77      1.55      1.01      0.54  0.05 0.0050
