  2.00    0    -228.40      1.79      0.72      1.07  0.06 0.0050
  2.00    0    -227.02      1.18      0.82      0.36  0.05 0.0050
  2.00    0    -226.86      1.17      0.80      0.36  0.05 0.0050
  2.00    0    -226.99      0.87      0.60      0.27  0.05 0.0050
  2.00    0    -226.72      0.71      0.35      0.36  0.05 0.0050
  2.00    0    -226.66      0.65      0.43      0.22  0.05 0.0050
  2.00    0    -226.65      0.86      0.78      0.08  0.05 0.0050
  2.00    0    -226.81      0.77      0.60      0.17  0.05 0.0050
  2.00    0    -226.61      0.92      0.66      0.26  0.05 0.0050
  2.00    1    -226.53      0.94      0.72      0.22  0.05 0.0050
  2.00    1    -226.45      0.93      0.76      0.17  0.05 0.0050
  2.00    1    -226.65      1.16      0.98      0.18  0.05 0.0050
  2.00    1    -226.52      1.08      0.94      0.14  0.05 0.0050
  2.00    1    -226.57      1.12      0.96      0.15  0.05 0.0050
  2.00    1    -226.54      1.01      0.90      0.12  0.05 0.0050
  2.00    1    -226.45      0.99      0.89      0.10  0.05 0.0050
  2.00    1    -226.52      1.05      0.94      0.11  0.05 0.0050
  2.00    1    -226.54      1.11      0.99      0.12  0.05 0.0050
  2.00    1    -226.53      1.19      1.02      0.16  0.05 0.0050
  2.00    2    -226.57      1.12      0.95      0.17  0.05 0.0050
  2.00    2    -226.60      1.04      0.83      0.21  0.05 0.0050
  2.00    2    -226.60      1.13      0.90      0.23  0.05 0.0050
  2.00    2    -226.56      1.06      0.83      0.23  0.05 0.0050
  2.00    2    -226.54      1.07      0.87      0.20  0.05 0.0050
  2.00    2    -226.59      1.11      0.88      0.23  0.05 0.0050
  2.00    2    -226.54      1.21      0.97      0.24  0.05 0.0050
  2.00    2    -226.58      1.18      0.96      0.22  0.05 0.0050
  2.00    2    -226.63      1.10      0.85      0.26  0.05 0.0050
  2.00    2    -226.64      1.03      0.79      0.24  0.05 0.0050
  2.00    3    -226.66      1.08      0.86      0.23  0.05 0.0050
  2.00    3    -226.66      1.00      0.76      0.24  0.05 0.0050
  2.00    3    -226.67      1.01      0.78      0.23  0.05 0.0050
  2.00    3    -226.65      1.08      0.85      0.23  0.05 0.0050
  2.00    3    -226.65      1.08      0.86      0.22  0.05 0.0050
  2.00    3    -226.65      1.11      0.90      0.21  0.05 0.0050
  2.00    3    -226.67      1.09      0.86      0.23  0.05 0.0050
  2.00    3    -226.68      1.11      0.89      0.22  0.05 0.0050
  2.00    3    -226.71      1.09      0.86      0.23  0.05 0.0050
  2.00    3    -226.69      1.09      0.86      0.23  0.05 0.0050
  2.00    4    -226.70      1.05      0.81      0.23  0.05 0.0050
  2.00    4    -226.69      0.97      0.74      0.23  0.05 0.0050
  2.00    4    -226.69      0.93      0.71      0.23  0.05 0.0050
  2.00    4    -226.68      0.88      0.64      0.23  0.05 0.0050
  2.00    4    -226.66      0.83      0.59      0.24  0.05 0.0050
  2.00    4    -226.67      0.83      0.58      0.25  0.05 0.0050
  2.00    4    -226.68      0.82      0.55      0.27  0.05 0.0050
  2.00    4    -226.69      0.82      0.55      0.26  0.05 0.0050
  2.00    4    -226.70      0.85      0.58      0.27  0.05 0.0050
  2.00    4    -226.70      0.84      0.57      0.28  0.05 0.0050
  2.00    5    -226.71      0.81      0.54      0.27  0.05 0.0050
  2.00    5    -226.72      0.78      0.50      0.28  0.05 0.0050
  2.00    5    -226.74      0.73      0.45      0.27  0.05 0.0050
  2.00    5    -226.75      0.70      0.43      0.28  0.05 0.0050
  2.00    5    -226.74      0.77      0.49      0.28  0.05 0.0050
  2.00    5    -226.74      0.83      0.56      0.28  0.05 0.0050
  2.00    5    -226.74      0.77      0.49      0.28  0.05 0.0050
  2.00    5    -226.74      0.77      0.47      0.30  0.05 0.0050
  2.00    5    -226.74      0.77      0.47      0.30  0.05 0.0050
  2.00    5    -226.74      0.78      0.48      0.30  0.05 0.0050
  2.00    6    -226.74      0.75      0.45      0.30  0.05 0.0050
  2.00    6    -226.75      0.78      0.48      0.30  0.05 0.0050
  2.00    6    -226.74      0.78      0.49      0.30  0.05 0.0050
  2.00    6    -226.75      0.80      0.50      0.30  0.05 0.0050
  2.00    6    -226.75      0.78      0.49      0.29  0.05 0.0050
  2.00    6    -226.75      0.72      0.43      0.29  0.05 0.0050
  2.00    6    -226.76      0.73      0.43      0.29  0.05 0.0050
  2.00    6    -226.76      0.70      0.41      0.29  0.05 0.0050
  2.00    6    -226.76      0.70      0.41      0.29  0.05 0.0050
  2.00    6    -226.76      0.72      0.43      0.29  0.05 0.0050
  2.00    7    -226.76      0.68      0.40      0.28  0.05 0.0050
  2.00    7    -226.76      0.73      0.45      0.28  0.05 0.0050
  2.00    7    -226.76      0.75      0.47      0.28  0.05 0.0050
  2.00    7    -226.76      0.74      0.46      0.28  0.05 0.0050
  2.00    7    -226.76      0.72      0.44      0.28  0.05 0.0050
  2.00    7    -226.75      0.73      0.45      0.28  0.05 0.0050
  2.00    7    -226.76      0.72      0.43      0.29  0.05 0.0050
  2.00    7    -226.77      0.72      0.43      0.29  0.05 0.0050
  2.00    7    -226.76      0.77      0.48      0.29  0.05 0.0050
  2.00    7    -226.76      0.79      0.50      0.29  0.05 0.0050
  2.00    7    -226.76      0.79      0.50      0.30  0.05 0.0050
  2.00    7    -226.77      0.79      0.49      0.29  0.05 0.0050
  2.00    7    -226.76      0.82      0.53      0.29  0.05 0.0050
  2.00    7    -226.76      0.84      0.55      0.29  0.05 0.0050
  2.00    8    -226.76      0.89      0.59      0.29  0.05 0.0050
  2.00    8    -226.76      0.90      0.60      0.30  0.05 0.0050
  2.00    8    -226.76      0.97      0.67      0.29  0.05 0.0050
  2.00    8    -226.76      1.01      0.72      0.29  0.05 0.0050
  2.00    8    -226.77      1.03      0.73      0.29  0.05 0.0050
  2.00    8    -226.76      1.05      0.76      0.29  0.05 0.0050
  2.00    8    -226.76      1.02      0.73      0.29  0.05 0.0050
  2.00    8    -226.76      0.99      0.69      0.30  0.05 0.0050
  2.00    8    -226.75      0.93      0.63      0.30  0.05 0.0050
  2.00    8    -226.75      0.94      0.64      0.30  0.05 0.0050
  2.00    9    -226.75      0.98      0.68      0.30  0.05 0.0050
  2.00    9    -226.75      0.99      0.69      0.30  0.05 0.0050
  2.00    9    -226.75      0.98      0.67      0.30  0.05 0.0050
  2.00    9    -226.75      1.02      0.72      0.30  0.05 0.0050
  2.00    9    -226.74      1.05      0.75      0.31  0.05 0.0050
  2.00    9    -226.74      1.08      0.77      0.30  0.05 0.0050
  2.00    9    -226.74      1.03      0.72      0.31  0.05 0.0050
  2.00    9    -226.75      1.03      0.72      0.31  0.05 0.0050
  2.00    9    -226.75      0.99      0.68      0.31  0.05 0.0050
  2.00    9    -226.75      0.97      0.67      0.31  0.05 0.0050
  2.00   10    -226.75      0.98      0.67      0.31  0.05 0.0050
  2.00   10    -226.75      0.98      0.67      0.31  0.05 0.0050
  2.00   10    -226.75      0.97      0.66      0.32  0.05 0.0050
  2.00   10    -226.75      0.98      0.66      0.32  0.05 0.0050
  2.00   10    -226.75      1.03      0.72      0.32  0.05 0.0050
  2.00   10    -226.75      1.01      0.70      0.32  0.05 0.0050
  2.00   10    -226.74      1.01      0.69      0.32  0.05 0.0050
  2.00   10    -226.74      1.03      0.71      0.32  0.05 0.0050
  2.00   10    -226.74      1.03      0.71      0.32  0.05 0.0050
  2.00   10    -226.74      1.01      0.69      0.32  0.05 0.0050
  2.00   11    -226.75      1.01      0.70      0.32  0.05 0.0050
  2.00   11    -226.75      1.03      0.71      0.32  0.05 0.0050
  2.00   11    -226.75      1.08      0.77      0.32  0.05 0.0050
  2.00   11    -226.76      1.07      0.76      0.31  0.05 0.0050
  2.00   11    -226.76      1.10      0.78      0.32  0.05 0.0050
  2.00   11    -226.76      1.11      0.79      0.32  0.05 0.0050
  2.00   11    -226.76      1.08      0.76      0.32  0.05 0.0050
  2.00   11    -226.77      1.09      0.77      0.32  0.05 0.0050
  2.00   11    -226.76      1.11      0.79      0.32  0.05 0.0050
  2.00   11    -226.76      1.12      0.80      0.32  0.05 0.0050
  2.00   12    -226.76      1.07      0.75      0.32  0.05 0.0050
  2.00   12    -226.76      1.09      0.77      0.32  0.05 0.0050
  2.00   12    -226.76      1.06      0.75      0.32  0.05 0.0050
  2.00   12    -226.76      1.07      0.75      0.32  0.05 0.0050
  2.00   12    -226.77      1.03      0.71      0.32  0.05 0.0050
  2.00   12    -226.76      0.98      0.67      0.32  0.05 0.0050
  2.00   12    -226.76      0.99      0.68      0.31  0.05 0.0050
  2.00   12    -226.76      1.00      0.68      0.31  0.05 0.0050
  2.00   12    -226.77      0.96      0.65      0.31  0.05 0.0050
  2.00   12    -226.76      0.95      0.64      0.31  0.05 0.0050
  2.00   13    -226.76      0.97      0.66      0.31  0.05 0.0050
  2.00   13    -226.76      1.01      0.70      0.32  0.05 0.0050
  2.00   13    -226.76      0.99      0.67      0.32  0.05 0.0050
  2.00   13    -226.76      0.99      0.67      0.32  0.05 0.0050
  2.00   13    -226.77      1.01      0.69      0.32  0.05 0.0050
  2.00   13    -226.77      0.99      0.66      0.32  0.05 0.0050
  2.00   13    -226.76      0.96      0.64      0.32  0.05 0.0050
  2.00   13    -226.76      0.95      0.63      0.32  0.05 0.0050
  2.00   13    -226.76      0.94      0.61      0.32  0.05 0.0050
  2.00   13    -226.76      0.93      0.61      0.32  0.05 0.0050
  2.00   14    -226.76      0.95      0.63      0.33  0.05 0.0050
  2.00   14    -226.77      0.96      0.64      0.33  0.05 0.0050
  2.00   14    -226.77      0.99      0.67      0.33  0.05 0.0050
  2.00   14    -226.77      1.00      0.68      0.32  0.05 0.0050
  2.00   14    -226.77      1.00      0.68      0.33  0.05 0.0050
  2.00   14    -226.77      1.01      0.68      0.33  0.05 0.0050
  2.00   14    -226.78      1.00      0.67      0.33  0.05 0.0050
  2.00   14    -226.78      1.02      0.70      0.33  0.05 0.0050
  2.00   14    -226.78      1.03      0.70      0.33  0.05 0.0050
  2.00   14    -226.79      1.02      0.70      0.32  0.05 0.0050
  2.00   15    -226.79      1.00      0.67      0.33  0.05 0.0050
  2.00   15    -226.78      1.01      0.68      0.33  0.05 0.0050
  2.00   15    -226.79      1.04      0.72      0.32  0.05 0.0050
  2.00   15    -226.79      1.01      0.69      0.32  0.05 0.0050
  2.00   15    -226.79      1.02      0.69      0.32  0.05 0.0050
  2.00   15    -226.79      1.02      0.69      0.33  0.05 0.0050
  2.00   15    -226.79      1.01      0.69      0.33  0.05 0.0050
  2.00   15    -226.79      1.01      0.68      0.33  0.05 0.0050
  2.00   15    -226.79      0.98      0.66      0.33  0.05 0.0050
  2.00   15    -226.79      0.99      0.66      0.33  0.05 0.0050
  2.00   16    -226.79      1.00      0.67      0.33  0.05 0.0050
  2.00   16    -226.79      1.05      0.72      0.33  0.05 0.0050
  2.00   16    -226.79      1.07      0.74      0.33  0.05 0.0050
  2.00   16    -226.79      1.09      0.76      0.33  0.05 0.0050
  2.00   16    -226.79      1.10      0.77      0.33  0.05 0.0050
  2.00   16    -226.80      1.11      0.78      0.33  0.05 0.0050
  2.00   16    -226.80      1.11      0.78      0.33  0.05 0.0050
  2.00   16    -226.80      1.13      0.80      0.33  0.05 0.0050
  2.00   16    -226.80      1.12      0.79      0.33  0.05 0.0050
  2.00   16    -226.79      1.10      0.77      0.33  0.05 0.0050
  2.00   17    -226.79      1.11      0.78      0.33  0.05 0.0050
  2.00   17    -226.79      1.09      0.76      0.33  0.05 0.0050
  2.00   17    -226.80      1.07      0.75      0.33  0.05 0.0050
  2.00   17    -226.80      1.09      0.77      0.33  0.05 0.0050
  2.00   17    -226.80      1.11      0.78      0.33  0.05 0.0050
  2.00   17    -226.80      1.10      0.77      0.33  0.05 0.0050
  2.00   17    -226.81      1.09      0.76      0.33  0.05 0.0050
  2.00   17    -226.81      1.08      0.75      0.33  0.05 0.0050
  2.00   17    -226.81      1.09      0.76      0.33  0.05 0.0050
  2.00   17    -226.81      1.08      0.75      0.33  0.05 0.0050
  2.00   18    -226.81      1.07      0.74      0.33  0.05 0.0050
  2.00   18    -226.81      1.10      0.77      0.33  0.05 0.0050
  2.00   18    -226.81      1.10      0.77      0.33  0.05 0.0050
  2.00   18    -226.81      1.08      0.75      0.33  0.05 0.0050
  2.00   18    -226.81      1.09      0.76      0.33  0.05 0.0050
  2.00   18    -226.81      1.10      0.77      0.33  0.05 0.0050
  2.00   18    -226.81      1.10      0.77      0.33  0.05 0.0050
  2.00   18    -226.81      1.09      0.76      0.33  0.05 0.0050
  2.00   18    -226.81      1.08      0.75      0.33  0.05 0.0050
  2.00   18    -226.81      1.09      0.76      0.33  0.05 0.0050
  2.00   19    -226.81      1.11      0.78      0.33  0.05 0.0050
  2.00   19    -226.81      1.10      0.78      0.33  0.05 0.0050
  2.00   19    -226.81      1.12      0.79      0.33  0.05 0.0050
  2.00   19    -226.81      1.12      0.80      0.33  0.05 0.0050
  2.00   19    -226.81      1.11      0.78      0.33  0.05 0.0050
  2.00   19    -226.81      1.09      0.77      0.33  0.05 0.0050
  2.00   19    -226.81      1.07      0.74      0.33  0.05 0.0050
  2.00   19    -226.81      1.04      0.71      0.33  0.05 0.0050
  2.00   19    -226.81      1.04      0.71      0.33  0.05 0.0050
  2.00   19    -226.80      1.08      0.76      0.33  0.05 0.0050
  2.00   20    -226.80      1.09      0.76      0.33  0.05 0.0050
  2.00   20    -226.80      1.10      0.77      0.33  0.05 0.0050
  2.00   20    -226.79      1.11      0.78      0.33  0.05 0.0050
  2.00   20    -226.80      1.12      0.79      0.33  0.05 0.0050
  2.00   20    -226.80      1.13      0.80      0.33  0.05 0.0050
  2.00   20    -226.79      1.12      0.80      0.33  0.05 0.0050
  2.00   20    -226.79      1.11      0.78      0.33  0.05 0.0050
  2.00   20    -226.79      1.08      0.75      0.33  0.05 0.0050
  2.00   20    -226.80      1.08      0.75      0.33  0.05 0.0050
  2.00   20    -226.80      1.08      0.75      0.33  0.05 0.0050
  2.00   21    -226.80      1.06      0.73      0.33  0.05 0.0050
  2.00   21    -226.80      1.06      0.73      0.33  0.05 0.0050
  2.00   21    -226.80      1.08      0.75      0.33  0.05 0.0050
  2.00   21    -226.80      1.08      0.75      0.33  0.05 0.0050
  2.00   21    -226.80      1.06      0.73      0.33  0.05 0.0050
  2.00   21    -226.80      1.06      0.73      0.33  0.05 0.0050
  2.00   21    -226.80      1.08      0.75      0.33  0.05 0.0050
  2.00   21    -226.80      1.09      0.76      0.33  0.05 0.0050
  2.00   21    -226.81      1.09      0.76      0.33  0.05 0.0050
  2.00   21    -226.81      1.08      0.75      0.33  0.05 0.0050
  2.00   22    -226.81      1.07      0.74      0.33  0.05 0.0050
  2.00   22    -226.81      1.10      0.76      0.33  0.05 0.0050
  2.00   22    -226.81      1.08      0.75      0.33  0.05 0.0050
  2.00   22    -226.81      1.08      0.75      0.33  0.05 0.0050
  2.00   22    -226.81      1.09      0.76      0.33  0.05 0.0050
  2.00   22    -226.81      1.09      0.76      0.33  0.05 0.0050
  2.00   22    -226.81      1.09      0.76      0.33  0.05 0.0050
  2.00   22    -226.81      1.09      0.76      0.34  0.05 0.0050
  2.00   22    -226.81      1.08      0.74      0.34  0.05 0.0050
  2.00   22    -226.81      1.06      0.72      0.34  0.05 0.0050
  2.00   23    -226.81      1.05      0.72      0.34  0.05 0.0050
