  2.20    0    -226.46     -1.87     -1.47     -0.40  0.05 0.0050
  2.20    0    -226.02     -0.88     -0.80     -0.08  0.05 0.0050
  2.20    0    -226.04     -0.10     -0.14      0.04  0.05 0.0050
  2.20    0    -226.18      0.43      0.37      0.06  0.05 0.0050
  2.20    0    -226.15      0.59      0.44      0.16  0.05 0.0050
  2.20    0    -226.15      0.43      0.31      0.12  0.05 0.0050
  2.20    0    -226.17      0.46      0.24      0.21  0.05 0.0050
  2.20    0    -226.03      0.43      0.25      0.18  0.05 0.0050
  2.20    0    -225.98      0.51      0.31      0.20  0.05 0.0050
  2.20    1    -225.90      0.77      0.49      0.28  0.05 0.0050
  2.20    1    -225.81      0.67      0.39      0.28  0.05 0.0050
  2.20    1    -225.85      0.54      0.32      0.22  0.05 0.0050
  2.20    1    -225.92      0.57      0.37      0.20  0.05 0.0050
  2.20    1    -225.78      0.67      0.47      0.19  0.05 0.0050
  2.20    1    -225.82      0.55      0.29      0.25  0.05 0.0050
  2.20    1    -225.93      0.70      0.49      0.21  0.05 0.0050
  2.20    1    -225.97      0.74      0.53      0.20  0.05 0.0050
  2.20    1    -226.06      0.86      0.67      0.19  0.05 0.0050
  2.20    1    -226.10      1.00      0.80      0.20  0.05 0.0050
  2.20    2    -226.13      0.99      0.83      0.16  0.05 0.0050
  2.20    2    -226.12      0.92      0.75      0.17  0.05 0.0050
  2.20    2    -226.14      0.91      0.73      0.18  0.05 0.0050
  2.20    2    -226.10      0.86      0.62      0.24  0.05 0.0050
  2.20    2    -226.10      0.83      0.55      0.27  0.05 0.0050
  2.20    2    -226.11      0.83      0.55      0.28  0.05 0.0050
  2.20    2    -226.02      0.85      0.55      0.31  0.05 0.0050
  2.20    2    -226.05      0.80      0.51      0.29  0.05 0.0050
  2.20    2    -226.09      0.74      0.45      0.29  0.05 0.0050
  2.20    2    -226.08      0.70      0.41      0.29  0.05 0.0050
  2.20    3    -226.05      0.76      0.47      0.29  0.05 0.0050
  2.20    3    -226.00      0.71      0.40      0.30  0.05 0.0050
  2.20    3    -226.02      0.72      0.41      0.30  0.05 0.0050
  2.20    3    -226.02      0.64      0.33      0.30  0.05 0.0050
  2.20    3    -225.98      0.66      0.37      0.30  0.05 0.0050
  2.20    3    -226.00      0.64      0.34      0.30  0.05 0.0050
  2.20    3    -226.01      0.70      0.41      0.29  0.05 0.0050
  2.20    3    -226.02      0.68      0.38      0.29  0.05 0.0050
  2.20    3    -226.03      0.71      0.42      0.29  0.05 0.0050
  2.20    3    -226.05      0.76      0.48      0.29  0.05 0.0050
  2.20    4    -226.05      0.79      0.50      0.29  0.05 0.0050
  2.20    4    -226.04      0.78      0.50      0.29  0.05 0.0050
  2.20    4    -226.03      0.77      0.49      0.28  0.05 0.0050
  2.20    4    -226.04      0.78      0.49      0.29  0.05 0.0050
  2.20    4    -226.04      0.81      0.53      0.28  0.05 0.0050
  2.20    4    -226.03      0.79      0.51      0.28  0.05 0.0050
  2.20    4    -226.03      0.76      0.46      0.29  0.05 0.0050
  2.20    4    -226.06      0.68      0.39      0.29  0.05 0.0050
  2.20    4    -226.06      0.69      0.39      0.30  0.05 0.0050
  2.20    4    -226.06      0.74      0.44      0.29  0.05 0.0050
  2.20    5    -226.05      0.76      0.46      0.30  0.05 0.0050
  2.20    5    -226.05      0.74      0.44      0.30  0.05 0.0050
  2.20    5    -226.06      0.71      0.42      0.29  0.05 0.0050
  2.20    5    -226.06      0.83      0.55      0.28  0.05 0.0050
  2.20    5    -226.07      0.81      0.53      0.28  0.05 0.0050
  2.20    5    -226.05      0.78      0.50      0.28  0.05 0.0050
  2.20    5    -226.05      0.85      0.57      0.28  0.05 0.0050
  2.20    5    -226.05      0.82      0.53      0.28  0.05 0.0050
  2.20    5    -226.05      0.93      0.65      0.28  0.05 0.0050
  2.20    5    -226.07      0.90      0.62      0.28  0.05 0.0050
  2.20    6    -226.07      0.90      0.62      0.28  0.05 0.0050
  2.20    6    -226.07      0.88      0.60      0.28  0.05 0.0050
  2.20    6    -226.07      0.90      0.63      0.27  0.05 0.0050
  2.20    6    -226.08      1.00      0.73      0.27  0.05 0.0050
  2.20    6    -226.09      0.94      0.67      0.27  0.05 0.0050
  2.20    6    -226.09      0.91      0.63      0.27  0.05 0.0050
  2.20    6    -226.09      0.87      0.59      0.28  0.05 0.0050
  2.20    6    -226.09      0.87      0.60      0.28  0.05 0.0050
  2.20    6    -226.10      0.80      0.53      0.28  0.05 0.0050
  2.20    6    -226.10      0.78      0.51      0.28  0.05 0.0050
  2.20    7    -226.10      0.74      0.47      0.27  0.05 0.0050
  2.20    7    -226.10      0.76      0.49      0.27  0.05 0.0050
  2.20    7    -226.10      0.71      0.44      0.27  0.05 0.0050
  2.20    7    -226.09      0.69      0.43      0.27  0.05 0.0050
  2.20    7    -226.10      0.66      0.40      0.26  0.05 0.0050
  2.20    7    -226.11      0.61      0.36      0.26  0.05 0.0050
  2.20    7    -226.11      0.62      0.36      0.26  0.05 0.0050
  2.20    7    -226.11      0.60      0.34      0.26  0.05 0.0050
  2.20    7    -226.11      0.56      0.31      0.25  0.05 0.0050
  2.20    7    -226.12      0.61      0.36      0.25  0.05 0.0050
  2.20    7    -226.12      0.60      0.34      0.25  0.05 0.0050
  2.20    7    -226.11      0.59      0.33      0.26  0.05 0.0050
  2.20    7    -226.12      0.53      0.27      0.26  0.05 0.0050
  2.20    7    -226.12      0.50      0.24      0.26  0.05 0.0050
  2.20    8    -226.12      0.45      0.19      0.26  0.05 0.0050
  2.20    8    -226.11      0.41      0.15      0.26  0.05 0.0050
  2.20    8    -226.11      0.46      0.19      0.26  0.05 0.0050
  2.20    8    -226.11      0.42      0.16      0.26  0.05 0.0050
  2.20    8    -226.10      0.35      0.09      0.26  0.05 0.0050
  2.20    8    -226.11      0.34      0.08      0.25  0.05 0.0050
  2.20    8    -226.11      0.35      0.09      0.26  0.05 0.0050
  2.20    8    -226.11      0.41      0.16      0.26  0.05 0.0050
  2.20    8    -226.10      0.40      0.14      0.25  0.05 0.0050
  2.20    8    -226.11      0.43      0.17      0.26  0.05 0.0050
  2.20    9    -226.11      0.41      0.16      0.26  0.05 0.0050
  2.20    9    -226.11      0.43      0.17      0.26  0.05 0.0050
  2.20    9    -226.11      0.43      0.17      0.25  0.05 0.0050
  2.20    9    -226.11      0.42      0.17      0.25  0.05 0.0050
  2.20    9    -226.11      0.41      0.16      0.25  0.05 0.0050
  2.20    9    -226.11      0.46      0.21      0.25  0.05 0.0050
  2.20    9    -226.11      0.46      0.22      0.25  0.05 0.0050
  2.20    9    -226.12      0.50      0.25      0.25  0.05 0.0050
  2.20    9    -226.12      0.56      0.31      0.25  0.05 0.0050
  2.20    9    -226.12      0.56      0.31      0.25  0.05 0.0050
  2.20   10    -226.12      0.56      0.31      0.25  0.05 0.0050
  2.20   10    -226.12      0.54      0.29      0.25  0.05 0.0050
  2.20   10    -226.11      0.52      0.27      0.25  0.05 0.0050
  2.20   10    -226.12      0.54      0.29      0.25  0.05 0.0050
  2.20   10    -226.12      0.53      0.28      0.25  0.05 0.0050
  2.20   10    -226.12      0.53      0.28      0.25  0.05 0.0050
  2.20   10    -226.12      0.53      0.28      0.25  0.05 0.0050
  2.20   10    -226.11      0.53      0.28      0.25  0.05 0.0050
  2.20   10    -226.11      0.50      0.25      0.25  0.05 0.0050
  2.20   10    -226.11      0.50      0.25      0.25  0.05 0.0050
  2.20   11    -226.12      0.56      0.30      0.25  0.05 0.0050
  2.20   11    -226.12      0.61      0.36      0.25  0.05 0.0050
  2.20   11    -226.12      0.61      0.36      0.25  0.05 0.0050
  2.20   11    -226.12      0.59      0.34      0.25  0.05 0.0050
  2.20   11    -226.12      0.59      0.34      0.25  0.05 0.0050
  2.20   11    -226.12      0.58      0.32      0.25  0.05 0.0050
  2.20   11    -226.12      0.56      0.31      0.25  0.05 0.0050
  2.20   11    -226.12      0.55      0.30      0.25  0.05 0.0050
  2.20   11    -226.13      0.52      0.27      0.25  0.05 0.0050
  2.20   11    -226.13      0.55      0.29      0.25  0.05 0.0050
  2.20   12    -226.13      0.54      0.29      0.25  0.05 0.0050
  2.20   12    -226.13      0.57      0.31      0.26  0.05 0.0050
  2.20   12    -226.13      0.56      0.30      0.25  0.05 0.0050
  2.20   12    -226.12      0.56      0.30      0.25  0.05 0.0050
  2.20   12    -226.13      0.58      0.33      0.25  0.05 0.0050
  2.20   12    -226.12      0.56      0.31      0.25  0.05 0.0050
  2.20   12    -226.12      0.57      0.32      0.25  0.05 0.0050
  2.20   12    -226.12      0.58      0.33      0.25  0.05 0.0050
  2.20   12    -226.12      0.55      0.29      0.26  0.05 0.0050
  2.20   12    -226.12      0.59      0.33      0.26  0.05 0.0050
  2.20   13    -226.12      0.59      0.33      0.26  0.05 0.0050
  2.20   13    -226.12      0.57      0.31      0.26  0.05 0.0050
  2.20   13    -226.12      0.56      0.31      0.26  0.05 0.0050
  2.20   13    -226.12      0.56      0.31      0.26  0.05 0.0050
  2.20   13    -226.12      0.54      0.29      0.26  0.05 0.0050
  2.20   13    -226.12      0.53      0.28      0.25  0.05 0.0050
  2.20   13    -226.11      0.57      0.31      0.26  0.05 0.0050
  2.20   13    -226.11      0.58      0.32      0.26  0.05 0.0050
  2.20   13    -226.11      0.55      0.30      0.26  0.05 0.0050
  2.20   13    -226.11      0.55      0.30      0.26  0.05 0.0050
  2.20   14    -226.11      0.55      0.30      0.26  0.05 0.0050
  2.20   14    -226.11      0.57      0.31      0.26  0.05 0.0050
  2.20   14    -226.11      0.54      0.28      0.26  0.05 0.0050
  2.20   14    -226.12      0.54      0.28      0.26  0.05 0.0050
  2.20   14    -226.12      0.56      0.30      0.26  0.05 0.0050
  2.20   14    -226.12      0.54      0.29      0.26  0.05 0.0050
  2.20   14    -226.12      0.57      0.32      0.26  0.05 0.0050
  2.20   14    -226.12      0.58      0.32      0.25  0.05 0.0050
  2.20   14    -226.12      0.61      0.36      0.25  0.05 0.0050
  2.20   14    -226.13      0.62      0.36      0.26  0.05 0.0050
  2.20   15    -226.12      0.62      0.37      0.26  0.05 0.0050
  2.20   15    -226.13      0.61      0.35      0.26  0.05 0.0050
  2.20   15    -226.12      0.63      0.37      0.26  0.05 0.0050
  2.20   15    -226.12      0.64      0.38      0.26  0.05 0.0050
  2.20   15    -226.13      0.64      0.38      0.26  0.05 0.0050
  2.20   15    -226.12      0.63      0.37      0.26  0.05 0.0050
  2.20   15    -226.12      0.66      0.40      0.26  0.05 0.0050
  2.20   15    -226.13      0.66      0.40      0.26  0.05 0.0050
  2.20   15    -226.13      0.66      0.40      0.26  0.05 0.0050
  2.20   15    -226.13      0.68      0.42      0.26  0.05 0.0050
  2.20   16    -226.13      0.70      0.44      0.26  0.05 0.0050
  2.20   16    -226.13      0.69      0.43      0.26  0.05 0.0050
  2.20   16    -226.13      0.67      0.41      0.26  0.05 0.0050
  2.20   16    -226.13      0.68      0.42      0.26  0.05 0.0050
  2.20   16    -226.13      0.69      0.44      0.26  0.05 0.0050
  2.20   16    -226.13      0.70      0.44      0.26  0.05 0.0050
  2.20   16    -226.13      0.69      0.43      0.26  0.05 0.0050
  2.20   16    -226.13      0.70      0.45      0.26  0.05 0.0050
  2.20   16    -226.12      0.71      0.45      0.26  0.05 0.0050
  2.20   16    -226.12      0.73      0.47      0.26  0.05 0.0050
  2.20   17    -226.12      0.74      0.48      0.26  0.05 0.0050
  2.20   17    -226.12      0.76      0.50      0.26  0.05 0.0050
  2.20   17    -226.12      0.76      0.50      0.26  0.05 0.0050
  2.20   17    -226.12      0.76      0.50      0.26  0.05 0.0050
  2.20   17    -226.12      0.75      0.49      0.25  0.05 0.0050
  2.20   17    -226.13      0.76      0.50      0.25  0.05 0.0050
  2.20   17    -226.13      0.78      0.53      0.25  0.05 0.0050
  2.20   17    -226.13      0.77      0.52      0.25  0.05 0.0050
  2.20   17    -226.13      0.74      0.49      0.25  0.05 0.0050
  2.20   17    -226.13      0.74      0.49      0.25  0.05 0.0050
  2.20   18    -226.13      0.74      0.48      0.25  0.05 0.0050
  2.20   18    -226.14      0.73      0.48      0.25  0.05 0.0050
  2.20   18    -226.14      0.71      0.46      0.25  0.05 0.0050
  2.20   18    -226.14      0.72      0.47      0.25  0.05 0.0050
  2.20   18    -226.14      0.73      0.48      0.25  0.05 0.0050
  2.20   18    -226.14      0.73      0.48      0.25  0.05 0.0050
  2.20   18    -226.14      0.72      0.47      0.25  0.05 0.0050
  2.20   18    -226.15      0.72      0.46      0.25  0.05 0.0050
  2.20   18    -226.14      0.71      0.46      0.25  0.05 0.0050
  2.20   18    -226.14      0.69      0.44      0.25  0.05 0.0050
  2.20   19    -226.15      0.70      0.45      0.25  0.05 0.0050
  2.20   19    -226.15      0.72      0.47      0.25  0.05 0.0050
  2.20   19    -226.15      0.74      0.49      0.25  0.05 0.0050
  2.20   19    -226.15      0.72      0.47      0.25  0.05 0.0050
  2.20   19    -226.15      0.72      0.47      0.25  0.05 0.0050
  2.20   19    -226.15      0.70      0.46      0.25  0.05 0.0050
  2.20   19    -226.15      0.73      0.48      0.24  0.05 0.0050
  2.20   19    -226.15      0.72      0.48      0.24  0.05 0.0050
  2.20   19    -226.15      0.70      0.45      0.25  0.05 0.0050
  2.20   19    -226.16      0.71      0.46      0.25  0.05 0.0050
  2.20   20    -226.16      0.73      0.48      0.25  0.05 0.0050
  2.20   20    -226.16      0.72      0.48      0.24  0.05 0.0050
  2.20   20    -226.16      0.73      0.48      0.24  0.05 0.0050
  2.20   20    -226.16      0.74      0.50      0.24  0.05 0.0050
  2.20   20    -226.16      0.75      0.51      0.24  0.05 0.0050
  2.20   20    -226.16      0.76      0.52      0.24  0.05 0.0050
  2.20   20    -226.17      0.75      0.51      0.24  0.05 0.0050
  2.20   20    -226.16      0.74      0.50      0.24  0.05 0.0050
  2.20   20    -226.16      0.73      0.49      0.24  0.05 0.0050
  2.20   20    -226.16      0.70      0.46      0.25  0.05 0.0050
  2.20   21    -226.16      0.71      0.46      0.25  0.05 0.0050
  2.20   21    -226.16      0.72      0.48      0.25  0.05 0.0050
  2.20   21    -226.16      0.72      0.47      0.25  0.05 0.0050
  2.20   21    -226.16      0.72      0.47      0.24  0.05 0.0050
  2.20   21    -226.16      0.72      0.48      0.24  0.05 0.0050
  2.20   21    -226.16      0.72      0.48      0.24  0.05 0.0050
  2.20   21    -226.16      0.71      0.47      0.24  0.05 0.0050
  2.20   21    -226.16      0.73      0.48      0.24  0.05 0.0050
  2.20   21    -226.16      0.72      0.48      0.24  0.05 0.0050
  2.20   21    -226.16      0.72      0.48      0.24  0.05 0.0050
  2.20   22    -226.16      0.71      0.47      0.24  0.05 0.0050
  2.20   22    -226.16      0.71      0.47      0.24  0.05 0.0050
  2.20   22    -226.16      0.72      0.48      0.24  0.05 0.0050
  2.20   22    -226.16      0.72      0.48      0.24  0.05 0.0050
  2.20   22    -226.16      0.72      0.48      0.24  0.05 0.0050
  2.20   22    -226.16      0.73      0.49      0.24  0.05 0.0050
  2.20   22    -226.16      0.74      0.50      0.24  0.05 0.0050
  2.20   22    -226.17      0.75      0.51      0.24  0.05 0.0050
  2.20   22    -226.16      0.73      0.49      0.24  0.05 0.0050
  2.20   22    -226.16      0.74      0.50      0.24  0.05 0.0050
  2.20   23    -226.16      0.75      0.50      0.24  0.05 0.0050
