 1.05  -0.229949E+03  0.290775E+02  0.145842E+02  0.144932E+02
 1.10  -0.231975E+03  0.239817E+02  0.139236E+02  0.100582E+02
 1.20  -0.233856E+03  0.165778E+02  0.126319E+02  0.394590E+01
 1.30  -0.232555E+03  0.684911E+01  0.457136E+01  0.227775E+01
 1.40  -0.231227E+03  0.448672E+01  0.296028E+01  0.152643E+01
 1.50  -0.230068E+03  0.330611E+01  0.222399E+01  0.108212E+01
 1.80  -0.227781E+03  0.149483E+01  0.956780E+00  0.538053E+00
 2.00  -0.226785E+03  0.100053E+01  0.674519E+00  0.326007E+00
 2.20  -0.226124E+03  0.622940E+00  0.365582E+00  0.257357E+00
 2.50  -0.225425E+03  0.133063E-03 -0.114072E+00  0.114205E+00
 1.05  -0.229973E+03  0.293454E+02  0.148566E+02  0.144888E+02
 1.10  -0.231951E+03  0.240696E+02  0.139980E+02  0.100716E+02
 1.20  -0.233843E+03  0.160604E+02  0.121136E+02  0.394683E+01
 1.30  -0.232538E+03  0.667133E+01  0.441852E+01  0.225281E+01
 1.40  -0.231206E+03  0.451163E+01  0.298181E+01  0.152981E+01
 1.50  -0.230052E+03  0.333280E+01  0.224207E+01  0.109073E+01
 1.80  -0.227768E+03  0.154934E+01  0.101276E+01  0.536582E+00
 2.00  -0.226810E+03  0.105099E+01  0.715152E+00  0.335833E+00
 2.20  -0.226159E+03  0.745027E+00  0.504336E+00  0.240691E+00
 2.50  -0.225416E+03  0.891467E-01 -0.367600E-01  0.125907E+00
