 160,  29.600000000000001
    47  -0.383358E+02  0.315754E+00  0.138156E+00  0.177598E+00  0.002
     4.000000    3.000000   17.983645   31.498015   52.783548
     4.000000    3.000000    2.571634   16.044102   27.088045
     4.000000    3.000000   26.453570   17.866207  -56.461796
     4.000000    3.000000    1.804466   30.643023  -19.179943
     4.000000    3.000000  -40.064842  -38.305867  -51.380106
     4.000000    3.000000   52.068892  -25.185545   34.893287
     4.000000    3.000000  -43.643423   -7.007686    4.408582
     4.000000    3.000000  -11.969196   -9.892711    4.959297
     4.000000    3.000000  -19.562745   41.532204    8.438354
     4.000000    3.000000  -22.824547  -29.544602   -7.582519
     4.000000    3.000000  -26.303545   34.837915  -14.784736
     4.000000    3.000000   54.384116   38.074514  -21.870154
     4.000000    3.000000   44.777895   31.205328   -8.103936
     4.000000    3.000000  -45.907056   17.948062   21.555663
     4.000000    3.000000   -7.914947  -14.887840  -32.078840
     4.000000    3.000000   28.611440   -5.477429   14.687361
     4.000000    3.000000    1.778024  -12.682844    5.128696
     4.000000    3.000000  -44.734456   16.663099   34.709053
     4.000000    3.000000   25.263711  -52.388593   19.901258
     4.000000    3.000000   -7.868445  -17.866967  -22.936184
     4.000000    3.000000   30.787477   55.848920  -52.403624
     4.000000    3.000000  -25.147125   17.862618    8.225997
     4.000000    3.000000   44.628220  -27.522458   15.243708
     4.000000    3.000000  -23.867767   56.983210   45.614442
     4.000000    3.000000   43.824016  -46.342497   -8.729127
     4.000000    3.000000   37.539108    3.328544   50.489888
     4.000000    3.000000   38.941113   -2.976214   45.797928
     4.000000    3.000000  -58.652263   -0.887154   12.114069
     4.000000    3.000000    6.729350   10.096300   19.315102
     4.000000    3.000000  -13.774214   49.966657  -27.185845
     4.000000    3.000000  -10.147488   20.465181  -55.660519
     4.000000    3.000000   32.538899   16.116931   30.014860
     4.000000    3.000000   -1.329406   58.289865  -13.645267
     4.000000    3.000000  -54.398916   39.025201  -44.474044
     4.000000    3.000000  -27.792798  -42.891765   26.009058
     4.000000    3.000000   46.117749   24.158364   20.807186
     4.000000    3.000000    0.180761    2.117229  -14.312136
     4.000000    3.000000  -58.641842  -26.590181  -18.872315
     4.000000    3.000000   28.502889  -46.267625    9.670434
     4.000000    3.000000   16.754711    0.202917  -25.149450
     4.000000    3.000000   -4.942831  -44.790933   44.814377
     4.000000    3.000000   27.655311  -29.197001    4.947888
     4.000000    3.000000   15.302622  -35.062836   -1.270844
     4.000000    3.000000  -14.659765  -40.757412   34.732528
     4.000000    3.000000   -0.654689   -3.566504    2.269210
     4.000000    3.000000   49.813051   22.065583   58.269670
     4.000000    3.000000   11.415534   12.020384   -3.510828
     4.000000    3.000000   57.630831  -44.754866   26.571223
     4.000000    3.000000  -58.782879   25.960105  -42.784182
     4.000000    3.000000   11.444685   24.609795   26.117415
     4.000000   -1.000000   12.996772   14.712247  -51.194074
     4.000000   -1.000000  -21.403715    0.152237  -26.968131
     4.000000   -1.000000   48.036997  -42.533349  -18.522892
     4.000000   -1.000000  -33.461811   31.520416   47.409211
     4.000000   -1.000000   -1.000687    8.759930  -42.629264
     4.000000   -1.000000  -48.440213  -32.037255   33.991476
     4.000000   -1.000000  -31.634168  -23.229806    3.164271
     4.000000   -1.000000   23.435032   -0.661207  -32.639610
     4.000000   -1.000000  -24.932858   31.767090    2.960166
     4.000000   -1.000000  -34.027134  -28.268356  -11.745502
     4.000000   -1.000000  -35.703485   10.324762   36.455104
     4.000000   -1.000000   -5.568540  -54.662046   40.261894
     4.000000   -1.000000   51.098016   54.362576   -0.751809
     4.000000   -1.000000   57.990389   24.290444   -6.215761
     4.000000   -1.000000   49.706785  -32.062633  -51.758496
     4.000000   -1.000000  -40.339734   26.160931   30.737402
     4.000000   -1.000000  -27.672544  -53.331359   34.255518
     4.000000   -1.000000  -26.347402  -16.239444  -55.917332
     4.000000   -1.000000   -1.439097  -28.808753   34.191649
     4.000000   -1.000000   35.115084    0.667738   19.113713
     4.000000   -1.000000  -22.193990   58.730243  -31.962711
     4.000000   -1.000000   11.750638   49.650439   51.762046
     4.000000   -1.000000  -54.426300   22.589753   50.684423
     4.000000   -1.000000  -46.823224  -50.333893    3.803180
     4.000000   -1.000000  -44.801601   53.637959    5.278127
     4.000000   -1.000000   51.750001   20.921315   52.278096
     4.000000   -1.000000   11.514270   -8.530795    3.760520
     4.000000   -1.000000    1.803461   41.754520   41.422633
     4.000000   -1.000000   -8.350031   -3.334919   31.997645
     4.000000   -1.000000   54.758967  -55.320473    9.040213
     4.000000   -1.000000  -34.155405  -50.748610  -33.797255
     4.000000   -1.000000   27.450626   24.890234  -41.880643
     4.000000   -1.000000   40.592147  -44.415269  -53.638778
     4.000000   -1.000000  -50.605918  -46.589088   23.074137
     4.000000   -1.000000   20.231056  -46.577493  -25.389857
     4.000000   -1.000000   -1.972319   -2.706087  -34.732458
     4.000000   -1.000000   40.540116  -31.127920  -54.179737
     4.000000   -1.000000  -55.868291  -13.210122  -37.109812
     4.000000   -1.000000   30.963888   54.945969    3.509308
     4.000000   -1.000000  -55.269989  -51.220251  -48.198195
     4.000000   -1.000000    3.118853   26.590173   31.067197
     4.000000   -1.000000  -52.490958    3.508903  -13.388320
     4.000000   -1.000000  -45.771243   33.025224   55.324786
     4.000000   -1.000000   44.831299   26.209793    4.303521
     4.000000   -1.000000   39.742393   54.714740   49.947944
     4.000000   -1.000000  -18.723715  -59.137059   37.504863
     4.000000   -1.000000   -7.903996  -27.099786   57.103594
     4.000000   -1.000000   -2.538862  -53.271092  -13.136246
     4.000000   -1.000000   54.690519   19.241217   37.816371
     4.000000   -1.000000  -27.034600    6.860851   44.359314
     4.000000   -1.000000   -1.494410  -42.958145   12.656728
     4.000000   -1.000000   43.709133  -51.382336   50.169920
     4.000000   -1.000000   29.564972  -39.783804    5.450254
     4.000000   -1.000000   30.545613   11.645158  -25.785308
     4.000000   -1.000000  -42.674852   24.780153   -0.764671
     4.000000   -1.000000  -48.600768   20.984442  -54.906733
     4.000000   -1.000000   -2.258682   -1.354850   16.684686
     4.000000   -1.000000   39.810555   40.397313   14.001469
     4.000000   -1.000000   33.479470   45.865107   17.535844
     4.000000   -1.000000   27.516170   -2.431893  -44.976028
     4.000000   -1.000000    7.480131  -32.567762  -34.202079
     4.000000   -1.000000   36.637599  -35.600653    8.316977
     4.000000   -1.000000    2.112455  -30.551787   20.029989
     4.000000   -1.000000   44.333794  -38.467276   52.448133
     4.000000   -1.000000   -5.210790  -53.865090  -43.548210
     4.000000   -1.000000  -19.716660  -26.741835  -14.369306
     4.000000   -1.000000  -26.282358  -17.022315   42.513981
     4.000000   -1.000000   58.206860  -33.427721   16.879793
     4.000000   -1.000000   56.726679   16.074020  -46.755795
     4.000000   -1.000000   55.467077   46.189922    8.231417
     4.000000   -1.000000   -4.898361   32.708491  -26.422379
     4.000000   -1.000000  -50.795185  -43.849244   30.226246
     4.000000   -1.000000  -23.816091   15.613485   24.025817
     4.000000   -1.000000   28.573811  -41.231858   20.095327
     4.000000   -1.000000   44.309166   -7.187839  -34.087751
     4.000000   -1.000000  -27.499037  -44.324334  -48.268360
     4.000000   -1.000000    9.499406   34.066979   22.573245
     4.000000   -1.000000   44.832648  -20.391433   52.650081
     4.000000   -1.000000   42.084383  -42.466036   11.219796
     4.000000   -1.000000   13.058536  -57.600851   31.176496
     4.000000   -1.000000   20.755753   -0.688573   58.392365
     4.000000   -1.000000   59.177644   18.622346   37.427506
     4.000000   -1.000000   -8.266752   39.948160   51.784789
     4.000000   -1.000000   50.186758  -23.794868   13.112963
     4.000000   -1.000000  -19.061146   56.776119   -7.135634
     4.000000   -1.000000  -15.018975  -40.415503   -7.476560
     4.000000   -1.000000   20.541356   -3.661703  -20.161607
     4.000000   -1.000000   10.609504   33.058178   35.439358
     4.000000   -1.000000   37.517671  -16.210482  -24.488324
     4.000000   -1.000000   43.429048   15.314215  -36.493746
     4.000000   -1.000000   -9.397865   25.478661   17.327415
     4.000000   -1.000000  -55.917580  -38.242923   53.309446
     4.000000   -1.000000   31.134215   10.693544   36.774363
     4.000000   -1.000000   29.019098  -55.196778  -22.593076
     4.000000   -1.000000    3.546040   25.014369   36.074644
     4.000000   -1.000000   17.109051  -50.425350   -3.685982
     4.000000   -1.000000   44.580290   41.478389   31.678046
     4.000000   -1.000000   31.358520    9.977208   -4.626103
     4.000000   -1.000000   53.581942   29.363864   25.167682
     4.000000   -1.000000  -18.725341   -6.250908   15.837924
     4.000000   -1.000000   10.576399   25.692885  -39.595002
     4.000000   -1.000000   54.128015  -49.276333  -33.547835
     4.000000   -1.000000  -57.463598   55.967147  -51.882035
     4.000000   -1.000000   -5.957325   52.747941   15.841157
     4.000000   -1.000000  -25.424314   11.012934    8.597877
     4.000000   -1.000000  -47.043485   47.800676  -43.697913
     4.000000   -1.000000  -37.648648   -5.941055  -20.753145
     4.000000   -1.000000  -35.166561   14.662121  -27.427661
     4.000000   -1.000000  -10.145546  -51.024146  -14.177456
     4.000000   -1.000000    3.520209    7.335840   -5.865977
    20.000000  -20.000000    7.505553    7.505553    7.505553
    20.000000  -20.000000   -7.505553   -7.505553   -7.505553
