 160,  9.8666666666666671
    47  -0.165690E+03 -0.543795E-01  0.338389E+00 -0.392768E+00  0.028
     1.333333    3.000000    6.895122    2.663278  -19.420040
     1.333333    3.000000   -8.737008  -10.567813  -17.076109
     1.333333    3.000000    5.634587  -13.829311   -9.772358
     1.333333    3.000000  -18.901873   -7.137808   -6.237274
     1.333333    3.000000   -3.223383   14.268400  -18.733249
     1.333333    3.000000   -0.325944   -6.483104   -1.492996
     1.333333    3.000000  -11.808461   14.131825  -14.311435
     1.333333    3.000000  -11.405818  -10.282937    4.666168
     1.333333    3.000000   -0.868635    0.777017   -4.240957
     1.333333    3.000000    7.037175   -5.341341    4.718769
     1.333333    3.000000   -1.594235    0.128059    0.559562
     1.333333    3.000000  -12.565269   -3.269268   19.457322
     1.333333    3.000000    2.488644   12.646497   17.027372
     1.333333    3.000000    3.024356    2.604081   -1.568083
     1.333333    3.000000  -10.157399    6.531640   -1.994744
     1.333333    3.000000    7.837212   -4.134705  -13.328589
     1.333333    3.000000    6.562927    3.225942    3.075604
     1.333333    3.000000    6.672609  -18.889916   -1.497341
     1.333333    3.000000  -18.638915   -4.443585   -7.619219
     1.333333    3.000000   19.184824   14.455787   18.217183
     1.333333    3.000000  -19.555996    3.042232    8.558450
     1.333333    3.000000   -7.035213   -2.829624   -4.028259
     1.333333    3.000000   -2.139938    3.635776    2.570484
     1.333333    3.000000    5.162326   12.008320  -14.862106
     1.333333    3.000000    5.596617   -0.234632    1.194035
     1.333333    3.000000  -13.859197   11.675104   -9.026081
     1.333333    3.000000   -3.481011   -6.523703   -5.182884
     1.333333    3.000000  -13.498333   14.444891   11.009171
     1.333333    3.000000   17.478083    4.613726  -11.946358
     1.333333    3.000000   -3.043025   17.744508   -5.198289
     1.333333    3.000000   13.560566  -16.616548   18.635300
     1.333333    3.000000  -14.381453  -12.634881   -3.961499
     1.333333    3.000000    5.874439  -13.502490    0.062720
     1.333333    3.000000   -4.165201   -0.359530   -7.189766
     1.333333    3.000000    5.672715    5.305031    1.390892
     1.333333    3.000000   10.338719   18.202901    5.849764
     1.333333    3.000000   12.045089   -0.055576    8.243503
     1.333333    3.000000   11.059114  -15.578532    1.305809
     1.333333    3.000000   -0.462281  -12.585653   13.993177
     1.333333    3.000000    3.450284    7.112856    6.960850
     1.333333    3.000000   13.776937    4.187090  -18.832051
     1.333333    3.000000    0.457359   -7.671505    9.732015
     1.333333    3.000000   19.265398  -11.814288   -7.891932
     1.333333    3.000000   -5.924188   12.716762  -12.386782
     1.333333    3.000000   -8.676780   15.167271    2.395294
     1.333333    3.000000    1.969228   -1.400629    0.491865
     1.333333    3.000000  -12.729423    7.689623   10.737785
     1.333333    3.000000   -0.860968    3.099077   -2.773185
     1.333333    3.000000  -17.689979   -1.214284  -18.921215
     1.333333    3.000000   -3.482786   -6.405021    2.276818
     1.333333   -1.000000   -5.273373  -14.211610    1.157121
     1.333333   -1.000000   18.963237    9.972960   14.284551
     1.333333   -1.000000   13.378191   -7.588006    3.659601
     1.333333   -1.000000   13.734577   -8.203907    1.171560
     1.333333   -1.000000    0.291313   14.283028  -15.812522
     1.333333   -1.000000   17.051651  -18.871379    7.452894
     1.333333   -1.000000    2.873161  -18.273596   17.201492
     1.333333   -1.000000  -19.607216    0.567076   -0.492000
     1.333333   -1.000000  -15.152541  -11.875262   -6.143771
     1.333333   -1.000000  -19.340742   11.355006    2.734913
     1.333333   -1.000000  -12.304331   -8.264417    6.800188
     1.333333   -1.000000   15.906314   -7.134631   -4.166905
     1.333333   -1.000000    1.605283   15.408782  -12.683980
     1.333333   -1.000000    3.510666   -6.330022  -19.467125
     1.333333   -1.000000   18.313025   -9.811753   -1.760678
     1.333333   -1.000000   16.761127  -16.137790   -7.801853
     1.333333   -1.000000  -19.510050    7.271490    4.009815
     1.333333   -1.000000   17.631854    1.498917   -6.566729
     1.333333   -1.000000   19.043485   13.076720    9.784398
     1.333333   -1.000000   17.531407  -11.273620    8.325382
     1.333333   -1.000000   19.690340   -8.411657   -7.670489
     1.333333   -1.000000   -8.598878   12.925030  -16.904464
     1.333333   -1.000000   -9.061566   -4.310605  -11.922592
     1.333333   -1.000000    4.348743  -19.611783   -9.943638
     1.333333   -1.000000  -11.817015   -5.418216    0.564707
     1.333333   -1.000000   15.427626  -12.472900   -7.795156
     1.333333   -1.000000  -12.041503   10.429863   -8.332563
     1.333333   -1.000000   15.609209  -13.172882    4.908342
     1.333333   -1.000000    3.344405   12.745425    6.116284
     1.333333   -1.000000   -2.183966   15.748787  -11.539536
     1.333333   -1.000000    9.859936   -0.453819  -10.857540
     1.333333   -1.000000    0.157443  -13.573687   -3.028133
     1.333333   -1.000000   -2.597416  -18.431206    0.025804
     1.333333   -1.000000    9.522167    8.602603   -3.062598
     1.333333   -1.000000    4.894130  -12.591758    7.589700
     1.333333   -1.000000  -17.131929    4.666805  -11.259699
     1.333333   -1.000000    2.595744   11.220213   17.437627
     1.333333   -1.000000    5.092259   15.303431  -18.750643
     1.333333   -1.000000   -3.047063   18.024471    5.682222
     1.333333   -1.000000  -15.940650  -13.006140   -3.581531
     1.333333   -1.000000   16.270609    8.856427  -15.029639
     1.333333   -1.000000   13.378442   10.851710    8.366215
     1.333333   -1.000000   -3.265648    5.152247   -6.553330
     1.333333   -1.000000  -10.775227   12.933326   14.069732
     1.333333   -1.000000  -12.690177    6.623032    8.281508
     1.333333   -1.000000   -2.815779  -15.101860    9.423784
     1.333333   -1.000000  -17.114924   -5.344770    6.357617
     1.333333   -1.000000  -14.672526   14.888128   16.730695
     1.333333   -1.000000   -5.599735   19.155239   -9.929728
     1.333333   -1.000000   -9.685887   -7.309049   14.317057
     1.333333   -1.000000   13.469653    7.387772   -3.803538
     1.333333   -1.000000   -9.529076   13.851310  -14.159757
     1.333333   -1.000000   12.384458   11.091545   -4.586726
     1.333333   -1.000000    9.541251   15.000610   12.860841
     1.333333   -1.000000    4.608671   10.193407   -0.935244
     1.333333   -1.000000   -4.551073   -7.438616   -5.503801
     1.333333   -1.000000   13.619617  -13.188035    9.974329
     1.333333   -1.000000  -18.563551  -10.318842  -15.137791
     1.333333   -1.000000   18.358300   10.566799  -11.004909
     1.333333   -1.000000    2.400416    5.173941   15.530694
     1.333333   -1.000000   -0.938440  -11.294537  -17.698582
     1.333333   -1.000000   -4.002563   -7.965873  -14.877189
     1.333333   -1.000000   10.035032  -15.715715   12.194367
     1.333333   -1.000000    8.564482    5.003867   13.570685
     1.333333   -1.000000   13.354845    1.452775  -13.300099
     1.333333   -1.000000   -6.384871    0.245274  -10.552800
     1.333333   -1.000000    9.874899   14.531409   -8.293280
     1.333333   -1.000000  -19.261054    2.867299   11.077515
     1.333333   -1.000000    4.934775   10.868320   12.549088
     1.333333   -1.000000    6.206299   11.669462   10.029871
     1.333333   -1.000000    2.180687  -15.554413    2.031342
     1.333333   -1.000000    2.727404  -12.374477   17.131501
     1.333333   -1.000000  -14.372501   11.953969    8.303380
     1.333333   -1.000000  -10.527202  -13.573268    3.767191
     1.333333   -1.000000   -2.454740    1.299657    8.261409
     1.333333   -1.000000  -15.002985  -16.451563   14.122973
     1.333333   -1.000000  -15.922349    6.610433  -16.508506
     1.333333   -1.000000  -11.954043   -0.343826   -0.793236
     1.333333   -1.000000   -4.784067   17.547200   -6.452944
     1.333333   -1.000000  -12.990540   -2.949299  -14.168283
     1.333333   -1.000000   10.490552   13.042485    9.281601
     1.333333   -1.000000    4.940363   14.068873   17.648766
     1.333333   -1.000000   -9.349350   15.627409    9.990661
     1.333333   -1.000000   15.729188   14.603677   13.809437
     1.333333   -1.000000   17.629007    1.614563   -4.741323
     1.333333   -1.000000   17.709822   -1.522850   13.977117
     1.333333   -1.000000  -16.380546   -7.853247   -9.993345
     1.333333   -1.000000   -2.208380   -6.742431    9.262981
     1.333333   -1.000000   18.333859   16.059584  -18.350699
     1.333333   -1.000000   10.883051    0.045704    4.927258
     1.333333   -1.000000    4.973664   12.049109  -18.692683
     1.333333   -1.000000   -2.451511   -9.722798   -2.462562
     1.333333   -1.000000   18.931419    3.871511    1.241997
     1.333333   -1.000000   -5.101925    3.716075  -17.496337
     1.333333   -1.000000   17.045374  -17.119326    0.608606
     1.333333   -1.000000   13.357856   13.273386   -0.636385
     1.333333   -1.000000   15.953826   -2.786994  -11.790114
     1.333333   -1.000000  -13.400561   -1.352560    0.384452
     1.333333   -1.000000   -8.740439    5.985648  -11.193135
     1.333333   -1.000000    8.310949    3.404357   19.280608
     1.333333   -1.000000    8.559293  -17.848159    9.300689
     1.333333   -1.000000   -4.495689    9.235683   10.312974
     1.333333   -1.000000   16.681130   -9.241100    9.732464
     1.333333   -1.000000    3.876489   12.597837   -9.651992
     1.333333   -1.000000    5.816204   13.934634   -4.356516
     1.333333   -1.000000  -12.068601   11.609824   -1.714304
     1.333333   -1.000000   -9.236915    1.583179   -8.689909
     1.333333   -1.000000   14.235573   -2.440641   13.019622
     1.333333   -1.000000   15.381355   -2.333295  -16.010334
     1.333333   -1.000000   13.322274    0.508045    9.015069
     6.666667  -20.000000    2.501851    2.501851    2.501851
     6.666667  -20.000000   -2.501851   -2.501851   -2.501851
