 160,  5.9200000000000008
    47  -0.317248E+03 -0.128586E+01 -0.441416E+00 -0.844443E+00  0.086
     0.800000    3.000000   -0.497364    1.726680   -6.948664
     0.800000    3.000000  -11.415906   -7.952414   -1.869678
     0.800000    3.000000   -9.679367    5.864942   11.681778
     0.800000    3.000000   -0.362604    0.357143   -0.204953
     0.800000    3.000000   10.680833    2.756699   10.981642
     0.800000    3.000000   -6.203180    8.639337    1.472519
     0.800000    3.000000   -9.190848   -9.926601   -7.326472
     0.800000    3.000000    0.828317   -1.331678    2.011439
     0.800000    3.000000   -0.757233    0.865201   -1.739883
     0.800000    3.000000   10.416017    5.801627   -4.175273
     0.800000    3.000000   -4.976064   -8.624073   11.481756
     0.800000    3.000000    0.458166    2.481428    3.564128
     0.800000    3.000000   -1.529945   -4.130093   -1.038883
     0.800000    3.000000   -1.334572   -1.090316    7.887289
     0.800000    3.000000   -3.503126   -4.544837   -2.724506
     0.800000    3.000000   -1.369900    9.785693   -5.062498
     0.800000    3.000000    9.650435    3.295514   -5.949073
     0.800000    3.000000    2.156101    0.919701    3.833606
     0.800000    3.000000   -2.234710   -0.533002   -3.758766
     0.800000    3.000000   -3.763738   -1.358458    1.998988
     0.800000    3.000000   -0.016863   -1.889129   -3.428847
     0.800000    3.000000   -6.461869   10.860607   -8.911458
     0.800000    3.000000    9.105621   11.410379   -6.329570
     0.800000    3.000000   -7.908313   -0.089503   -4.168823
     0.800000    3.000000    0.351749   -0.374048    0.374331
     0.800000    3.000000    3.860653    2.733789    0.821440
     0.800000    3.000000   -5.766605   -7.731373    6.578080
     0.800000    3.000000   11.154245   -8.837696    5.038446
     0.800000    3.000000   -8.418075   -3.188025    9.837867
     0.800000    3.000000    5.470030   -9.880433    6.088496
     0.800000    3.000000    9.589739   -5.272670   -0.296205
     0.800000    3.000000    5.921270  -10.112636   -2.833382
     0.800000    3.000000   -3.600346   -1.443444   -2.674158
     0.800000    3.000000   -4.946714  -10.015731    1.307927
     0.800000    3.000000   -0.658766    0.655595    2.992137
     0.800000    3.000000    1.050431   -1.918687   -1.157968
     0.800000    3.000000    0.428973  -11.547341    8.215169
     0.800000    3.000000    2.918774    2.136682   -0.475477
     0.800000    3.000000   -8.613743   -0.210012    4.320674
     0.800000    3.000000    9.925859    8.799264    8.546315
     0.800000    3.000000   -2.481174    8.514854    5.780714
     0.800000    3.000000    3.003944    8.912265   -2.741003
     0.800000    3.000000   -2.154804    0.248261  -11.610917
     0.800000    3.000000  -10.973432    2.081917   -0.737278
     0.800000    3.000000    1.642767    3.763707    2.557217
     0.800000    3.000000   -1.271997   -7.265165   -3.795170
     0.800000    3.000000   -8.101382   -8.515808    9.236997
     0.800000    3.000000    2.895210   -1.954987   11.210707
     0.800000    3.000000  -11.488716    2.368188   -8.274639
     0.800000    3.000000    1.313566    9.069544   -8.793767
     0.800000   -1.000000   -3.964075    2.257640    9.894085
     0.800000   -1.000000   -6.020623   -6.762190    4.656960
     0.800000   -1.000000    9.675910    2.759832   -5.241669
     0.800000   -1.000000   -6.278364   -4.769461    0.540203
     0.800000   -1.000000  -11.275335    1.900181   -8.924613
     0.800000   -1.000000    4.871844    5.516864   -9.356959
     0.800000   -1.000000    2.870670    4.407398    6.395702
     0.800000   -1.000000    3.304865    3.410797   -3.778580
     0.800000   -1.000000   -5.018251   -4.882947    6.264789
     0.800000   -1.000000   -6.410653    0.769019    9.749044
     0.800000   -1.000000   -6.615279   -7.255911    7.043496
     0.800000   -1.000000   10.068525   -7.373184    3.787454
     0.800000   -1.000000   -6.072113   -4.786328   -4.714698
     0.800000   -1.000000   -1.121829    7.664219  -11.155164
     0.800000   -1.000000   -7.309715    6.320300    9.482753
     0.800000   -1.000000   -8.070884  -10.452634    9.228298
     0.800000   -1.000000    2.054952    6.522100   -3.164910
     0.800000   -1.000000    2.398729    1.797238    4.550893
     0.800000   -1.000000   -3.085938  -10.712877   10.987638
     0.800000   -1.000000   -0.760903   -1.531708    8.768692
     0.800000   -1.000000    1.603152    8.191812   -7.383910
     0.800000   -1.000000    0.625251   -3.511411  -10.379702
     0.800000   -1.000000   -3.189442   -0.019873    1.275984
     0.800000   -1.000000   -8.750747   -0.738574   -3.758000
     0.800000   -1.000000   -5.715959  -10.785557   -0.735382
     0.800000   -1.000000   -9.874932   10.685252   -9.946935
     0.800000   -1.000000    1.071231    3.166674    3.604485
     0.800000   -1.000000  -10.499387   -5.799681    1.042964
     0.800000   -1.000000   -6.241718    1.955770    5.852389
     0.800000   -1.000000   -8.686166    0.272341    6.862543
     0.800000   -1.000000    0.643088    4.340953   -7.929477
     0.800000   -1.000000   10.704400    1.907608   -5.704948
     0.800000   -1.000000   -3.968376   -4.367571   10.944580
     0.800000   -1.000000   -9.998681   -3.490796   11.185332
     0.800000   -1.000000  -11.555117   -3.016579   -3.014672
     0.800000   -1.000000    6.970906    8.042866   -2.195987
     0.800000   -1.000000    9.378894    4.435498    9.066065
     0.800000   -1.000000  -10.793109   -0.932751   -5.009739
     0.800000   -1.000000    3.185954    3.663354    9.740648
     0.800000   -1.000000   -7.107032    6.296412   -4.025727
     0.800000   -1.000000   -8.833390   10.053299  -10.318541
     0.800000   -1.000000   -9.816842    1.755000   -5.150141
     0.800000   -1.000000    2.054878    5.641267  -11.458518
     0.800000   -1.000000   -8.113159   -5.791387    8.875751
     0.800000   -1.000000  -10.943609   -1.089503    5.848485
     0.800000   -1.000000   -8.437665  -10.685487   -1.338383
     0.800000   -1.000000    3.164735    5.906636   11.496264
     0.800000   -1.000000   -3.351573   11.382475    2.162753
     0.800000   -1.000000    1.087669   -4.196499    6.221374
     0.800000   -1.000000    4.941123   -5.002036    2.895739
     0.800000   -1.000000   -7.010767   -2.958573    5.663764
     0.800000   -1.000000    6.796885    1.580553   -6.797000
     0.800000   -1.000000    3.750859   11.794320   -4.738559
     0.800000   -1.000000   -1.216241   -1.787102  -11.198963
     0.800000   -1.000000    9.646087    0.620172    7.352954
     0.800000   -1.000000   -4.946929   -1.214733   -4.524574
     0.800000   -1.000000    9.118783   11.242781   -7.996981
     0.800000   -1.000000   -1.346012    2.450746   -4.347288
     0.800000   -1.000000   -2.771190   -4.345979   -3.144477
     0.800000   -1.000000    9.229449    8.010088    5.764077
     0.800000   -1.000000    1.268137    8.239349    2.612657
     0.800000   -1.000000   -3.863830    3.460272    0.208244
     0.800000   -1.000000  -11.718165    1.423638   -1.937326
     0.800000   -1.000000    0.294767    3.367806  -11.373334
     0.800000   -1.000000   -4.785490   10.118867    5.322738
     0.800000   -1.000000    3.198177   -0.941500    3.781596
     0.800000   -1.000000    4.337431    7.420400   -1.506966
     0.800000   -1.000000   -2.388760    9.952836    9.713765
     0.800000   -1.000000   -4.391923   -4.515149    5.344975
     0.800000   -1.000000    1.779389   -2.418347   -4.101308
     0.800000   -1.000000   -6.816558  -11.243570   10.053465
     0.800000   -1.000000   -3.832338   -6.660601   -0.309682
     0.800000   -1.000000   -6.449342    1.354309  -11.352165
     0.800000   -1.000000    5.900686   11.834915   -3.014074
     0.800000   -1.000000   10.335912  -10.375822   -8.444270
     0.800000   -1.000000   10.030997    9.690017    8.402381
     0.800000   -1.000000    3.441247    1.371569   -1.596381
     0.800000   -1.000000   -1.281151   -3.813211    0.412807
     0.800000   -1.000000   -4.466539   11.359970    3.628857
     0.800000   -1.000000   -0.978512    1.580462   -7.939471
     0.800000   -1.000000    5.188566  -11.657077   10.402037
     0.800000   -1.000000    5.488550    2.857319    7.192389
     0.800000   -1.000000   -8.164635    0.760003    5.063906
     0.800000   -1.000000   -3.923805   -5.086129   -6.985218
     0.800000   -1.000000  -11.552559    1.961240   11.392376
     0.800000   -1.000000   11.164718   -8.800384   -3.561422
     0.800000   -1.000000    5.753474   -5.254914    1.701539
     0.800000   -1.000000   -4.047417    7.063845   -2.052638
     0.800000   -1.000000   -7.688824    3.071642   -8.739998
     0.800000   -1.000000    1.214853    7.521919    9.763220
     0.800000   -1.000000   -4.948952  -11.177826   -2.785532
     0.800000   -1.000000  -10.488559   -4.507533   -7.811278
     0.800000   -1.000000   -6.444339   -8.575349   10.344649
     0.800000   -1.000000    5.354055   -8.424665    6.214893
     0.800000   -1.000000    3.409624    7.788635    2.771361
     0.800000   -1.000000    3.233461   -2.395052    9.981325
     0.800000   -1.000000    9.212837    1.722747   -5.973788
     0.800000   -1.000000   10.898084  -10.787456    9.609549
     0.800000   -1.000000   -9.878252   -8.917536   -7.416838
     0.800000   -1.000000   10.477988   -7.071212   -3.103872
     0.800000   -1.000000   -3.980289    1.670113   -9.837651
     0.800000   -1.000000    1.088492    3.365274   -7.493042
     0.800000   -1.000000   -1.719778    3.336452    7.679166
     0.800000   -1.000000  -11.551942    1.105616   -8.543704
     0.800000   -1.000000   -3.342284    9.435921    2.325112
     0.800000   -1.000000   -0.721550  -11.723929    8.974830
     0.800000   -1.000000    1.203650   -5.853628    1.713027
     0.800000   -1.000000    5.730294   -6.599343    0.327718
     0.800000   -1.000000   -6.124707  -10.857699    0.592700
     0.800000   -1.000000  -11.072303  -11.621301   -6.091145
     4.000000  -20.000000    1.501111    1.501111    1.501111
     4.000000  -20.000000   -1.501111   -1.501111   -1.501111
