 160,  4.1304717730560903
    47  -0.502687E+03 -0.342714E+01 -0.273209E+01 -0.695049E+00  0.181
     0.559910    3.000000   -1.755031    0.453341   -0.750501
     0.559910    3.000000   -0.253925    4.215585   -1.847171
     0.559910    3.000000    5.809679    7.564915   -3.282699
     0.559910    3.000000    0.182109   -1.643654   -2.315126
     0.559910    3.000000    6.217969   -0.385800   -5.535608
     0.559910    3.000000   -2.317351    4.770604    0.386064
     0.559910    3.000000   -1.471555   -3.662120   -5.628898
     0.559910    3.000000   -0.535507    1.595411    0.773085
     0.559910    3.000000    0.823759   -2.169101    4.194766
     0.559910    3.000000   -1.813383   -1.707101    0.295381
     0.559910    3.000000    4.459087    7.272374   -3.670527
     0.559910    3.000000    0.376160    0.118332   -0.579159
     0.559910    3.000000   -1.793351    8.057437   -8.166654
     0.559910    3.000000    1.173392    6.987871   -5.712810
     0.559910    3.000000   -0.146364   -3.968284    3.262793
     0.559910    3.000000   -0.477350   -2.813495   -1.162654
     0.559910    3.000000   -5.264296    6.980356    8.211043
     0.559910    3.000000    1.749579    2.473675    0.316887
     0.559910    3.000000    2.394510   -0.275808    2.520152
     0.559910    3.000000    6.892296    7.733688    3.002402
     0.559910    3.000000    4.180750    2.839444    6.067043
     0.559910    3.000000   -4.293835    0.860100   -4.883989
     0.559910    3.000000   -2.307577   -0.143640   -1.775237
     0.559910    3.000000    2.055918    2.237308    1.713590
     0.559910    3.000000    0.673583   -0.128129    2.226976
     0.559910    3.000000    7.836663    3.282004    4.835994
     0.559910    3.000000    4.645626   -4.956209    3.739006
     0.559910    3.000000   -5.235431   -5.724331    7.150108
     0.559910    3.000000   -1.836360    4.565886   -3.871079
     0.559910    3.000000   -6.961160   -0.891351    5.223077
     0.559910    3.000000   -3.281091   -8.019192    3.816632
     0.559910    3.000000   -4.586941    0.616725    1.089808
     0.559910    3.000000    6.339273   -5.882406   -1.844442
     0.559910    3.000000    6.709921    0.409350   -2.967604
     0.559910    3.000000    1.204056   -0.510155    0.091397
     0.559910    3.000000    1.135278    5.980977    3.592854
     0.559910    3.000000    5.969424    6.999976   -6.404494
     0.559910    3.000000    4.302795    3.112348   -0.366799
     0.559910    3.000000    5.786070    7.822943    0.893760
     0.559910    3.000000   -2.071568   -1.908148   -2.236954
     0.559910    3.000000   -3.186776    2.151776    6.892622
     0.559910    3.000000   -5.315490    5.993281   -1.683781
     0.559910    3.000000   -2.470491   -2.481949   -6.975335
     0.559910    3.000000    3.899862    0.341776   -0.053949
     0.559910    3.000000   -2.485283    4.707807    4.272484
     0.559910    3.000000    5.343783   -6.358515    7.151501
     0.559910    3.000000   -0.369732    0.022593    0.154288
     0.559910    3.000000   -0.494261    0.694944    1.759147
     0.559910    3.000000    0.880833   -4.471297   -3.855407
     0.559910    3.000000   -5.586013    8.252250   -5.533337
     0.559910   -1.000000   -0.630304   -4.923620    7.765750
     0.559910   -1.000000    6.574210    6.017127   -2.100992
     0.559910   -1.000000    4.205326   -6.062205   -5.065058
     0.559910   -1.000000   -4.786375    5.683719   -1.216194
     0.559910   -1.000000   -5.923836    0.783168    6.604992
     0.559910   -1.000000    3.577792   -2.372470   -4.485612
     0.559910   -1.000000    6.197626    0.110498   -3.506622
     0.559910   -1.000000   -1.939912   -5.290883   -8.233554
     0.559910   -1.000000    7.058361   -0.216725   -7.186741
     0.559910   -1.000000    6.926245    3.975894    4.673294
     0.559910   -1.000000   -2.711188   -2.684539   -5.141993
     0.559910   -1.000000    5.154616   -7.911499    8.066424
     0.559910   -1.000000   -7.245155   -5.098710    8.250859
     0.559910   -1.000000    5.035038    8.039212   -3.069028
     0.559910   -1.000000    2.070698   -2.639454    0.303040
     0.559910   -1.000000   -3.567199    0.697996    6.674955
     0.559910   -1.000000   -4.077832   -6.567153    8.159771
     0.559910   -1.000000   -2.607579    5.669152    7.782391
     0.559910   -1.000000    5.559946    6.987477   -6.902078
     0.559910   -1.000000   -3.394591   -2.886248   -2.506729
     0.559910   -1.000000   -6.699170    6.997911    3.370817
     0.559910   -1.000000    3.541003   -0.224364   -0.660043
     0.559910   -1.000000    0.475481   -0.781730    2.545524
     0.559910   -1.000000    3.776554   -3.554389   -1.100141
     0.559910   -1.000000   -0.504741   -1.571163    2.017610
     0.559910   -1.000000   -3.253807   -5.962229   -0.642537
     0.559910   -1.000000    2.453030   -4.833564    1.130216
     0.559910   -1.000000    4.145882    2.662486    6.722458
     0.559910   -1.000000    5.524033    6.290735   -3.821975
     0.559910   -1.000000    0.854101   -1.481978   -2.703103
     0.559910   -1.000000    7.364705   -6.451296    6.125423
     0.559910   -1.000000   -1.033116   -3.422510   -5.366010
     0.559910   -1.000000   -3.054474   -1.854384   -7.412323
     0.559910   -1.000000   -4.916081    2.582771    0.240067
     0.559910   -1.000000   -1.240364    4.449268    0.711639
     0.559910   -1.000000    7.110744    5.935867   -3.306500
     0.559910   -1.000000    7.736564    0.684256   -1.973354
     0.559910   -1.000000    3.416855    7.983179    3.039774
     0.559910   -1.000000    4.891487   -0.846446    5.689126
     0.559910   -1.000000   -4.880116    2.652870   -4.940761
     0.559910   -1.000000   -4.473821    7.025770    7.619697
     0.559910   -1.000000    5.392464   -6.135541    6.632450
     0.559910   -1.000000    1.791217   -0.778258    6.312170
     0.559910   -1.000000   -2.041418    3.511593   -1.032104
     0.559910   -1.000000   -6.076359    3.303013   -5.753416
     0.559910   -1.000000    5.128956    7.702482   -6.839569
     0.559910   -1.000000    7.646397    1.114701    4.251989
     0.559910   -1.000000   -4.157797    1.624272   -3.854517
     0.559910   -1.000000    6.462312    2.915258   -7.510743
     0.559910   -1.000000    5.845745   -5.528881   -1.304206
     0.559910   -1.000000   -4.631165    4.732162   -2.439540
     0.559910   -1.000000   -0.757715    3.086393   -5.251850
     0.559910   -1.000000    1.763098   -5.833308    0.408943
     0.559910   -1.000000   -6.918512    7.861676   -0.998883
     0.559910   -1.000000   -6.225532    6.521657   -7.483591
     0.559910   -1.000000   -3.148780    1.864824    4.626467
     0.559910   -1.000000    4.841239   -6.922919    7.663780
     0.559910   -1.000000   -0.239189   -6.802195   -6.154917
     0.559910   -1.000000    2.881437    5.587514    3.698258
     0.559910   -1.000000    0.717872   -2.582231   -7.879633
     0.559910   -1.000000   -3.425444   -7.999674    6.587341
     0.559910   -1.000000    4.703488   -1.049746   -7.993333
     0.559910   -1.000000   -0.531614   -4.681018   -2.614965
     0.559910   -1.000000   -4.700596   -3.886373    6.823009
     0.559910   -1.000000    3.306414   -0.136584    4.306437
     0.559910   -1.000000   -2.672265    8.200518    3.279253
     0.559910   -1.000000   -1.945455    0.745034    2.127811
     0.559910   -1.000000    5.388553   -7.075876   -5.240893
     0.559910   -1.000000    4.770692   -6.709570   -2.927670
     0.559910   -1.000000    6.609615    3.169299   -6.628500
     0.559910   -1.000000   -2.502224    0.783957    0.127052
     0.559910   -1.000000   -4.004725   -6.774398    4.906020
     0.559910   -1.000000   -0.575745    6.790298   -2.274548
     0.559910   -1.000000   -3.898151    6.790544   -0.340851
     0.559910   -1.000000    5.501757   -0.989687   -1.901308
     0.559910   -1.000000    7.295744   -7.699947   -5.847928
     0.559910   -1.000000   -0.653346   -3.258456   -2.348915
     0.559910   -1.000000   -5.105517    6.614841   -7.812973
     0.559910   -1.000000    6.765132    0.637248   -6.747687
     0.559910   -1.000000   -5.297678   -1.673544    1.678520
     0.559910   -1.000000    0.878510   -2.843332    2.893865
     0.559910   -1.000000    4.185475    0.133600   -1.245067
     0.559910   -1.000000   -6.252146    6.876212   -5.403372
     0.559910   -1.000000   -2.374637   -3.848573    4.766417
     0.559910   -1.000000   -3.650354    6.094013    3.752424
     0.559910   -1.000000    6.389303    7.354852    2.906840
     0.559910   -1.000000    4.970256   -7.700917   -2.372504
     0.559910   -1.000000    6.676666   -0.709144    5.089739
     0.559910   -1.000000   -3.128143    4.164488    3.973796
     0.559910   -1.000000    2.318902   -7.600690   -2.056036
     0.559910   -1.000000   -1.104788   -7.864979    7.944117
     0.559910   -1.000000   -3.805629    1.319056   -5.171237
     0.559910   -1.000000    3.055319   -6.615572   -0.909127
     0.559910   -1.000000    6.878727   -7.554669   -1.332133
     0.559910   -1.000000    0.603388    5.985780   -7.475030
     0.559910   -1.000000    3.279619    4.052124   -0.771160
     0.559910   -1.000000    2.131294    7.119709   -8.003860
     0.559910   -1.000000   -4.031910    6.235109   -3.355839
     0.559910   -1.000000    1.589068    7.652255    0.016321
     0.559910   -1.000000   -3.341106    2.242325   -4.345542
     0.559910   -1.000000   -2.827257   -2.370738   -2.196600
     0.559910   -1.000000   -2.674305    5.451190   -7.776153
     0.559910   -1.000000   -4.053996   -6.533372   -4.295404
     0.559910   -1.000000    5.060577   -5.258482    4.347170
     0.559910   -1.000000    4.918155    6.538765    0.296565
     0.559910   -1.000000    0.494365   -3.306347    3.864993
     0.559910   -1.000000   -3.788064   -2.504547   -3.892610
     0.559910   -1.000000    4.112750    3.843786    1.473203
     0.559910   -1.000000   -3.948745    3.660935    1.879849
     0.559910   -1.000000   -6.384930   -6.284844    7.365901
     2.799552  -20.000000    1.050609    1.050609    1.050609
     2.799552  -20.000000   -1.050609   -1.050609   -1.050609
