 160,  1.1936950434488536
    48  -0.787715E+03 -0.699263E+01 -0.728871E+01  0.296075E+00  0.370
     0.400000    3.000000    4.104301   -2.330430   -1.729689
     0.400000    3.000000   -4.331676    4.682853   -5.079918
     0.400000    3.000000    3.436703   -4.979463   -3.303656
     0.400000    3.000000   -0.505563    0.455839   -0.574724
     0.400000    3.000000   -0.934934   -1.343403   -1.868224
     0.400000    3.000000    0.113418   -0.483893   -1.731896
     0.400000    3.000000    0.405584   -0.541297   -0.482238
     0.400000    3.000000   -4.522038   -3.894316   -1.885163
     0.400000    3.000000    1.684176   -0.606893    3.820735
     0.400000    3.000000    5.046840    1.589746   -1.494891
     0.400000    3.000000    0.120381    1.792141    0.987474
     0.400000    3.000000    5.486771   -3.797831   -4.866144
     0.400000    3.000000   -3.710487    2.669236   -4.936774
     0.400000    3.000000    5.168763    0.498152    0.386694
     0.400000    3.000000   -4.785245   -4.159815    5.890859
     0.400000    3.000000   -0.008639    1.280748   -0.058250
     0.400000    3.000000    0.220685   -3.758154   -2.564779
     0.400000    3.000000    5.552184    2.809754   -3.258837
     0.400000    3.000000   -1.281941   -1.860971   -1.100363
     0.400000    3.000000   -2.803576   -2.442059   -3.390119
     0.400000    3.000000    2.484992    5.661942   -0.768162
     0.400000    3.000000   -1.132254   -0.699792    0.386338
     0.400000    3.000000   -4.851729    3.504878   -0.141902
     0.400000    3.000000    0.953329    1.232806    1.838886
     0.400000    3.000000    2.298744    3.346454   -2.656645
     0.400000    3.000000   -1.406296    3.469519   -1.462750
     0.400000    3.000000    1.202002    0.953857   -0.476831
     0.400000    3.000000   -4.429515   -0.895825   -4.317245
     0.400000    3.000000    2.723383    5.504136    2.475922
     0.400000    3.000000   -0.229934    0.081788    0.533584
     0.400000    3.000000    1.568180   -0.109115    1.070389
     0.400000    3.000000   -3.358505    4.842336    3.382194
     0.400000    3.000000   -1.260138   -0.247721   -1.733212
     0.400000    3.000000    0.710994   -4.823407    4.651298
     0.400000    3.000000    0.115062    5.173565    1.024452
     0.400000    3.000000   -4.327509   -4.793573    1.843087
     0.400000    3.000000    1.794575    1.096329    0.237425
     0.400000    3.000000    4.254229    2.997705   -0.911750
     0.400000    3.000000   -5.668258   -1.320383   -0.919567
     0.400000    3.000000   -0.140205    3.448674    5.625354
     0.400000    3.000000   -3.025989    0.404465    3.330984
     0.400000    3.000000   -1.855493    2.613632    0.366762
     0.400000    3.000000    1.147840   -2.870615    0.704655
     0.400000    3.000000   -1.890551   -0.415036   -0.339013
     0.400000    3.000000    3.989316   -1.294447    1.447868
     0.400000    3.000000    3.363096    2.275319    3.422771
     0.400000    3.000000    0.709525    5.674777   -2.737036
     0.400000    3.000000    0.371159   -0.161358    1.498669
     0.400000    3.000000   -5.535113   -1.163213    4.200633
     0.400000    3.000000   -4.522201    5.261901    2.840414
     0.400000   -1.000000    4.271582   -3.720428    2.572176
     0.400000   -1.000000   -3.265927    0.730316    3.540104
     0.400000   -1.000000   -3.928387    5.289230   -5.497675
     0.400000   -1.000000    1.238816    4.546478   -2.913477
     0.400000   -1.000000   -4.703591   -4.798569    1.691638
     0.400000   -1.000000    2.980987   -4.247356   -3.809309
     0.400000   -1.000000    1.952784    2.727412   -5.342302
     0.400000   -1.000000   -5.843544   -3.577074   -4.626823
     0.400000   -1.000000   -4.522707   -3.299659   -5.459615
     0.400000   -1.000000    1.977093    1.819287    4.394556
     0.400000   -1.000000    1.836892    3.390264    0.916725
     0.400000   -1.000000   -4.419625    5.598586    3.078444
     0.400000   -1.000000    0.181783   -5.225600    5.517019
     0.400000   -1.000000    3.907188    3.947884   -0.385331
     0.400000   -1.000000   -4.963576    4.515456    2.612092
     0.400000   -1.000000   -2.245086    4.226159    0.987519
     0.400000   -1.000000   -0.507212   -3.519248   -2.264853
     0.400000   -1.000000   -2.165371    3.451092   -1.302187
     0.400000   -1.000000   -4.530765   -0.895795   -1.804863
     0.400000   -1.000000    0.662265   -5.084953    4.041556
     0.400000   -1.000000    1.129877   -2.877354    1.154320
     0.400000   -1.000000   -4.172672    3.955687   -0.081053
     0.400000   -1.000000    2.569992    3.106886   -2.486170
     0.400000   -1.000000    2.566118   -1.342960   -0.231009
     0.400000   -1.000000    4.081943   -4.790972   -2.917792
     0.400000   -1.000000   -3.741573    5.012931    3.599665
     0.400000   -1.000000    3.539740   -4.925872    1.889018
     0.400000   -1.000000    1.194440   -3.079243   -3.004356
     0.400000   -1.000000   -1.060569    4.492150   -2.053734
     0.400000   -1.000000    2.615564   -3.559363   -1.032886
     0.400000   -1.000000    2.253063   -2.118969    5.413103
     0.400000   -1.000000   -2.319751   -2.553028   -3.508674
     0.400000   -1.000000    4.651731    2.848193   -1.007725
     0.400000   -1.000000    5.465648    2.716758   -3.771289
     0.400000   -1.000000   -0.103462   -0.570925    3.712749
     0.400000   -1.000000   -1.542982    2.545437    0.814059
     0.400000   -1.000000    5.046377   -1.738473    2.245646
     0.400000   -1.000000   -5.162890    2.458176   -1.331053
     0.400000   -1.000000    0.038312    4.460390   -2.454037
     0.400000   -1.000000    0.502769    5.062875    1.195407
     0.400000   -1.000000    2.513155    0.958659    2.819775
     0.400000   -1.000000    1.797444   -4.617155    3.216738
     0.400000   -1.000000    2.549371    5.084556    2.608647
     0.400000   -1.000000   -4.633103   -1.952987   -4.808988
     0.400000   -1.000000    4.068863    2.633557   -2.643604
     0.400000   -1.000000    1.809036   -4.905282   -3.223455
     0.400000   -1.000000   -1.523431    5.374312   -2.698803
     0.400000   -1.000000    1.067463    4.280177    1.188801
     0.400000   -1.000000    5.790517   -0.249670   -0.501491
     0.400000   -1.000000    4.135253    2.746802   -0.520887
     0.400000   -1.000000   -0.191824   -4.725305   -2.544624
     0.400000   -1.000000   -4.871016    2.054423    3.181543
     0.400000   -1.000000    5.452680   -4.555585    5.753867
     0.400000   -1.000000   -0.908421   -1.648567   -2.312249
     0.400000   -1.000000   -0.429687    2.823415    4.522410
     0.400000   -1.000000   -3.876601    3.194674   -4.699006
     0.400000   -1.000000    2.375468    0.053273    2.248765
     0.400000   -1.000000   -3.945158    1.048879    4.083167
     0.400000   -1.000000   -2.511927   -1.835187   -3.308218
     0.400000   -1.000000    3.966054   -2.218212   -4.733359
     0.400000   -1.000000   -3.487637    3.325525    3.115872
     0.400000   -1.000000   -2.277468   -3.315441    3.403888
     0.400000   -1.000000   -2.112215    3.483328    4.759097
     0.400000   -1.000000    3.217596    2.907995    3.189378
     0.400000   -1.000000    5.064525   -3.490594   -4.130202
     0.400000   -1.000000   -3.554182   -0.596739    0.941111
     0.400000   -1.000000   -4.971738    4.134579    0.084062
     0.400000   -1.000000    5.215072    1.190354   -1.693596
     0.400000   -1.000000    3.361686   -5.058831   -3.967064
     0.400000   -1.000000   -4.960871    3.138599   -0.734531
     0.400000   -1.000000   -1.448678   -2.273238   -1.148714
     0.400000   -1.000000   -2.894975   -1.213998    5.312453
     0.400000   -1.000000   -1.459588   -2.777973    2.876651
     0.400000   -1.000000    1.120492    5.395049   -2.770562
     0.400000   -1.000000    1.279933    5.748520   -2.511698
     0.400000   -1.000000    5.331351    0.881944    0.706016
     0.400000   -1.000000    2.149501    2.897814    4.115567
     0.400000   -1.000000   -3.448456    0.977908    1.413812
     0.400000   -1.000000   -4.266360    2.205635   -5.052138
     0.400000   -1.000000   -4.229347   -4.486699   -2.159758
     0.400000   -1.000000   -4.093531   -3.372717    1.962447
     0.400000   -1.000000    3.407303    1.858584    3.614408
     0.400000   -1.000000   -2.769964   -0.374567    0.361165
     0.400000   -1.000000   -1.808518    3.624928   -1.592852
     0.400000   -1.000000   -4.124860   -0.721101   -4.040532
     0.400000   -1.000000    2.252783   -5.707119   -0.801501
     0.400000   -1.000000    3.077330    5.659881    2.326689
     0.400000   -1.000000   -0.922972    2.951238   -5.284306
     0.400000   -1.000000    2.334890    3.031629   -2.011492
     0.400000   -1.000000   -3.906143    3.397548   -5.076142
     0.400000   -1.000000   -5.503976   -3.617786   -5.622721
     0.400000   -1.000000   -4.769446   -3.743042   -2.253013
     0.400000   -1.000000   -5.212243    0.426042   -1.247602
     0.400000   -1.000000   -0.194236    0.733309   -0.546411
     0.400000   -1.000000   -4.490710   -4.182570    2.095387
     0.400000   -1.000000    3.562371   -0.003699   -2.499926
     0.400000   -1.000000   -2.124778   -0.124946   -0.607815
     0.400000   -1.000000    1.027707    1.738060    2.049903
     0.400000   -1.000000   -2.565649    0.325653   -4.834318
     0.400000   -1.000000   -2.798911   -0.228125    2.607225
     0.400000   -1.000000   -1.216574   -1.114661   -2.985795
     0.400000   -1.000000    3.296386    2.180259   -1.045273
     0.400000   -1.000000   -1.059506    1.855839   -0.845200
     0.400000   -1.000000    0.746438   -0.986606    2.742659
     0.400000   -1.000000   -4.667300    4.965494   -5.120670
     0.400000   -1.000000    2.981346   -3.344148    3.393824
     0.400000   -1.000000    2.514230    5.116603   -1.277211
     0.400000   -1.000000   -3.320737    3.701285   -2.096615
     0.400000   -1.000000   -3.659280    4.734561    3.071149
     0.400000   -1.000000    3.800246   -1.389819    0.978211
     2.000000  -20.000000    0.750555    0.750555    0.750555
     2.000000  -20.000000   -0.750555   -0.750555   -0.750555
