  1.30    0     -39.11      0.29     -0.15      0.43  0.00 0.0100
  1.30    0     -36.77      0.42     -0.04      0.46  0.00 0.0100
  1.30    0     -35.60      0.35     -0.02      0.37  0.00 0.0100
  1.30    0     -35.82      0.34      0.06      0.29  0.00 0.0100
  1.30    0     -36.07      0.30      0.06      0.23  0.00 0.0100
  1.30    0     -37.06      0.31      0.17      0.14  0.00 0.0100
  1.30    0     -38.08      0.31      0.20      0.11  0.00 0.0100
  1.30    0     -38.74      0.28      0.15      0.13  0.00 0.0100
  1.30    0     -38.95      0.26      0.15      0.11  0.00 0.0100
  1.30    1     -38.65      0.27      0.13      0.14  0.00 0.0100
  1.30    1     -38.18      0.29      0.11      0.18  0.00 0.0100
  1.30    1     -38.07      0.27      0.05      0.22  0.00 0.0100
  1.30    1     -38.33      0.30      0.09      0.20  0.00 0.0100
  1.30    1     -38.65      0.30      0.12      0.18  0.00 0.0100
  1.30    1     -38.37      0.31      0.13      0.18  0.00 0.0100
  1.30    1     -38.31      0.32      0.14      0.18  0.00 0.0100
  1.30    1     -38.51      0.31      0.12      0.19  0.00 0.0100
  1.30    1     -38.55      0.31      0.12      0.19  0.00 0.0100
  1.30    1     -38.54      0.31      0.13      0.18  0.00 0.0100
  1.30    2     -38.58      0.30      0.12      0.19  0.00 0.0100
  1.30    2     -38.71      0.29      0.10      0.19  0.00 0.0100
  1.30    2     -38.77      0.30      0.10      0.20  0.00 0.0100
  1.30    2     -38.85      0.30      0.08      0.21  0.00 0.0100
  1.30    2     -39.00      0.29      0.08      0.21  0.00 0.0100
  1.30    2     -39.12      0.27      0.06      0.20  0.00 0.0100
  1.30    2     -39.30      0.28      0.08      0.19  0.00 0.0100
  1.30    2     -39.37      0.27      0.08      0.19  0.00 0.0100
  1.30    2     -39.44      0.28      0.09      0.19  0.00 0.0100
  1.30    2     -39.42      0.28      0.09      0.19  0.00 0.0100
  1.30    3     -39.43      0.29      0.10      0.19  0.00 0.0100
  1.30    3     -39.45      0.29      0.11      0.17  0.00 0.0100
  1.30    3     -39.49      0.28      0.12      0.17  0.00 0.0100
  1.30    3     -39.49      0.29      0.12      0.17  0.00 0.0100
  1.30    3     -39.22      0.29      0.12      0.17  0.00 0.0100
  1.30    3     -39.13      0.29      0.12      0.17  0.00 0.0100
  1.30    3     -39.17      0.29      0.12      0.17  0.00 0.0100
  1.30    3     -39.13      0.29      0.11      0.18  0.00 0.0100
  1.30    3     -39.06      0.29      0.11      0.18  0.00 0.0100
  1.30    3     -39.09      0.29      0.11      0.18  0.00 0.0100
  1.30    4     -39.10      0.31      0.13      0.18  0.00 0.0100
  1.30    4     -39.13      0.31      0.13      0.18  0.00 0.0100
  1.30    4     -39.11      0.30      0.13      0.18  0.00 0.0100
  1.30    4     -39.11      0.30      0.12      0.18  0.00 0.0100
  1.30    4     -39.16      0.29      0.10      0.19  0.00 0.0100
  1.30    4     -39.20      0.29      0.10      0.19  0.00 0.0100
  1.30    4     -39.17      0.29      0.10      0.19  0.00 0.0100
  1.30    4     -39.13      0.29      0.10      0.19  0.00 0.0100
  1.30    4     -39.17      0.28      0.10      0.18  0.00 0.0100
  1.30    4     -39.17      0.29      0.10      0.19  0.00 0.0100
  1.30    5     -39.14      0.29      0.10      0.19  0.00 0.0100
  1.30    5     -39.08      0.29      0.10      0.19  0.00 0.0100
  1.30    5     -39.13      0.29      0.10      0.19  0.00 0.0100
  1.30    5     -39.10      0.29      0.10      0.19  0.00 0.0100
  1.30    5     -39.07      0.30      0.11      0.19  0.00 0.0100
  1.30    5     -39.05      0.30      0.11      0.19  0.00 0.0100
  1.30    5     -38.96      0.30      0.11      0.19  0.00 0.0100
  1.30    5     -38.99      0.30      0.11      0.19  0.00 0.0100
  1.30    5     -38.98      0.30      0.11      0.18  0.00 0.0100
  1.30    5     -38.98      0.30      0.11      0.18  0.00 0.0100
  1.30    6     -38.94      0.30      0.12      0.18  0.00 0.0100
  1.30    6     -38.84      0.30      0.12      0.18  0.00 0.0100
  1.30    6     -38.81      0.30      0.12      0.18  0.00 0.0100
  1.30    6     -38.82      0.30      0.12      0.18  0.00 0.0100
  1.30    6     -38.82      0.31      0.12      0.18  0.00 0.0100
  1.30    6     -38.81      0.30      0.12      0.18  0.00 0.0100
  1.30    6     -38.78      0.30      0.12      0.18  0.00 0.0100
  1.30    6     -38.76      0.30      0.12      0.18  0.00 0.0100
  1.30    6     -38.77      0.30      0.12      0.18  0.00 0.0100
  1.30    6     -38.79      0.30      0.12      0.18  0.00 0.0100
  1.30    7     -38.80      0.30      0.12      0.18  0.00 0.0100
  1.30    7     -38.76      0.30      0.12      0.18  0.00 0.0100
  1.30    7     -38.76      0.31      0.13      0.18  0.00 0.0100
  1.30    7     -38.75      0.31      0.13      0.18  0.00 0.0100
  1.30    7     -38.77      0.32      0.14      0.18  0.00 0.0100
  1.30    7     -38.79      0.31      0.13      0.18  0.00 0.0100
  1.30    7     -38.77      0.32      0.13      0.18  0.00 0.0100
  1.30    7     -38.75      0.31      0.13      0.18  0.00 0.0100
  1.30    7     -38.74      0.31      0.12      0.18  0.00 0.0100
  1.30    7     -38.72      0.30      0.12      0.18  0.00 0.0100
  1.30    7     -38.72      0.30      0.12      0.18  0.00 0.0100
  1.30    7     -38.72      0.30      0.12      0.18  0.00 0.0100
  1.30    7     -38.72      0.30      0.12      0.18  0.00 0.0100
  1.30    7     -38.72      0.30      0.12      0.18  0.00 0.0100
  1.30    7     -38.72      0.30      0.12      0.18  0.00 0.0100
  1.30    8     -38.73      0.30      0.11      0.18  0.00 0.0100
  1.30    8     -38.72      0.29      0.11      0.18  0.00 0.0100
  1.30    8     -38.71      0.30      0.11      0.18  0.00 0.0100
  1.30    8     -38.70      0.29      0.11      0.18  0.00 0.0100
  1.30    8     -38.68      0.29      0.11      0.18  0.00 0.0100
  1.30    8     -38.71      0.29      0.11      0.18  0.00 0.0100
  1.30    8     -38.72      0.29      0.11      0.18  0.00 0.0100
  1.30    8     -38.72      0.29      0.11      0.18  0.00 0.0100
  1.30    8     -38.74      0.28      0.11      0.18  0.00 0.0100
  1.30    8     -38.74      0.28      0.11      0.18  0.00 0.0100
  1.30    9     -38.73      0.28      0.11      0.18  0.00 0.0100
  1.30    9     -38.73      0.28      0.11      0.18  0.00 0.0100
  1.30    9     -38.73      0.28      0.10      0.18  0.00 0.0100
  1.30    9     -38.72      0.28      0.10      0.18  0.00 0.0100
  1.30    9     -38.72      0.28      0.10      0.18  0.00 0.0100
  1.30    9     -38.70      0.29      0.11      0.18  0.00 0.0100
  1.30    9     -38.69      0.29      0.11      0.18  0.00 0.0100
  1.30    9     -38.69      0.29      0.11      0.18  0.00 0.0100
  1.30    9     -38.69      0.29      0.11      0.18  0.00 0.0100
  1.30    9     -38.69      0.29      0.11      0.18  0.00 0.0100
  1.30   10     -38.68      0.29      0.11      0.18  0.00 0.0100
  1.30   10     -38.67      0.29      0.11      0.18  0.00 0.0100
  1.30   10     -38.68      0.29      0.11      0.18  0.00 0.0100
  1.30   10     -38.68      0.29      0.11      0.18  0.00 0.0100
  1.30   10     -38.68      0.29      0.11      0.18  0.00 0.0100
  1.30   10     -38.68      0.29      0.11      0.18  0.00 0.0100
  1.30   10     -38.66      0.29      0.11      0.18  0.00 0.0100
  1.30   10     -38.66      0.29      0.11      0.18  0.00 0.0100
  1.30   10     -38.65      0.29      0.11      0.18  0.00 0.0100
  1.30   10     -38.64      0.29      0.11      0.18  0.00 0.0100
  1.30   11     -38.62      0.29      0.11      0.18  0.00 0.0100
  1.30   11     -38.62      0.29      0.11      0.18  0.00 0.0100
  1.30   11     -38.62      0.29      0.11      0.18  0.00 0.0100
  1.30   11     -38.63      0.30      0.12      0.18  0.00 0.0100
  1.30   11     -38.62      0.29      0.11      0.18  0.00 0.0100
  1.30   11     -38.62      0.29      0.11      0.18  0.00 0.0100
  1.30   11     -38.62      0.30      0.12      0.18  0.00 0.0100
  1.30   11     -38.63      0.30      0.12      0.18  0.00 0.0100
  1.30   11     -38.63      0.29      0.12      0.18  0.00 0.0100
  1.30   11     -38.62      0.29      0.12      0.18  0.00 0.0100
  1.30   12     -38.62      0.29      0.11      0.18  0.00 0.0100
  1.30   12     -38.62      0.29      0.11      0.18  0.00 0.0100
  1.30   12     -38.61      0.29      0.11      0.18  0.00 0.0100
  1.30   12     -38.61      0.29      0.11      0.18  0.00 0.0100
  1.30   12     -38.61      0.29      0.11      0.18  0.00 0.0100
  1.30   12     -38.61      0.29      0.11      0.18  0.00 0.0100
  1.30   12     -38.60      0.28      0.11      0.18  0.00 0.0100
  1.30   12     -38.60      0.29      0.11      0.18  0.00 0.0100
  1.30   12     -38.60      0.28      0.11      0.18  0.00 0.0100
  1.30   12     -38.59      0.28      0.11      0.18  0.00 0.0100
  1.30   13     -38.59      0.28      0.11      0.18  0.00 0.0100
  1.30   13     -38.59      0.28      0.11      0.18  0.00 0.0100
  1.30   13     -38.59      0.28      0.10      0.18  0.00 0.0100
  1.30   13     -38.58      0.28      0.10      0.18  0.00 0.0100
  1.30   13     -38.58      0.28      0.10      0.18  0.00 0.0100
  1.30   13     -38.58      0.28      0.10      0.18  0.00 0.0100
  1.30   13     -38.57      0.28      0.10      0.18  0.00 0.0100
  1.30   13     -38.58      0.28      0.10      0.18  0.00 0.0100
  1.30   13     -38.57      0.28      0.10      0.18  0.00 0.0100
  1.30   13     -38.57      0.28      0.10      0.18  0.00 0.0100
  1.30   14     -38.57      0.28      0.10      0.18  0.00 0.0100
  1.30   14     -38.57      0.28      0.10      0.18  0.00 0.0100
  1.30   14     -38.57      0.28      0.11      0.18  0.00 0.0100
  1.30   14     -38.56      0.28      0.11      0.18  0.00 0.0100
  1.30   14     -38.56      0.28      0.10      0.18  0.00 0.0100
  1.30   14     -38.56      0.29      0.11      0.18  0.00 0.0100
  1.30   14     -38.56      0.29      0.11      0.18  0.00 0.0100
  1.30   14     -38.56      0.29      0.11      0.18  0.00 0.0100
  1.30   14     -38.56      0.29      0.11      0.18  0.00 0.0100
  1.30   14     -38.56      0.29      0.11      0.18  0.00 0.0100
  1.30   15     -38.56      0.29      0.11      0.18  0.00 0.0100
  1.30   15     -38.55      0.29      0.11      0.18  0.00 0.0100
  1.30   15     -38.56      0.29      0.11      0.18  0.00 0.0100
  1.30   15     -38.55      0.29      0.11      0.18  0.00 0.0100
  1.30   15     -38.55      0.29      0.11      0.18  0.00 0.0100
  1.30   15     -38.55      0.29      0.11      0.18  0.00 0.0100
  1.30   15     -38.55      0.29      0.11      0.18  0.00 0.0100
  1.30   15     -38.55      0.29      0.11      0.18  0.00 0.0100
  1.30   15     -38.55      0.29      0.11      0.18  0.00 0.0100
  1.30   15     -38.54      0.30      0.12      0.18  0.00 0.0100
  1.30   16     -38.54      0.30      0.12      0.18  0.00 0.0100
  1.30   16     -38.53      0.30      0.12      0.18  0.00 0.0100
  1.30   16     -38.53      0.30      0.12      0.18  0.00 0.0100
  1.30   16     -38.53      0.30      0.12      0.18  0.00 0.0100
  1.30   16     -38.53      0.30      0.12      0.18  0.00 0.0100
  1.30   16     -38.53      0.30      0.12      0.18  0.00 0.0100
  1.30   16     -38.53      0.30      0.12      0.18  0.00 0.0100
  1.30   16     -38.52      0.30      0.12      0.18  0.00 0.0100
  1.30   16     -38.52      0.30      0.12      0.18  0.00 0.0100
  1.30   16     -38.51      0.30      0.12      0.18  0.00 0.0100
  1.30   17     -38.51      0.29      0.12      0.18  0.00 0.0100
  1.30   17     -38.51      0.29      0.12      0.18  0.00 0.0100
  1.30   17     -38.51      0.29      0.11      0.18  0.00 0.0100
  1.30   17     -38.51      0.29      0.11      0.18  0.00 0.0100
  1.30   17     -38.51      0.30      0.12      0.18  0.00 0.0100
  1.30   17     -38.51      0.30      0.12      0.18  0.00 0.0100
  1.30   17     -38.50      0.30      0.12      0.18  0.00 0.0100
  1.30   17     -38.50      0.30      0.12      0.18  0.00 0.0100
  1.30   17     -38.50      0.30      0.12      0.18  0.00 0.0100
  1.30   17     -38.50      0.30      0.12      0.18  0.00 0.0100
  1.30   18     -38.50      0.30      0.12      0.18  0.00 0.0100
  1.30   18     -38.50      0.30      0.12      0.18  0.00 0.0100
  1.30   18     -38.50      0.30      0.12      0.18  0.00 0.0100
  1.30   18     -38.49      0.30      0.12      0.18  0.00 0.0100
  1.30   18     -38.49      0.30      0.12      0.18  0.00 0.0100
  1.30   18     -38.49      0.30      0.12      0.18  0.00 0.0100
  1.30   18     -38.49      0.29      0.11      0.18  0.00 0.0100
  1.30   18     -38.49      0.29      0.12      0.18  0.00 0.0100
  1.30   18     -38.49      0.29      0.12      0.18  0.00 0.0100
  1.30   18     -38.49      0.29      0.12      0.18  0.00 0.0100
  1.30   19     -38.49      0.29      0.12      0.18  0.00 0.0100
  1.30   19     -38.49      0.29      0.12      0.18  0.00 0.0100
  1.30   19     -38.49      0.30      0.12      0.18  0.00 0.0100
  1.30   19     -38.49      0.30      0.12      0.18  0.00 0.0100
  1.30   19     -38.48      0.30      0.12      0.18  0.00 0.0100
  1.30   19     -38.49      0.30      0.12      0.18  0.00 0.0100
  1.30   19     -38.48      0.29      0.12      0.18  0.00 0.0100
  1.30   19     -38.48      0.29      0.12      0.18  0.00 0.0100
  1.30   19     -38.48      0.29      0.12      0.18  0.00 0.0100
  1.30   19     -38.48      0.29      0.11      0.18  0.00 0.0100
  1.30   20     -38.48      0.29      0.12      0.18  0.00 0.0100
  1.30   20     -38.48      0.30      0.12      0.18  0.00 0.0100
  1.30   20     -38.47      0.30      0.12      0.18  0.00 0.0100
  1.30   20     -38.48      0.29      0.12      0.18  0.00 0.0100
  1.30   20     -38.47      0.29      0.12      0.18  0.00 0.0100
  1.30   20     -38.47      0.29      0.12      0.18  0.00 0.0100
  1.30   20     -38.47      0.29      0.12      0.18  0.00 0.0100
  1.30   20     -38.47      0.30      0.12      0.18  0.00 0.0100
  1.30   20     -38.47      0.30      0.12      0.18  0.00 0.0100
  1.30   20     -38.47      0.29      0.12      0.18  0.00 0.0100
  1.30   21     -38.47      0.29      0.12      0.18  0.00 0.0100
  1.30   21     -38.47      0.29      0.11      0.18  0.00 0.0100
  1.30   21     -38.47      0.29      0.12      0.18  0.00 0.0100
  1.30   21     -38.47      0.29      0.12      0.18  0.00 0.0100
  1.30   21     -38.47      0.29      0.11      0.18  0.00 0.0100
  1.30   21     -38.47      0.29      0.11      0.18  0.00 0.0100
  1.30   21     -38.47      0.29      0.11      0.18  0.00 0.0100
  1.30   21     -38.47      0.29      0.11      0.18  0.00 0.0100
  1.30   21     -38.46      0.29      0.11      0.18  0.00 0.0100
  1.30   21     -38.46      0.29      0.11      0.18  0.00 0.0100
  1.30   22     -38.46      0.29      0.11      0.18  0.00 0.0100
  1.30   22     -38.46      0.29      0.11      0.18  0.00 0.0100
  1.30   22     -38.46      0.29      0.12      0.18  0.00 0.0100
  1.30   22     -38.46      0.29      0.12      0.18  0.00 0.0100
  1.30   22     -38.46      0.30      0.12      0.18  0.00 0.0100
  1.30   22     -38.46      0.30      0.12      0.18  0.00 0.0100
  1.30   22     -38.46      0.30      0.12      0.18  0.00 0.0100
  1.30   22     -38.46      0.30      0.12      0.18  0.00 0.0100
  1.30   22     -38.45      0.29      0.12      0.18  0.00 0.0100
  1.30   22     -38.45      0.29      0.12      0.18  0.00 0.0100
  1.30   23     -38.45      0.29      0.12      0.18  0.00 0.0100
  1.30   23     -38.45      0.29      0.12      0.18  0.00 0.0100
  1.30   23     -38.45      0.29      0.11      0.18  0.00 0.0100
  1.30   23     -38.45      0.29      0.11      0.18  0.00 0.0100
  1.30   23     -38.45      0.29      0.12      0.18  0.00 0.0100
  1.30   23     -38.45      0.29      0.12      0.18  0.00 0.0100
  1.30   23     -38.45      0.30      0.12      0.18  0.00 0.0100
  1.30   23     -38.45      0.30      0.12      0.18  0.00 0.0100
  1.30   23     -38.44      0.30      0.12      0.18  0.00 0.0100
  1.30   23     -38.44      0.30      0.12      0.18  0.00 0.0100
  1.30   24     -38.44      0.30      0.12      0.18  0.00 0.0100
  1.30   24     -38.44      0.30      0.12      0.18  0.00 0.0100
  1.30   24     -38.44      0.29      0.12      0.18  0.00 0.0100
  1.30   24     -38.44      0.29      0.12      0.18  0.00 0.0100
  1.30   24     -38.44      0.29      0.12      0.18  0.00 0.0100
  1.30   24     -38.44      0.29      0.12      0.18  0.00 0.0100
  1.30   24     -38.44      0.29      0.12      0.18  0.00 0.0100
  1.30   24     -38.44      0.29      0.12      0.18  0.00 0.0100
  1.30   24     -38.44      0.29      0.12      0.18  0.00 0.0100
  1.30   24     -38.44      0.29      0.12      0.18  0.00 0.0100
  1.30   25     -38.44      0.30      0.12      0.18  0.00 0.0100
  1.30   25     -38.43      0.30      0.12      0.18  0.00 0.0100
  1.30   25     -38.43      0.30      0.12      0.18  0.00 0.0100
  1.30   25     -38.43      0.30      0.12      0.18  0.00 0.0100
  1.30   25     -38.43      0.30      0.12      0.18  0.00 0.0100
  1.30   25     -38.43      0.30      0.12      0.18  0.00 0.0100
  1.30   25     -38.43      0.30      0.12      0.18  0.00 0.0100
  1.30   25     -38.43      0.30      0.12      0.18  0.00 0.0100
  1.30   25     -38.43      0.30      0.12      0.18  0.00 0.0100
  1.30   25     -38.43      0.30      0.12      0.18  0.00 0.0100
  1.30   26     -38.43      0.29      0.12      0.18  0.00 0.0100
  1.30   26     -38.43      0.29      0.12      0.18  0.00 0.0100
  1.30   26     -38.42      0.29      0.11      0.18  0.00 0.0100
  1.30   26     -38.43      0.29      0.12      0.18  0.00 0.0100
  1.30   26     -38.42      0.30      0.12      0.18  0.00 0.0100
  1.30   26     -38.42      0.30      0.12      0.18  0.00 0.0100
  1.30   26     -38.42      0.30      0.12      0.18  0.00 0.0100
  1.30   26     -38.42      0.30      0.12      0.18  0.00 0.0100
  1.30   26     -38.42      0.30      0.12      0.18  0.00 0.0100
  1.30   26     -38.42      0.30      0.12      0.18  0.00 0.0100
  1.30   27     -38.42      0.30      0.12      0.18  0.00 0.0100
  1.30   27     -38.42      0.30      0.12      0.18  0.00 0.0100
  1.30   27     -38.42      0.30      0.12      0.18  0.00 0.0100
  1.30   27     -38.42      0.30      0.12      0.18  0.00 0.0100
  1.30   27     -38.42      0.30      0.12      0.18  0.00 0.0100
  1.30   27     -38.41      0.30      0.12      0.18  0.00 0.0100
  1.30   27     -38.41      0.30      0.12      0.18  0.00 0.0100
  1.30   27     -38.41      0.30      0.12      0.18  0.00 0.0100
  1.30   27     -38.41      0.30      0.12      0.18  0.00 0.0100
  1.30   27     -38.41      0.30      0.13      0.18  0.00 0.0100
  1.30   28     -38.41      0.30      0.13      0.18  0.00 0.0100
  1.30   28     -38.41      0.30      0.13      0.18  0.00 0.0100
  1.30   28     -38.41      0.30      0.13      0.18  0.00 0.0100
  1.30   28     -38.41      0.30      0.13      0.18  0.00 0.0100
  1.30   28     -38.41      0.30      0.12      0.18  0.00 0.0100
  1.30   28     -38.41      0.30      0.12      0.18  0.00 0.0100
  1.30   28     -38.41      0.30      0.13      0.18  0.00 0.0100
  1.30   28     -38.41      0.30      0.12      0.18  0.00 0.0100
  1.30   28     -38.41      0.30      0.12      0.18  0.00 0.0100
  1.30   28     -38.41      0.30      0.13      0.18  0.00 0.0100
  1.30   29     -38.41      0.30      0.12      0.18  0.00 0.0100
  1.30   29     -38.40      0.30      0.12      0.18  0.00 0.0100
  1.30   29     -38.40      0.30      0.12      0.18  0.00 0.0100
  1.30   29     -38.40      0.30      0.12      0.18  0.00 0.0100
  1.30   29     -38.40      0.30      0.12      0.18  0.00 0.0100
  1.30   29     -38.40      0.30      0.12      0.18  0.00 0.0100
  1.30   29     -38.40      0.30      0.12      0.18  0.00 0.0100
  1.30   29     -38.40      0.30      0.12      0.18  0.00 0.0100
  1.30   29     -38.40      0.30      0.12      0.18  0.00 0.0100
  1.30   29     -38.40      0.30      0.12      0.18  0.00 0.0100
  1.30   30     -38.40      0.30      0.12      0.18  0.00 0.0100
  1.30   30     -38.40      0.30      0.12      0.18  0.00 0.0100
  1.30   30     -38.40      0.30      0.12      0.18  0.00 0.0100
  1.30   30     -38.40      0.30      0.12      0.18  0.00 0.0100
  1.30   30     -38.40      0.30      0.12      0.18  0.00 0.0100
  1.30   30     -38.40      0.30      0.12      0.18  0.00 0.0100
  1.30   30     -38.40      0.30      0.12      0.18  0.00 0.0100
  1.30   30     -38.40      0.30      0.12      0.18  0.00 0.0100
  1.30   30     -38.40      0.30      0.13      0.18  0.00 0.0100
  1.30   30     -38.40      0.30      0.13      0.18  0.00 0.0100
  1.30   31     -38.39      0.30      0.12      0.18  0.00 0.0100
  1.30   31     -38.39      0.30      0.12      0.18  0.00 0.0100
  1.30   31     -38.39      0.30      0.12      0.18  0.00 0.0100
  1.30   31     -38.39      0.30      0.12      0.18  0.00 0.0100
  1.30   31     -38.39      0.30      0.13      0.18  0.00 0.0100
  1.30   31     -38.39      0.30      0.12      0.18  0.00 0.0100
  1.30   31     -38.39      0.30      0.13      0.18  0.00 0.0100
  1.30   31     -38.39      0.31      0.13      0.18  0.00 0.0100
  1.30   31     -38.39      0.31      0.13      0.18  0.00 0.0100
  1.30   31     -38.39      0.31      0.13      0.18  0.00 0.0100
  1.30   32     -38.39      0.30      0.13      0.18  0.00 0.0100
  1.30   32     -38.39      0.30      0.13      0.18  0.00 0.0100
  1.30   32     -38.39      0.30      0.13      0.18  0.00 0.0100
  1.30   32     -38.39      0.30      0.13      0.18  0.00 0.0100
  1.30   32     -38.39      0.30      0.12      0.18  0.00 0.0100
  1.30   32     -38.39      0.30      0.12      0.18  0.00 0.0100
  1.30   32     -38.39      0.30      0.12      0.18  0.00 0.0100
  1.30   32     -38.38      0.30      0.12      0.18  0.00 0.0100
  1.30   32     -38.38      0.30      0.12      0.18  0.00 0.0100
  1.30   32     -38.38      0.30      0.12      0.18  0.00 0.0100
  1.30   33     -38.38      0.30      0.12      0.18  0.00 0.0100
  1.30   33     -38.38      0.30      0.13      0.18  0.00 0.0100
  1.30   33     -38.38      0.31      0.13      0.18  0.00 0.0100
  1.30   33     -38.38      0.31      0.13      0.18  0.00 0.0100
  1.30   33     -38.38      0.31      0.13      0.18  0.00 0.0100
  1.30   33     -38.38      0.31      0.13      0.18  0.00 0.0100
  1.30   33     -38.38      0.31      0.13      0.18  0.00 0.0100
  1.30   33     -38.38      0.31      0.13      0.18  0.00 0.0100
  1.30   33     -38.38      0.31      0.13      0.18  0.00 0.0100
  1.30   33     -38.38      0.31      0.13      0.18  0.00 0.0100
  1.30   34     -38.38      0.31      0.13      0.18  0.00 0.0100
  1.30   34     -38.38      0.31      0.13      0.18  0.00 0.0100
  1.30   34     -38.38      0.31      0.13      0.18  0.00 0.0100
  1.30   34     -38.38      0.31      0.13      0.18  0.00 0.0100
  1.30   34     -38.38      0.31      0.13      0.18  0.00 0.0100
  1.30   34     -38.38      0.31      0.13      0.18  0.00 0.0100
  1.30   34     -38.37      0.31      0.13      0.18  0.00 0.0100
  1.30   34     -38.37      0.31      0.14      0.18  0.00 0.0100
  1.30   34     -38.37      0.31      0.14      0.18  0.00 0.0100
  1.30   34     -38.37      0.31      0.14      0.18  0.00 0.0100
  1.30   35     -38.37      0.31      0.14      0.18  0.00 0.0100
  1.30   35     -38.37      0.31      0.13      0.18  0.00 0.0100
  1.30   35     -38.37      0.31      0.13      0.18  0.00 0.0100
  1.30   35     -38.37      0.31      0.13      0.18  0.00 0.0100
  1.30   35     -38.37      0.31      0.13      0.18  0.00 0.0100
  1.30   35     -38.37      0.31      0.13      0.18  0.00 0.0100
  1.30   35     -38.37      0.31      0.13      0.18  0.00 0.0100
  1.30   35     -38.37      0.31      0.13      0.18  0.00 0.0100
  1.30   35     -38.37      0.31      0.13      0.18  0.00 0.0100
  1.30   35     -38.37      0.31      0.13      0.18  0.00 0.0100
  1.30   36     -38.37      0.31      0.13      0.18  0.00 0.0100
  1.30   36     -38.37      0.31      0.13      0.18  0.00 0.0100
  1.30   36     -38.37      0.31      0.13      0.18  0.00 0.0100
  1.30   36     -38.37      0.31      0.14      0.18  0.00 0.0100
  1.30   36     -38.37      0.31      0.13      0.18  0.00 0.0100
  1.30   36     -38.37      0.31      0.14      0.18  0.00 0.0100
  1.30   36     -38.37      0.31      0.14      0.18  0.00 0.0100
  1.30   36     -38.37      0.31      0.13      0.18  0.00 0.0100
  1.30   36     -38.37      0.31      0.13      0.18  0.00 0.0100
  1.30   36     -38.37      0.31      0.13      0.18  0.00 0.0100
  1.30   37     -38.37      0.31      0.13      0.18  0.00 0.0100
  1.30   37     -38.37      0.31      0.13      0.18  0.00 0.0100
  1.30   37     -38.36      0.31      0.14      0.18  0.00 0.0100
  1.30   37     -38.36      0.31      0.13      0.18  0.00 0.0100
  1.30   37     -38.36      0.31      0.13      0.18  0.00 0.0100
  1.30   37     -38.36      0.31      0.13      0.18  0.00 0.0100
  1.30   37     -38.36      0.31      0.14      0.18  0.00 0.0100
  1.30   37     -38.36      0.31      0.14      0.18  0.00 0.0100
  1.30   37     -38.36      0.31      0.14      0.18  0.00 0.0100
  1.30   37     -38.36      0.31      0.14      0.18  0.00 0.0100
  1.30   38     -38.36      0.31      0.14      0.18  0.00 0.0100
  1.30   38     -38.36      0.31      0.13      0.18  0.00 0.0100
  1.30   38     -38.36      0.31      0.14      0.18  0.00 0.0100
  1.30   38     -38.36      0.31      0.13      0.18  0.00 0.0100
  1.30   38     -38.36      0.31      0.13      0.18  0.00 0.0100
  1.30   38     -38.36      0.31      0.13      0.18  0.00 0.0100
  1.30   38     -38.36      0.31      0.13      0.18  0.00 0.0100
  1.30   38     -38.36      0.31      0.13      0.18  0.00 0.0100
  1.30   38     -38.36      0.31      0.13      0.18  0.00 0.0100
  1.30   38     -38.36      0.31      0.14      0.18  0.00 0.0100
  1.30   39     -38.36      0.31      0.14      0.18  0.00 0.0100
  1.30   39     -38.36      0.31      0.14      0.18  0.00 0.0100
  1.30   39     -38.36      0.31      0.14      0.18  0.00 0.0100
  1.30   39     -38.36      0.31      0.14      0.18  0.00 0.0100
  1.30   39     -38.36      0.31      0.14      0.18  0.00 0.0100
  1.30   39     -38.36      0.31      0.14      0.18  0.00 0.0100
  1.30   39     -38.36      0.31      0.14      0.18  0.00 0.0100
  1.30   39     -38.36      0.31      0.14      0.18  0.00 0.0100
  1.30   39     -38.36      0.31      0.14      0.18  0.00 0.0100
  1.30   39     -38.36      0.31      0.14      0.18  0.00 0.0100
  1.30   40     -38.36      0.31      0.14      0.18  0.00 0.0100
  1.30   40     -38.36      0.31      0.14      0.18  0.00 0.0100
  1.30   40     -38.36      0.31      0.14      0.18  0.00 0.0100
  1.30   40     -38.36      0.31      0.14      0.18  0.00 0.0100
  1.30   40     -38.36      0.31      0.14      0.18  0.00 0.0100
  1.30   40     -38.36      0.32      0.14      0.18  0.00 0.0100
  1.30   40     -38.36      0.32      0.14      0.18  0.00 0.0100
  1.30   40     -38.36      0.32      0.14      0.18  0.00 0.0100
  1.30   40     -38.36      0.32      0.14      0.18  0.00 0.0100
  1.30   40     -38.36      0.32      0.14      0.18  0.00 0.0100
  1.30   41     -38.35      0.32      0.14      0.18  0.00 0.0100
  1.30   41     -38.35      0.32      0.14      0.18  0.00 0.0100
  1.30   41     -38.35      0.32      0.14      0.18  0.00 0.0100
  1.30   41     -38.35      0.32      0.14      0.18  0.00 0.0100
  1.30   41     -38.35      0.32      0.14      0.18  0.00 0.0100
  1.30   41     -38.35      0.32      0.14      0.18  0.00 0.0100
  1.30   41     -38.35      0.32      0.14      0.18  0.00 0.0100
  1.30   41     -38.35      0.32      0.14      0.18  0.00 0.0100
  1.30   41     -38.35      0.32      0.14      0.18  0.00 0.0100
  1.30   41     -38.35      0.32      0.14      0.18  0.00 0.0100
  1.30   42     -38.35      0.32      0.14      0.18  0.00 0.0100
  1.30   42     -38.35      0.32      0.14      0.18  0.00 0.0100
  1.30   42     -38.35      0.32      0.14      0.18  0.00 0.0100
  1.30   42     -38.35      0.32      0.14      0.18  0.00 0.0100
  1.30   42     -38.35      0.32      0.14      0.18  0.00 0.0100
  1.30   42     -38.35      0.32      0.14      0.18  0.00 0.0100
  1.30   42     -38.35      0.32      0.14      0.18  0.00 0.0100
  1.30   42     -38.35      0.32      0.14      0.18  0.00 0.0100
  1.30   42     -38.35      0.32      0.14      0.18  0.00 0.0100
  1.30   42     -38.35      0.32      0.14      0.18  0.00 0.0100
  1.30   43     -38.35      0.32      0.14      0.18  0.00 0.0100
  1.30   43     -38.35      0.32      0.14      0.18  0.00 0.0100
  1.30   43     -38.35      0.32      0.14      0.18  0.00 0.0100
  1.30   43     -38.35      0.32      0.14      0.18  0.00 0.0100
  1.30   43     -38.35      0.32      0.14      0.18  0.00 0.0100
  1.30   43     -38.35      0.32      0.14      0.18  0.00 0.0100
  1.30   43     -38.35      0.32      0.14      0.18  0.00 0.0100
  1.30   43     -38.35      0.32      0.14      0.18  0.00 0.0100
  1.30   43     -38.35      0.32      0.14      0.18  0.00 0.0100
  1.30   43     -38.35      0.32      0.14      0.18  0.00 0.0100
  1.30   44     -38.34      0.31      0.14      0.18  0.00 0.0100
  1.30   44     -38.34      0.31      0.14      0.18  0.00 0.0100
  1.30   44     -38.34      0.31      0.14      0.18  0.00 0.0100
  1.30   44     -38.34      0.31      0.14      0.18  0.00 0.0100
  1.30   44     -38.34      0.31      0.14      0.18  0.00 0.0100
  1.30   44     -38.34      0.32      0.14      0.18  0.00 0.0100
  1.30   44     -38.34      0.32      0.14      0.18  0.00 0.0100
  1.30   44     -38.34      0.32      0.14      0.18  0.00 0.0100
  1.30   44     -38.34      0.32      0.14      0.18  0.00 0.0100
  1.30   44     -38.34      0.32      0.14      0.18  0.00 0.0100
  1.30   45     -38.34      0.32      0.14      0.18  0.00 0.0100
  1.30   45     -38.34      0.32      0.14      0.18  0.00 0.0100
  1.30   45     -38.34      0.32      0.14      0.18  0.00 0.0100
  1.30   45     -38.34      0.31      0.14      0.18  0.00 0.0100
  1.30   45     -38.34      0.31      0.14      0.18  0.00 0.0100
  1.30   45     -38.34      0.31      0.14      0.18  0.00 0.0100
  1.30   45     -38.34      0.32      0.14      0.18  0.00 0.0100
  1.30   45     -38.34      0.32      0.14      0.18  0.00 0.0100
  1.30   45     -38.34      0.32      0.14      0.18  0.00 0.0100
  1.30   45     -38.34      0.32      0.14      0.18  0.00 0.0100
  1.30   46     -38.34      0.32      0.14      0.18  0.00 0.0100
  1.30   46     -38.34      0.32      0.14      0.18  0.00 0.0100
  1.30   46     -38.34      0.32      0.14      0.18  0.00 0.0100
  1.30   46     -38.34      0.31      0.14      0.18  0.00 0.0100
  1.30   46     -38.34      0.32      0.14      0.18  0.00 0.0100
  1.30   46     -38.34      0.32      0.14      0.18  0.00 0.0100
  1.30   46     -38.34      0.32      0.14      0.18  0.00 0.0100
  1.30   46     -38.34      0.32      0.14      0.18  0.00 0.0100
  1.30   46     -38.34      0.32      0.14      0.18  0.00 0.0100
  1.30   46     -38.34      0.31      0.14      0.18  0.00 0.0100
  1.30   47     -38.34      0.32      0.14      0.18  0.00 0.0100
