  1.30    0    -170.38     -1.01     -0.71     -0.30  0.03 0.0100
  1.30    0    -167.55     -0.42     -0.26     -0.17  0.03 0.0100
  1.30    0    -166.06     -0.48     -0.06     -0.42  0.03 0.0100
  1.30    0    -166.06     -0.60     -0.04     -0.56  0.03 0.0100
  1.30    0    -166.37     -0.67     -0.14     -0.52  0.03 0.0100
  1.30    0    -166.32     -0.39      0.06     -0.45  0.03 0.0100
  1.30    0    -166.20     -0.07      0.30     -0.37  0.03 0.0100
  1.30    0    -166.01      0.13      0.49     -0.36  0.03 0.0100
  1.30    0    -165.99      0.20      0.55     -0.34  0.03 0.0100
  1.30    1    -165.94      0.28      0.65     -0.37  0.03 0.0100
  1.30    1    -166.14      0.38      0.77     -0.39  0.03 0.0100
  1.30    1    -166.03      0.26      0.65     -0.39  0.03 0.0100
  1.30    1    -165.97      0.18      0.56     -0.38  0.03 0.0100
  1.30    1    -165.88      0.19      0.57     -0.38  0.03 0.0100
  1.30    1    -165.80      0.18      0.62     -0.44  0.03 0.0100
  1.30    1    -165.87      0.23      0.65     -0.42  0.03 0.0100
  1.30    1    -165.76      0.26      0.63     -0.37  0.03 0.0100
  1.30    1    -165.70      0.18      0.54     -0.36  0.03 0.0100
  1.30    1    -165.70      0.14      0.53     -0.39  0.03 0.0100
  1.30    2    -165.74      0.11      0.53     -0.42  0.03 0.0100
  1.30    2    -165.86      0.14      0.57     -0.43  0.03 0.0100
  1.30    2    -165.94      0.16      0.57     -0.41  0.03 0.0100
  1.30    2    -165.98      0.14      0.57     -0.43  0.03 0.0100
  1.30    2    -165.97      0.14      0.55     -0.41  0.03 0.0100
  1.30    2    -166.00      0.13      0.54     -0.41  0.03 0.0100
  1.30    2    -166.01      0.12      0.56     -0.44  0.03 0.0100
  1.30    2    -165.96      0.13      0.57     -0.44  0.03 0.0100
  1.30    2    -165.96      0.12      0.59     -0.46  0.03 0.0100
  1.30    2    -165.92      0.11      0.57     -0.46  0.03 0.0100
  1.30    3    -165.86      0.10      0.56     -0.46  0.03 0.0100
  1.30    3    -165.80      0.15      0.58     -0.43  0.03 0.0100
  1.30    3    -165.78      0.17      0.57     -0.41  0.03 0.0100
  1.30    3    -165.79      0.21      0.61     -0.40  0.03 0.0100
  1.30    3    -165.85      0.25      0.65     -0.40  0.03 0.0100
  1.30    3    -165.84      0.27      0.67     -0.40  0.03 0.0100
  1.30    3    -165.81      0.29      0.69     -0.40  0.03 0.0100
  1.30    3    -165.87      0.26      0.67     -0.40  0.03 0.0100
  1.30    3    -165.82      0.24      0.62     -0.38  0.03 0.0100
  1.30    3    -165.82      0.23      0.61     -0.39  0.03 0.0100
  1.30    4    -165.82      0.25      0.64     -0.39  0.03 0.0100
  1.30    4    -165.82      0.25      0.65     -0.39  0.03 0.0100
  1.30    4    -165.80      0.27      0.66     -0.39  0.03 0.0100
  1.30    4    -165.77      0.28      0.65     -0.37  0.03 0.0100
  1.30    4    -165.80      0.27      0.63     -0.36  0.03 0.0100
  1.30    4    -165.85      0.25      0.61     -0.36  0.03 0.0100
  1.30    4    -165.83      0.26      0.62     -0.37  0.03 0.0100
  1.30    4    -165.85      0.28      0.64     -0.36  0.03 0.0100
  1.30    4    -165.87      0.25      0.61     -0.37  0.03 0.0100
  1.30    4    -165.86      0.23      0.60     -0.37  0.03 0.0100
  1.30    5    -165.89      0.23      0.60     -0.37  0.03 0.0100
  1.30    5    -165.89      0.23      0.60     -0.37  0.03 0.0100
  1.30    5    -165.87      0.24      0.60     -0.36  0.03 0.0100
  1.30    5    -165.86      0.24      0.60     -0.36  0.03 0.0100
  1.30    5    -165.89      0.23      0.59     -0.36  0.03 0.0100
  1.30    5    -165.89      0.22      0.59     -0.37  0.03 0.0100
  1.30    5    -165.89      0.23      0.61     -0.38  0.03 0.0100
  1.30    5    -165.90      0.22      0.59     -0.37  0.03 0.0100
  1.30    5    -165.91      0.22      0.59     -0.37  0.03 0.0100
  1.30    5    -165.91      0.20      0.57     -0.37  0.03 0.0100
  1.30    6    -165.90      0.21      0.58     -0.37  0.03 0.0100
  1.30    6    -165.88      0.22      0.59     -0.38  0.03 0.0100
  1.30    6    -165.91      0.22      0.60     -0.38  0.03 0.0100
  1.30    6    -165.89      0.21      0.59     -0.38  0.03 0.0100
  1.30    6    -165.89      0.22      0.61     -0.38  0.03 0.0100
  1.30    6    -165.89      0.21      0.59     -0.39  0.03 0.0100
  1.30    6    -165.87      0.20      0.58     -0.39  0.03 0.0100
  1.30    6    -165.87      0.18      0.56     -0.39  0.03 0.0100
  1.30    6    -165.87      0.17      0.56     -0.39  0.03 0.0100
  1.30    6    -165.87      0.17      0.56     -0.39  0.03 0.0100
  1.30    7    -165.86      0.16      0.54     -0.39  0.03 0.0100
  1.30    7    -165.87      0.14      0.53     -0.39  0.03 0.0100
  1.30    7    -165.85      0.15      0.54     -0.39  0.03 0.0100
  1.30    7    -165.85      0.14      0.52     -0.39  0.03 0.0100
  1.30    7    -165.86      0.15      0.54     -0.39  0.03 0.0100
  1.30    7    -165.85      0.14      0.53     -0.39  0.03 0.0100
  1.30    7    -165.84      0.13      0.52     -0.39  0.03 0.0100
  1.30    7    -165.83      0.09      0.48     -0.39  0.03 0.0100
  1.30    7    -165.83      0.10      0.49     -0.39  0.03 0.0100
  1.30    7    -165.83      0.10      0.49     -0.39  0.03 0.0100
  1.30    7    -165.82      0.10      0.48     -0.39  0.03 0.0100
  1.30    7    -165.82      0.10      0.49     -0.39  0.03 0.0100
  1.30    7    -165.81      0.10      0.48     -0.38  0.03 0.0100
  1.30    7    -165.81      0.10      0.48     -0.38  0.03 0.0100
  1.30    7    -165.81      0.10      0.48     -0.38  0.03 0.0100
  1.30    7    -165.80      0.09      0.48     -0.39  0.03 0.0100
  1.30    8    -165.81      0.10      0.48     -0.39  0.03 0.0100
  1.30    8    -165.80      0.09      0.47     -0.39  0.03 0.0100
  1.30    8    -165.80      0.06      0.44     -0.38  0.03 0.0100
  1.30    8    -165.78      0.07      0.45     -0.38  0.03 0.0100
  1.30    8    -165.77      0.07      0.45     -0.39  0.03 0.0100
  1.30    8    -165.77      0.04      0.43     -0.38  0.03 0.0100
  1.30    8    -165.79      0.04      0.43     -0.39  0.03 0.0100
  1.30    8    -165.78      0.05      0.44     -0.38  0.03 0.0100
  1.30    8    -165.78      0.06      0.45     -0.38  0.03 0.0100
  1.30    8    -165.77      0.11      0.50     -0.39  0.03 0.0100
  1.30    9    -165.77      0.12      0.50     -0.38  0.03 0.0100
  1.30    9    -165.77      0.13      0.51     -0.38  0.03 0.0100
  1.30    9    -165.77      0.13      0.51     -0.38  0.03 0.0100
  1.30    9    -165.77      0.13      0.51     -0.38  0.03 0.0100
  1.30    9    -165.77      0.15      0.54     -0.38  0.03 0.0100
  1.30    9    -165.76      0.16      0.54     -0.39  0.03 0.0100
  1.30    9    -165.77      0.17      0.56     -0.39  0.03 0.0100
  1.30    9    -165.76      0.17      0.55     -0.39  0.03 0.0100
  1.30    9    -165.76      0.16      0.55     -0.39  0.03 0.0100
  1.30    9    -165.75      0.16      0.55     -0.39  0.03 0.0100
  1.30   10    -165.76      0.18      0.57     -0.39  0.03 0.0100
  1.30   10    -165.76      0.15      0.53     -0.38  0.03 0.0100
  1.30   10    -165.77      0.16      0.55     -0.38  0.03 0.0100
  1.30   10    -165.78      0.15      0.53     -0.38  0.03 0.0100
  1.30   10    -165.78      0.17      0.56     -0.39  0.03 0.0100
  1.30   10    -165.77      0.17      0.56     -0.39  0.03 0.0100
  1.30   10    -165.78      0.17      0.56     -0.38  0.03 0.0100
  1.30   10    -165.78      0.18      0.56     -0.38  0.03 0.0100
  1.30   10    -165.77      0.16      0.54     -0.38  0.03 0.0100
  1.30   10    -165.77      0.18      0.56     -0.38  0.03 0.0100
  1.30   11    -165.77      0.18      0.56     -0.38  0.03 0.0100
  1.30   11    -165.76      0.19      0.57     -0.38  0.03 0.0100
  1.30   11    -165.76      0.17      0.55     -0.38  0.03 0.0100
  1.30   11    -165.76      0.16      0.54     -0.38  0.03 0.0100
  1.30   11    -165.76      0.17      0.55     -0.38  0.03 0.0100
  1.30   11    -165.77      0.18      0.56     -0.38  0.03 0.0100
  1.30   11    -165.77      0.17      0.55     -0.38  0.03 0.0100
  1.30   11    -165.77      0.18      0.56     -0.38  0.03 0.0100
  1.30   11    -165.77      0.17      0.55     -0.38  0.03 0.0100
  1.30   11    -165.77      0.16      0.54     -0.38  0.03 0.0100
  1.30   12    -165.77      0.18      0.56     -0.39  0.03 0.0100
  1.30   12    -165.77      0.20      0.58     -0.39  0.03 0.0100
  1.30   12    -165.76      0.19      0.58     -0.38  0.03 0.0100
  1.30   12    -165.76      0.21      0.59     -0.38  0.03 0.0100
  1.30   12    -165.76      0.20      0.58     -0.38  0.03 0.0100
  1.30   12    -165.76      0.19      0.57     -0.38  0.03 0.0100
  1.30   12    -165.75      0.18      0.57     -0.38  0.03 0.0100
  1.30   12    -165.75      0.18      0.56     -0.38  0.03 0.0100
  1.30   12    -165.76      0.17      0.55     -0.38  0.03 0.0100
  1.30   12    -165.76      0.17      0.55     -0.38  0.03 0.0100
  1.30   13    -165.76      0.15      0.53     -0.38  0.03 0.0100
  1.30   13    -165.76      0.13      0.51     -0.38  0.03 0.0100
  1.30   13    -165.76      0.13      0.51     -0.38  0.03 0.0100
  1.30   13    -165.76      0.14      0.53     -0.38  0.03 0.0100
  1.30   13    -165.76      0.13      0.51     -0.38  0.03 0.0100
  1.30   13    -165.76      0.11      0.49     -0.38  0.03 0.0100
  1.30   13    -165.75      0.11      0.49     -0.38  0.03 0.0100
  1.30   13    -165.75      0.10      0.49     -0.38  0.03 0.0100
  1.30   13    -165.76      0.11      0.50     -0.38  0.03 0.0100
  1.30   13    -165.75      0.10      0.48     -0.38  0.03 0.0100
  1.30   14    -165.75      0.10      0.48     -0.38  0.03 0.0100
  1.30   14    -165.75      0.08      0.46     -0.38  0.03 0.0100
  1.30   14    -165.75      0.08      0.46     -0.38  0.03 0.0100
  1.30   14    -165.75      0.08      0.47     -0.38  0.03 0.0100
  1.30   14    -165.75      0.07      0.45     -0.38  0.03 0.0100
  1.30   14    -165.75      0.06      0.44     -0.38  0.03 0.0100
  1.30   14    -165.75      0.05      0.43     -0.38  0.03 0.0100
  1.30   14    -165.75      0.04      0.42     -0.38  0.03 0.0100
  1.30   14    -165.74      0.02      0.40     -0.38  0.03 0.0100
  1.30   14    -165.74      0.02      0.40     -0.38  0.03 0.0100
  1.30   15    -165.74      0.01      0.39     -0.38  0.03 0.0100
  1.30   15    -165.74      0.00      0.39     -0.38  0.03 0.0100
  1.30   15    -165.75      0.02      0.40     -0.38  0.03 0.0100
  1.30   15    -165.75      0.02      0.40     -0.38  0.03 0.0100
  1.30   15    -165.75      0.01      0.39     -0.38  0.03 0.0100
  1.30   15    -165.75      0.01      0.39     -0.38  0.03 0.0100
  1.30   15    -165.75      0.02      0.40     -0.38  0.03 0.0100
  1.30   15    -165.75      0.01      0.39     -0.38  0.03 0.0100
  1.30   15    -165.75      0.01      0.39     -0.38  0.03 0.0100
  1.30   15    -165.75      0.01      0.40     -0.38  0.03 0.0100
  1.30   16    -165.75      0.01      0.40     -0.38  0.03 0.0100
  1.30   16    -165.75      0.02      0.40     -0.38  0.03 0.0100
  1.30   16    -165.75      0.03      0.41     -0.38  0.03 0.0100
  1.30   16    -165.75      0.03      0.41     -0.38  0.03 0.0100
  1.30   16    -165.74      0.04      0.43     -0.38  0.03 0.0100
  1.30   16    -165.75      0.04      0.42     -0.38  0.03 0.0100
  1.30   16    -165.75      0.04      0.42     -0.38  0.03 0.0100
  1.30   16    -165.75      0.03      0.41     -0.38  0.03 0.0100
  1.30   16    -165.75      0.03      0.41     -0.38  0.03 0.0100
  1.30   16    -165.75      0.05      0.43     -0.38  0.03 0.0100
  1.30   17    -165.74      0.05      0.43     -0.38  0.03 0.0100
  1.30   17    -165.74      0.03      0.41     -0.38  0.03 0.0100
  1.30   17    -165.74      0.04      0.42     -0.38  0.03 0.0100
  1.30   17    -165.74      0.03      0.41     -0.38  0.03 0.0100
  1.30   17    -165.74      0.03      0.41     -0.38  0.03 0.0100
  1.30   17    -165.74      0.05      0.43     -0.38  0.03 0.0100
  1.30   17    -165.74      0.05      0.43     -0.38  0.03 0.0100
  1.30   17    -165.74      0.05      0.43     -0.38  0.03 0.0100
  1.30   17    -165.74      0.05      0.43     -0.38  0.03 0.0100
  1.30   17    -165.73      0.03      0.42     -0.38  0.03 0.0100
  1.30   18    -165.73      0.04      0.42     -0.38  0.03 0.0100
  1.30   18    -165.72      0.05      0.43     -0.38  0.03 0.0100
  1.30   18    -165.72      0.06      0.44     -0.38  0.03 0.0100
  1.30   18    -165.72      0.06      0.44     -0.38  0.03 0.0100
  1.30   18    -165.72      0.05      0.43     -0.38  0.03 0.0100
  1.30   18    -165.72      0.02      0.41     -0.38  0.03 0.0100
  1.30   18    -165.72      0.01      0.40     -0.38  0.03 0.0100
  1.30   18    -165.72      0.03      0.42     -0.38  0.03 0.0100
  1.30   18    -165.72      0.03      0.41     -0.38  0.03 0.0100
  1.30   18    -165.72      0.02      0.40     -0.38  0.03 0.0100
  1.30   19    -165.72      0.02      0.41     -0.38  0.03 0.0100
  1.30   19    -165.72      0.02      0.41     -0.38  0.03 0.0100
  1.30   19    -165.72      0.02      0.41     -0.38  0.03 0.0100
  1.30   19    -165.72      0.03      0.41     -0.38  0.03 0.0100
  1.30   19    -165.72      0.03      0.41     -0.38  0.03 0.0100
  1.30   19    -165.72      0.02      0.41     -0.38  0.03 0.0100
  1.30   19    -165.72      0.02      0.40     -0.38  0.03 0.0100
  1.30   19    -165.72      0.02      0.41     -0.38  0.03 0.0100
  1.30   19    -165.73      0.04      0.42     -0.38  0.03 0.0100
  1.30   19    -165.73      0.04      0.42     -0.38  0.03 0.0100
  1.30   20    -165.72      0.04      0.42     -0.38  0.03 0.0100
  1.30   20    -165.72      0.03      0.42     -0.38  0.03 0.0100
  1.30   20    -165.72      0.05      0.43     -0.39  0.03 0.0100
  1.30   20    -165.72      0.05      0.44     -0.39  0.03 0.0100
  1.30   20    -165.72      0.04      0.42     -0.39  0.03 0.0100
  1.30   20    -165.72      0.04      0.42     -0.39  0.03 0.0100
  1.30   20    -165.72      0.04      0.43     -0.39  0.03 0.0100
  1.30   20    -165.72      0.02      0.41     -0.39  0.03 0.0100
  1.30   20    -165.72      0.01      0.40     -0.39  0.03 0.0100
  1.30   20    -165.72      0.03      0.41     -0.39  0.03 0.0100
  1.30   21    -165.72      0.03      0.42     -0.39  0.03 0.0100
  1.30   21    -165.72      0.02      0.41     -0.39  0.03 0.0100
  1.30   21    -165.72      0.03      0.42     -0.39  0.03 0.0100
  1.30   21    -165.72      0.04      0.43     -0.39  0.03 0.0100
  1.30   21    -165.73      0.06      0.45     -0.39  0.03 0.0100
  1.30   21    -165.73      0.05      0.44     -0.39  0.03 0.0100
  1.30   21    -165.73      0.05      0.45     -0.39  0.03 0.0100
  1.30   21    -165.73      0.05      0.44     -0.39  0.03 0.0100
  1.30   21    -165.72      0.04      0.43     -0.39  0.03 0.0100
  1.30   21    -165.73      0.04      0.43     -0.39  0.03 0.0100
  1.30   22    -165.73      0.03      0.42     -0.39  0.03 0.0100
  1.30   22    -165.73      0.04      0.43     -0.39  0.03 0.0100
  1.30   22    -165.73      0.02      0.42     -0.39  0.03 0.0100
  1.30   22    -165.72      0.03      0.42     -0.39  0.03 0.0100
  1.30   22    -165.73      0.03      0.42     -0.39  0.03 0.0100
  1.30   22    -165.73      0.02      0.41     -0.39  0.03 0.0100
  1.30   22    -165.72      0.02      0.41     -0.39  0.03 0.0100
  1.30   22    -165.72      0.04      0.43     -0.39  0.03 0.0100
  1.30   22    -165.72      0.05      0.44     -0.39  0.03 0.0100
  1.30   22    -165.72      0.05      0.45     -0.39  0.03 0.0100
  1.30   23    -165.72      0.05      0.44     -0.39  0.03 0.0100
  1.30   23    -165.72      0.06      0.46     -0.39  0.03 0.0100
  1.30   23    -165.72      0.06      0.45     -0.39  0.03 0.0100
  1.30   23    -165.72      0.06      0.46     -0.39  0.03 0.0100
  1.30   23    -165.72      0.06      0.46     -0.39  0.03 0.0100
  1.30   23    -165.72      0.07      0.46     -0.39  0.03 0.0100
  1.30   23    -165.72      0.09      0.48     -0.39  0.03 0.0100
  1.30   23    -165.72      0.09      0.48     -0.39  0.03 0.0100
  1.30   23    -165.72      0.09      0.49     -0.39  0.03 0.0100
  1.30   23    -165.72      0.09      0.48     -0.39  0.03 0.0100
  1.30   24    -165.72      0.09      0.48     -0.39  0.03 0.0100
  1.30   24    -165.71      0.10      0.49     -0.39  0.03 0.0100
  1.30   24    -165.71      0.10      0.49     -0.39  0.03 0.0100
  1.30   24    -165.71      0.10      0.49     -0.39  0.03 0.0100
  1.30   24    -165.71      0.10      0.49     -0.39  0.03 0.0100
  1.30   24    -165.71      0.10      0.49     -0.39  0.03 0.0100
  1.30   24    -165.71      0.10      0.49     -0.39  0.03 0.0100
  1.30   24    -165.71      0.09      0.49     -0.39  0.03 0.0100
  1.30   24    -165.71      0.09      0.48     -0.39  0.03 0.0100
  1.30   24    -165.71      0.08      0.48     -0.39  0.03 0.0100
  1.30   25    -165.71      0.08      0.47     -0.39  0.03 0.0100
  1.30   25    -165.71      0.08      0.47     -0.39  0.03 0.0100
  1.30   25    -165.71      0.08      0.47     -0.39  0.03 0.0100
  1.30   25    -165.71      0.08      0.47     -0.39  0.03 0.0100
  1.30   25    -165.71      0.07      0.46     -0.39  0.03 0.0100
  1.30   25    -165.71      0.08      0.47     -0.39  0.03 0.0100
  1.30   25    -165.71      0.08      0.48     -0.39  0.03 0.0100
  1.30   25    -165.71      0.09      0.48     -0.39  0.03 0.0100
  1.30   25    -165.72      0.09      0.48     -0.39  0.03 0.0100
  1.30   25    -165.72      0.09      0.48     -0.39  0.03 0.0100
  1.30   26    -165.71      0.10      0.50     -0.39  0.03 0.0100
  1.30   26    -165.71      0.09      0.49     -0.39  0.03 0.0100
  1.30   26    -165.71      0.10      0.49     -0.39  0.03 0.0100
  1.30   26    -165.71      0.10      0.49     -0.39  0.03 0.0100
  1.30   26    -165.71      0.10      0.49     -0.39  0.03 0.0100
  1.30   26    -165.71      0.11      0.50     -0.39  0.03 0.0100
  1.30   26    -165.72      0.11      0.50     -0.39  0.03 0.0100
  1.30   26    -165.72      0.11      0.51     -0.39  0.03 0.0100
  1.30   26    -165.71      0.11      0.50     -0.39  0.03 0.0100
  1.30   26    -165.71      0.11      0.50     -0.39  0.03 0.0100
  1.30   27    -165.71      0.11      0.50     -0.39  0.03 0.0100
  1.30   27    -165.72      0.11      0.50     -0.39  0.03 0.0100
  1.30   27    -165.72      0.11      0.50     -0.39  0.03 0.0100
  1.30   27    -165.72      0.11      0.51     -0.39  0.03 0.0100
  1.30   27    -165.72      0.10      0.49     -0.39  0.03 0.0100
  1.30   27    -165.72      0.10      0.49     -0.39  0.03 0.0100
  1.30   27    -165.72      0.10      0.49     -0.39  0.03 0.0100
  1.30   27    -165.72      0.10      0.50     -0.39  0.03 0.0100
  1.30   27    -165.71      0.10      0.49     -0.39  0.03 0.0100
  1.30   27    -165.71      0.11      0.50     -0.39  0.03 0.0100
  1.30   28    -165.71      0.11      0.50     -0.39  0.03 0.0100
  1.30   28    -165.71      0.11      0.50     -0.39  0.03 0.0100
  1.30   28    -165.71      0.11      0.50     -0.39  0.03 0.0100
  1.30   28    -165.71      0.11      0.50     -0.39  0.03 0.0100
  1.30   28    -165.71      0.10      0.49     -0.39  0.03 0.0100
  1.30   28    -165.71      0.10      0.49     -0.39  0.03 0.0100
  1.30   28    -165.71      0.09      0.48     -0.39  0.03 0.0100
  1.30   28    -165.71      0.09      0.49     -0.39  0.03 0.0100
  1.30   28    -165.71      0.09      0.49     -0.39  0.03 0.0100
  1.30   28    -165.71      0.08      0.48     -0.39  0.03 0.0100
  1.30   29    -165.71      0.08      0.48     -0.39  0.03 0.0100
  1.30   29    -165.70      0.09      0.48     -0.39  0.03 0.0100
  1.30   29    -165.70      0.10      0.49     -0.39  0.03 0.0100
  1.30   29    -165.70      0.09      0.49     -0.39  0.03 0.0100
  1.30   29    -165.71      0.09      0.49     -0.39  0.03 0.0100
  1.30   29    -165.71      0.09      0.48     -0.39  0.03 0.0100
  1.30   29    -165.70      0.09      0.48     -0.39  0.03 0.0100
  1.30   29    -165.71      0.10      0.49     -0.39  0.03 0.0100
  1.30   29    -165.71      0.10      0.49     -0.39  0.03 0.0100
  1.30   29    -165.71      0.10      0.49     -0.39  0.03 0.0100
  1.30   30    -165.71      0.11      0.50     -0.39  0.03 0.0100
  1.30   30    -165.70      0.11      0.50     -0.39  0.03 0.0100
  1.30   30    -165.71      0.11      0.50     -0.39  0.03 0.0100
  1.30   30    -165.70      0.11      0.50     -0.39  0.03 0.0100
  1.30   30    -165.70      0.10      0.50     -0.39  0.03 0.0100
  1.30   30    -165.70      0.10      0.49     -0.39  0.03 0.0100
  1.30   30    -165.70      0.09      0.48     -0.39  0.03 0.0100
  1.30   30    -165.70      0.08      0.47     -0.39  0.03 0.0100
  1.30   30    -165.70      0.09      0.48     -0.39  0.03 0.0100
  1.30   30    -165.70      0.09      0.48     -0.39  0.03 0.0100
  1.30   31    -165.70      0.09      0.48     -0.39  0.03 0.0100
  1.30   31    -165.70      0.09      0.48     -0.39  0.03 0.0100
  1.30   31    -165.70      0.09      0.48     -0.39  0.03 0.0100
  1.30   31    -165.70      0.08      0.47     -0.39  0.03 0.0100
  1.30   31    -165.70      0.09      0.48     -0.39  0.03 0.0100
  1.30   31    -165.70      0.09      0.48     -0.39  0.03 0.0100
  1.30   31    -165.70      0.09      0.48     -0.39  0.03 0.0100
  1.30   31    -165.70      0.09      0.48     -0.39  0.03 0.0100
  1.30   31    -165.70      0.09      0.48     -0.39  0.03 0.0100
  1.30   31    -165.70      0.09      0.48     -0.39  0.03 0.0100
  1.30   32    -165.70      0.09      0.48     -0.39  0.03 0.0100
  1.30   32    -165.70      0.08      0.48     -0.39  0.03 0.0100
  1.30   32    -165.70      0.09      0.48     -0.39  0.03 0.0100
  1.30   32    -165.70      0.08      0.48     -0.39  0.03 0.0100
  1.30   32    -165.70      0.08      0.47     -0.39  0.03 0.0100
  1.30   32    -165.70      0.07      0.46     -0.39  0.03 0.0100
  1.30   32    -165.70      0.06      0.45     -0.39  0.03 0.0100
  1.30   32    -165.70      0.05      0.44     -0.39  0.03 0.0100
  1.30   32    -165.70      0.04      0.44     -0.39  0.03 0.0100
  1.30   32    -165.70      0.05      0.44     -0.39  0.03 0.0100
  1.30   33    -165.70      0.04      0.43     -0.39  0.03 0.0100
  1.30   33    -165.70      0.04      0.44     -0.39  0.03 0.0100
  1.30   33    -165.70      0.05      0.44     -0.39  0.03 0.0100
  1.30   33    -165.70      0.05      0.44     -0.39  0.03 0.0100
  1.30   33    -165.70      0.04      0.44     -0.39  0.03 0.0100
  1.30   33    -165.70      0.04      0.44     -0.39  0.03 0.0100
  1.30   33    -165.70      0.04      0.44     -0.39  0.03 0.0100
  1.30   33    -165.70      0.03      0.43     -0.39  0.03 0.0100
  1.30   33    -165.70      0.03      0.42     -0.39  0.03 0.0100
  1.30   33    -165.70      0.02      0.41     -0.39  0.03 0.0100
  1.30   34    -165.70      0.02      0.41     -0.39  0.03 0.0100
  1.30   34    -165.70      0.01      0.41     -0.39  0.03 0.0100
  1.30   34    -165.70      0.01      0.40     -0.39  0.03 0.0100
  1.30   34    -165.70      0.01      0.41     -0.39  0.03 0.0100
  1.30   34    -165.70      0.02      0.41     -0.39  0.03 0.0100
  1.30   34    -165.70      0.01      0.40     -0.39  0.03 0.0100
  1.30   34    -165.70      0.01      0.40     -0.39  0.03 0.0100
  1.30   34    -165.70      0.01      0.40     -0.39  0.03 0.0100
  1.30   34    -165.70      0.00      0.40     -0.39  0.03 0.0100
  1.30   34    -165.70      0.01      0.40     -0.39  0.03 0.0100
  1.30   35    -165.70      0.00      0.39     -0.39  0.03 0.0100
  1.30   35    -165.70      0.00      0.39     -0.39  0.03 0.0100
  1.30   35    -165.70      0.00      0.39     -0.39  0.03 0.0100
  1.30   35    -165.70     -0.00      0.39     -0.39  0.03 0.0100
  1.30   35    -165.70      0.00      0.39     -0.39  0.03 0.0100
  1.30   35    -165.70      0.00      0.39     -0.39  0.03 0.0100
  1.30   35    -165.70     -0.00      0.39     -0.39  0.03 0.0100
  1.30   35    -165.70     -0.00      0.39     -0.39  0.03 0.0100
  1.30   35    -165.70     -0.00      0.39     -0.39  0.03 0.0100
  1.30   35    -165.70     -0.00      0.39     -0.39  0.03 0.0100
  1.30   36    -165.70     -0.00      0.39     -0.39  0.03 0.0100
  1.30   36    -165.70      0.00      0.39     -0.39  0.03 0.0100
  1.30   36    -165.70     -0.00      0.39     -0.39  0.03 0.0100
  1.30   36    -165.70     -0.00      0.39     -0.39  0.03 0.0100
  1.30   36    -165.70      0.00      0.39     -0.39  0.03 0.0100
  1.30   36    -165.70      0.00      0.39     -0.39  0.03 0.0100
  1.30   36    -165.70     -0.00      0.39     -0.39  0.03 0.0100
  1.30   36    -165.70     -0.00      0.39     -0.39  0.03 0.0100
  1.30   36    -165.70      0.00      0.39     -0.39  0.03 0.0100
  1.30   36    -165.70     -0.00      0.39     -0.39  0.03 0.0100
  1.30   37    -165.70     -0.00      0.39     -0.39  0.03 0.0100
  1.30   37    -165.70      0.00      0.39     -0.39  0.03 0.0100
  1.30   37    -165.70     -0.00      0.39     -0.39  0.03 0.0100
  1.30   37    -165.70     -0.00      0.39     -0.39  0.03 0.0100
  1.30   37    -165.70     -0.00      0.39     -0.39  0.03 0.0100
  1.30   37    -165.70     -0.00      0.39     -0.39  0.03 0.0100
  1.30   37    -165.70      0.01      0.41     -0.39  0.03 0.0100
  1.30   37    -165.70      0.00      0.40     -0.39  0.03 0.0100
  1.30   37    -165.70      0.00      0.39     -0.39  0.03 0.0100
  1.30   37    -165.70     -0.00      0.39     -0.39  0.03 0.0100
  1.30   38    -165.70     -0.00      0.39     -0.39  0.03 0.0100
  1.30   38    -165.70     -0.00      0.39     -0.39  0.03 0.0100
  1.30   38    -165.70     -0.00      0.39     -0.39  0.03 0.0100
  1.30   38    -165.70     -0.01      0.38     -0.39  0.03 0.0100
  1.30   38    -165.70     -0.02      0.38     -0.39  0.03 0.0100
  1.30   38    -165.70     -0.02      0.38     -0.39  0.03 0.0100
  1.30   38    -165.70     -0.01      0.38     -0.39  0.03 0.0100
  1.30   38    -165.70     -0.02      0.38     -0.39  0.03 0.0100
  1.30   38    -165.70     -0.02      0.38     -0.39  0.03 0.0100
  1.30   38    -165.70     -0.02      0.38     -0.39  0.03 0.0100
  1.30   39    -165.70     -0.02      0.37     -0.39  0.03 0.0100
  1.30   39    -165.70     -0.02      0.37     -0.39  0.03 0.0100
  1.30   39    -165.70     -0.01      0.38     -0.39  0.03 0.0100
  1.30   39    -165.70     -0.01      0.38     -0.40  0.03 0.0100
  1.30   39    -165.70     -0.01      0.39     -0.40  0.03 0.0100
  1.30   39    -165.70     -0.01      0.38     -0.40  0.03 0.0100
  1.30   39    -165.70     -0.01      0.38     -0.40  0.03 0.0100
  1.30   39    -165.70     -0.01      0.38     -0.40  0.03 0.0100
  1.30   39    -165.70     -0.02      0.38     -0.40  0.03 0.0100
  1.30   39    -165.70     -0.02      0.38     -0.39  0.03 0.0100
  1.30   40    -165.70     -0.02      0.38     -0.40  0.03 0.0100
  1.30   40    -165.70     -0.02      0.38     -0.39  0.03 0.0100
  1.30   40    -165.70     -0.00      0.39     -0.39  0.03 0.0100
  1.30   40    -165.70     -0.01      0.39     -0.39  0.03 0.0100
  1.30   40    -165.70     -0.01      0.39     -0.39  0.03 0.0100
  1.30   40    -165.70     -0.01      0.38     -0.39  0.03 0.0100
  1.30   40    -165.70     -0.01      0.39     -0.39  0.03 0.0100
  1.30   40    -165.70     -0.01      0.39     -0.39  0.03 0.0100
  1.30   40    -165.70     -0.00      0.39     -0.39  0.03 0.0100
  1.30   40    -165.70     -0.00      0.39     -0.39  0.03 0.0100
  1.30   41    -165.70      0.00      0.40     -0.39  0.03 0.0100
  1.30   41    -165.70      0.00      0.40     -0.39  0.03 0.0100
  1.30   41    -165.70      0.00      0.40     -0.39  0.03 0.0100
  1.30   41    -165.69      0.00      0.40     -0.39  0.03 0.0100
  1.30   41    -165.69      0.00      0.39     -0.39  0.03 0.0100
  1.30   41    -165.69      0.00      0.40     -0.39  0.03 0.0100
  1.30   41    -165.69     -0.00      0.39     -0.39  0.03 0.0100
  1.30   41    -165.70     -0.00      0.39     -0.39  0.03 0.0100
  1.30   41    -165.70      0.00      0.40     -0.39  0.03 0.0100
  1.30   41    -165.69     -0.00      0.39     -0.39  0.03 0.0100
  1.30   42    -165.69     -0.00      0.39     -0.39  0.03 0.0100
  1.30   42    -165.69     -0.01      0.39     -0.39  0.03 0.0100
  1.30   42    -165.69     -0.01      0.39     -0.39  0.03 0.0100
  1.30   42    -165.70     -0.02      0.37     -0.39  0.03 0.0100
  1.30   42    -165.69     -0.02      0.37     -0.39  0.03 0.0100
  1.30   42    -165.69     -0.02      0.37     -0.39  0.03 0.0100
  1.30   42    -165.70     -0.03      0.36     -0.39  0.03 0.0100
  1.30   42    -165.69     -0.04      0.36     -0.39  0.03 0.0100
  1.30   42    -165.69     -0.04      0.35     -0.39  0.03 0.0100
  1.30   42    -165.69     -0.04      0.35     -0.39  0.03 0.0100
  1.30   43    -165.69     -0.04      0.36     -0.39  0.03 0.0100
  1.30   43    -165.70     -0.04      0.35     -0.39  0.03 0.0100
  1.30   43    -165.70     -0.04      0.36     -0.39  0.03 0.0100
  1.30   43    -165.69     -0.03      0.36     -0.39  0.03 0.0100
  1.30   43    -165.70     -0.04      0.35     -0.39  0.03 0.0100
  1.30   43    -165.70     -0.04      0.35     -0.39  0.03 0.0100
  1.30   43    -165.70     -0.05      0.35     -0.39  0.03 0.0100
  1.30   43    -165.69     -0.04      0.35     -0.39  0.03 0.0100
  1.30   43    -165.69     -0.05      0.34     -0.39  0.03 0.0100
  1.30   43    -165.69     -0.05      0.35     -0.39  0.03 0.0100
  1.30   44    -165.69     -0.04      0.35     -0.39  0.03 0.0100
  1.30   44    -165.69     -0.04      0.35     -0.39  0.03 0.0100
  1.30   44    -165.69     -0.04      0.35     -0.39  0.03 0.0100
  1.30   44    -165.69     -0.05      0.34     -0.39  0.03 0.0100
  1.30   44    -165.69     -0.05      0.35     -0.39  0.03 0.0100
  1.30   44    -165.69     -0.05      0.34     -0.39  0.03 0.0100
  1.30   44    -165.69     -0.05      0.34     -0.39  0.03 0.0100
  1.30   44    -165.69     -0.05      0.34     -0.39  0.03 0.0100
  1.30   44    -165.69     -0.05      0.34     -0.39  0.03 0.0100
  1.30   44    -165.69     -0.05      0.34     -0.39  0.03 0.0100
  1.30   45    -165.69     -0.05      0.34     -0.39  0.03 0.0100
  1.30   45    -165.69     -0.05      0.34     -0.39  0.03 0.0100
  1.30   45    -165.69     -0.06      0.34     -0.39  0.03 0.0100
  1.30   45    -165.69     -0.06      0.33     -0.39  0.03 0.0100
  1.30   45    -165.69     -0.05      0.34     -0.39  0.03 0.0100
  1.30   45    -165.69     -0.05      0.34     -0.39  0.03 0.0100
  1.30   45    -165.69     -0.04      0.35     -0.39  0.03 0.0100
  1.30   45    -165.69     -0.05      0.34     -0.39  0.03 0.0100
  1.30   45    -165.69     -0.05      0.34     -0.39  0.03 0.0100
  1.30   45    -165.69     -0.04      0.35     -0.39  0.03 0.0100
  1.30   46    -165.69     -0.05      0.34     -0.39  0.03 0.0100
  1.30   46    -165.69     -0.06      0.33     -0.39  0.03 0.0100
  1.30   46    -165.69     -0.06      0.33     -0.39  0.03 0.0100
  1.30   46    -165.69     -0.06      0.33     -0.39  0.03 0.0100
  1.30   46    -165.69     -0.06      0.34     -0.39  0.03 0.0100
  1.30   46    -165.69     -0.05      0.34     -0.39  0.03 0.0100
  1.30   46    -165.69     -0.06      0.34     -0.39  0.03 0.0100
  1.30   46    -165.69     -0.05      0.34     -0.39  0.03 0.0100
  1.30   46    -165.69     -0.06      0.34     -0.39  0.03 0.0100
  1.30   46    -165.69     -0.05      0.34     -0.39  0.03 0.0100
  1.30   47    -165.69     -0.05      0.34     -0.39  0.03 0.0100
