  1.30    0    -316.69     -2.00     -1.27     -0.73  0.08 0.0100
  1.30    0    -317.11     -1.98     -1.22     -0.75  0.08 0.0100
  1.30    0    -317.92     -1.86     -1.31     -0.54  0.08 0.0100
  1.30    0    -317.64     -1.89     -1.05     -0.84  0.08 0.0100
  1.30    0    -318.18     -1.68     -0.86     -0.82  0.08 0.0100
  1.30    0    -317.75     -1.52     -0.74     -0.78  0.08 0.0100
  1.30    0    -317.52     -1.49     -0.62     -0.86  0.08 0.0100
  1.30    0    -317.85     -1.46     -0.66     -0.80  0.09 0.0100
  1.30    0    -318.22     -1.77     -0.87     -0.90  0.09 0.0100
  1.30    1    -318.27     -1.73     -0.86     -0.87  0.09 0.0100
  1.30    1    -317.97     -1.39     -0.60     -0.79  0.09 0.0100
  1.30    1    -318.08     -1.37     -0.63     -0.74  0.09 0.0100
  1.30    1    -318.06     -1.29     -0.58     -0.71  0.09 0.0100
  1.30    1    -317.92     -1.26     -0.54     -0.71  0.09 0.0100
  1.30    1    -317.87     -1.24     -0.62     -0.62  0.09 0.0100
  1.30    1    -317.88     -1.25     -0.65     -0.60  0.09 0.0100
  1.30    1    -317.95     -1.29     -0.70     -0.59  0.09 0.0100
  1.30    1    -317.97     -1.26     -0.65     -0.61  0.09 0.0100
  1.30    1    -317.90     -1.39     -0.72     -0.67  0.09 0.0100
  1.30    2    -317.86     -1.36     -0.70     -0.66  0.09 0.0100
  1.30    2    -317.75     -1.30     -0.63     -0.67  0.09 0.0100
  1.30    2    -317.73     -1.24     -0.57     -0.67  0.09 0.0100
  1.30    2    -317.81     -1.26     -0.58     -0.67  0.09 0.0100
  1.30    2    -317.74     -1.34     -0.58     -0.76  0.09 0.0100
  1.30    2    -317.68     -1.39     -0.62     -0.77  0.09 0.0100
  1.30    2    -317.65     -1.25     -0.52     -0.73  0.09 0.0100
  1.30    2    -317.71     -1.24     -0.51     -0.73  0.09 0.0100
  1.30    2    -317.56     -1.31     -0.57     -0.74  0.09 0.0100
  1.30    2    -317.54     -1.32     -0.54     -0.78  0.09 0.0100
  1.30    3    -317.63     -1.33     -0.56     -0.77  0.09 0.0100
  1.30    3    -317.66     -1.35     -0.59     -0.76  0.09 0.0100
  1.30    3    -317.60     -1.34     -0.57     -0.77  0.09 0.0100
  1.30    3    -317.55     -1.34     -0.57     -0.77  0.09 0.0100
  1.30    3    -317.56     -1.30     -0.54     -0.76  0.09 0.0100
  1.30    3    -317.55     -1.27     -0.53     -0.74  0.09 0.0100
  1.30    3    -317.57     -1.40     -0.65     -0.75  0.09 0.0100
  1.30    3    -317.51     -1.47     -0.70     -0.76  0.09 0.0100
  1.30    3    -317.51     -1.44     -0.66     -0.78  0.09 0.0100
  1.30    3    -317.48     -1.52     -0.74     -0.78  0.09 0.0100
  1.30    4    -317.48     -1.50     -0.73     -0.77  0.09 0.0100
  1.30    4    -317.48     -1.51     -0.73     -0.79  0.09 0.0100
  1.30    4    -317.48     -1.38     -0.60     -0.78  0.09 0.0100
  1.30    4    -317.44     -1.34     -0.56     -0.78  0.09 0.0100
  1.30    4    -317.42     -1.34     -0.56     -0.77  0.09 0.0100
  1.30    4    -317.40     -1.36     -0.58     -0.79  0.09 0.0100
  1.30    4    -317.38     -1.37     -0.59     -0.78  0.09 0.0100
  1.30    4    -317.38     -1.44     -0.66     -0.79  0.09 0.0100
  1.30    4    -317.37     -1.50     -0.71     -0.79  0.09 0.0100
  1.30    4    -317.37     -1.51     -0.73     -0.78  0.09 0.0100
  1.30    5    -317.37     -1.42     -0.66     -0.77  0.09 0.0100
  1.30    5    -317.36     -1.46     -0.69     -0.77  0.09 0.0100
  1.30    5    -317.35     -1.51     -0.73     -0.77  0.09 0.0100
  1.30    5    -317.34     -1.65     -0.87     -0.78  0.09 0.0100
  1.30    5    -317.35     -1.58     -0.81     -0.77  0.09 0.0100
  1.30    5    -317.35     -1.55     -0.79     -0.76  0.09 0.0100
  1.30    5    -317.35     -1.52     -0.76     -0.76  0.09 0.0100
  1.30    5    -317.35     -1.50     -0.75     -0.75  0.09 0.0100
  1.30    5    -317.33     -1.46     -0.70     -0.76  0.09 0.0100
  1.30    5    -317.32     -1.39     -0.62     -0.77  0.09 0.0100
  1.30    6    -317.33     -1.33     -0.55     -0.77  0.09 0.0100
  1.30    6    -317.36     -1.33     -0.56     -0.77  0.09 0.0100
  1.30    6    -317.36     -1.34     -0.58     -0.77  0.09 0.0100
  1.30    6    -317.36     -1.38     -0.62     -0.76  0.09 0.0100
  1.30    6    -317.35     -1.37     -0.62     -0.76  0.09 0.0100
  1.30    6    -317.35     -1.37     -0.62     -0.75  0.09 0.0100
  1.30    6    -317.37     -1.36     -0.61     -0.75  0.09 0.0100
  1.30    6    -317.38     -1.29     -0.55     -0.75  0.09 0.0100
  1.30    6    -317.38     -1.27     -0.53     -0.75  0.09 0.0100
  1.30    6    -317.37     -1.23     -0.48     -0.75  0.09 0.0100
  1.30    7    -317.38     -1.24     -0.49     -0.75  0.09 0.0100
  1.30    7    -317.39     -1.24     -0.49     -0.75  0.09 0.0100
  1.30    7    -317.39     -1.33     -0.58     -0.76  0.09 0.0100
  1.30    7    -317.39     -1.33     -0.57     -0.76  0.09 0.0100
  1.30    7    -317.38     -1.30     -0.54     -0.77  0.09 0.0100
  1.30    7    -317.37     -1.22     -0.45     -0.77  0.09 0.0100
  1.30    7    -317.38     -1.22     -0.45     -0.78  0.09 0.0100
  1.30    7    -317.38     -1.21     -0.44     -0.77  0.09 0.0100
  1.30    7    -317.39     -1.29     -0.51     -0.77  0.09 0.0100
  1.30    7    -317.38     -1.29     -0.51     -0.78  0.09 0.0100
  1.30    7    -317.39     -1.33     -0.55     -0.78  0.09 0.0100
  1.30    7    -317.37     -1.29     -0.50     -0.79  0.09 0.0100
  1.30    7    -317.36     -1.35     -0.56     -0.79  0.09 0.0100
  1.30    7    -317.36     -1.41     -0.61     -0.80  0.09 0.0100
  1.30    7    -317.37     -1.51     -0.71     -0.80  0.09 0.0100
  1.30    7    -317.37     -1.49     -0.69     -0.79  0.09 0.0100
  1.30    7    -317.36     -1.50     -0.69     -0.80  0.09 0.0100
  1.30    8    -317.36     -1.51     -0.71     -0.80  0.09 0.0100
  1.30    8    -317.37     -1.48     -0.68     -0.81  0.09 0.0100
  1.30    8    -317.38     -1.50     -0.70     -0.80  0.09 0.0100
  1.30    8    -317.38     -1.57     -0.76     -0.81  0.09 0.0100
  1.30    8    -317.38     -1.62     -0.82     -0.81  0.09 0.0100
  1.30    8    -317.38     -1.64     -0.83     -0.81  0.09 0.0100
  1.30    8    -317.39     -1.61     -0.80     -0.81  0.09 0.0100
  1.30    8    -317.37     -1.64     -0.83     -0.81  0.09 0.0100
  1.30    8    -317.39     -1.65     -0.85     -0.81  0.09 0.0100
  1.30    8    -317.36     -1.70     -0.90     -0.80  0.09 0.0100
  1.30    9    -317.36     -1.65     -0.85     -0.80  0.09 0.0100
  1.30    9    -317.34     -1.63     -0.84     -0.80  0.09 0.0100
  1.30    9    -317.34     -1.67     -0.87     -0.80  0.09 0.0100
  1.30    9    -317.35     -1.76     -0.96     -0.80  0.09 0.0100
  1.30    9    -317.36     -1.82     -1.01     -0.82  0.09 0.0100
  1.30    9    -317.35     -1.80     -0.98     -0.82  0.09 0.0100
  1.30    9    -317.35     -1.75     -0.94     -0.82  0.09 0.0100
  1.30    9    -317.35     -1.79     -0.97     -0.81  0.09 0.0100
  1.30    9    -317.34     -1.71     -0.89     -0.82  0.09 0.0100
  1.30    9    -317.33     -1.63     -0.81     -0.82  0.09 0.0100
  1.30   10    -317.34     -1.59     -0.76     -0.82  0.09 0.0100
  1.30   10    -317.34     -1.53     -0.70     -0.82  0.09 0.0100
  1.30   10    -317.34     -1.47     -0.64     -0.82  0.09 0.0100
  1.30   10    -317.34     -1.54     -0.71     -0.83  0.08 0.0100
  1.30   10    -317.34     -1.52     -0.70     -0.83  0.09 0.0100
  1.30   10    -317.34     -1.52     -0.70     -0.82  0.08 0.0100
  1.30   10    -317.36     -1.42     -0.60     -0.83  0.09 0.0100
  1.30   10    -317.36     -1.37     -0.54     -0.83  0.09 0.0100
  1.30   10    -317.35     -1.46     -0.64     -0.82  0.09 0.0100
  1.30   10    -317.34     -1.42     -0.60     -0.83  0.09 0.0100
  1.30   11    -317.33     -1.48     -0.65     -0.83  0.09 0.0100
  1.30   11    -317.34     -1.41     -0.59     -0.83  0.09 0.0100
  1.30   11    -317.35     -1.46     -0.63     -0.83  0.09 0.0100
  1.30   11    -317.34     -1.48     -0.65     -0.83  0.09 0.0100
  1.30   11    -317.36     -1.50     -0.67     -0.83  0.09 0.0100
  1.30   11    -317.35     -1.54     -0.71     -0.83  0.09 0.0100
  1.30   11    -317.35     -1.61     -0.78     -0.83  0.09 0.0100
  1.30   11    -317.35     -1.63     -0.81     -0.83  0.09 0.0100
  1.30   11    -317.34     -1.67     -0.83     -0.83  0.09 0.0100
  1.30   11    -317.34     -1.68     -0.85     -0.83  0.09 0.0100
  1.30   12    -317.33     -1.67     -0.84     -0.83  0.09 0.0100
  1.30   12    -317.32     -1.73     -0.91     -0.83  0.09 0.0100
  1.30   12    -317.32     -1.65     -0.82     -0.83  0.09 0.0100
  1.30   12    -317.33     -1.69     -0.86     -0.82  0.09 0.0100
  1.30   12    -317.32     -1.70     -0.87     -0.82  0.09 0.0100
  1.30   12    -317.32     -1.74     -0.92     -0.82  0.09 0.0100
  1.30   12    -317.32     -1.71     -0.89     -0.82  0.09 0.0100
  1.30   12    -317.31     -1.71     -0.88     -0.82  0.09 0.0100
  1.30   12    -317.31     -1.67     -0.84     -0.83  0.09 0.0100
  1.30   12    -317.30     -1.67     -0.85     -0.82  0.09 0.0100
  1.30   13    -317.31     -1.68     -0.86     -0.82  0.09 0.0100
  1.30   13    -317.31     -1.67     -0.84     -0.83  0.09 0.0100
  1.30   13    -317.31     -1.67     -0.84     -0.83  0.09 0.0100
  1.30   13    -317.31     -1.62     -0.79     -0.83  0.09 0.0100
  1.30   13    -317.31     -1.65     -0.82     -0.83  0.09 0.0100
  1.30   13    -317.31     -1.60     -0.77     -0.83  0.09 0.0100
  1.30   13    -317.31     -1.55     -0.72     -0.83  0.09 0.0100
  1.30   13    -317.31     -1.52     -0.68     -0.83  0.09 0.0100
  1.30   13    -317.31     -1.48     -0.65     -0.83  0.09 0.0100
  1.30   13    -317.31     -1.55     -0.71     -0.83  0.09 0.0100
  1.30   14    -317.32     -1.58     -0.74     -0.84  0.09 0.0100
  1.30   14    -317.32     -1.58     -0.74     -0.84  0.09 0.0100
  1.30   14    -317.32     -1.62     -0.78     -0.84  0.09 0.0100
  1.30   14    -317.33     -1.60     -0.76     -0.84  0.09 0.0100
  1.30   14    -317.33     -1.60     -0.76     -0.84  0.09 0.0100
  1.30   14    -317.33     -1.67     -0.83     -0.84  0.09 0.0100
  1.30   14    -317.34     -1.64     -0.81     -0.83  0.09 0.0100
  1.30   14    -317.33     -1.63     -0.79     -0.83  0.09 0.0100
  1.30   14    -317.33     -1.60     -0.76     -0.83  0.09 0.0100
  1.30   14    -317.32     -1.61     -0.77     -0.83  0.09 0.0100
  1.30   15    -317.33     -1.60     -0.76     -0.84  0.09 0.0100
  1.30   15    -317.33     -1.58     -0.75     -0.83  0.09 0.0100
  1.30   15    -317.33     -1.65     -0.82     -0.83  0.09 0.0100
  1.30   15    -317.33     -1.66     -0.83     -0.83  0.09 0.0100
  1.30   15    -317.32     -1.68     -0.85     -0.83  0.09 0.0100
  1.30   15    -317.30     -1.64     -0.81     -0.83  0.09 0.0100
  1.30   15    -317.30     -1.69     -0.86     -0.83  0.09 0.0100
  1.30   15    -317.30     -1.65     -0.83     -0.82  0.09 0.0100
  1.30   15    -317.29     -1.59     -0.77     -0.82  0.09 0.0100
  1.30   15    -317.29     -1.57     -0.75     -0.82  0.09 0.0100
  1.30   16    -317.30     -1.57     -0.74     -0.83  0.09 0.0100
  1.30   16    -317.29     -1.56     -0.73     -0.83  0.09 0.0100
  1.30   16    -317.29     -1.58     -0.75     -0.83  0.09 0.0100
  1.30   16    -317.29     -1.59     -0.76     -0.83  0.09 0.0100
  1.30   16    -317.29     -1.56     -0.73     -0.83  0.09 0.0100
  1.30   16    -317.28     -1.56     -0.72     -0.84  0.09 0.0100
  1.30   16    -317.28     -1.60     -0.77     -0.84  0.09 0.0100
  1.30   16    -317.28     -1.57     -0.73     -0.84  0.09 0.0100
  1.30   16    -317.28     -1.57     -0.73     -0.84  0.09 0.0100
  1.30   16    -317.28     -1.57     -0.73     -0.84  0.09 0.0100
  1.30   17    -317.28     -1.57     -0.72     -0.84  0.09 0.0100
  1.30   17    -317.28     -1.55     -0.71     -0.84  0.09 0.0100
  1.30   17    -317.27     -1.55     -0.71     -0.85  0.09 0.0100
  1.30   17    -317.27     -1.55     -0.71     -0.85  0.09 0.0100
  1.30   17    -317.28     -1.53     -0.69     -0.84  0.09 0.0100
  1.30   17    -317.27     -1.53     -0.69     -0.84  0.09 0.0100
  1.30   17    -317.27     -1.49     -0.65     -0.84  0.09 0.0100
  1.30   17    -317.28     -1.44     -0.60     -0.84  0.09 0.0100
  1.30   17    -317.28     -1.46     -0.61     -0.84  0.09 0.0100
  1.30   17    -317.28     -1.48     -0.63     -0.84  0.09 0.0100
  1.30   18    -317.28     -1.48     -0.64     -0.85  0.09 0.0100
  1.30   18    -317.27     -1.48     -0.63     -0.85  0.09 0.0100
  1.30   18    -317.28     -1.45     -0.60     -0.85  0.09 0.0100
  1.30   18    -317.28     -1.47     -0.62     -0.85  0.09 0.0100
  1.30   18    -317.28     -1.45     -0.59     -0.85  0.09 0.0100
  1.30   18    -317.28     -1.46     -0.61     -0.85  0.09 0.0100
  1.30   18    -317.29     -1.41     -0.56     -0.86  0.09 0.0100
  1.30   18    -317.28     -1.41     -0.56     -0.86  0.09 0.0100
  1.30   18    -317.28     -1.45     -0.59     -0.86  0.09 0.0100
  1.30   18    -317.28     -1.43     -0.57     -0.86  0.09 0.0100
  1.30   19    -317.28     -1.49     -0.63     -0.86  0.09 0.0100
  1.30   19    -317.29     -1.48     -0.61     -0.87  0.09 0.0100
  1.30   19    -317.29     -1.47     -0.60     -0.87  0.09 0.0100
  1.30   19    -317.29     -1.50     -0.63     -0.86  0.09 0.0100
  1.30   19    -317.29     -1.50     -0.63     -0.87  0.09 0.0100
  1.30   19    -317.29     -1.45     -0.58     -0.87  0.09 0.0100
  1.30   19    -317.30     -1.47     -0.60     -0.87  0.09 0.0100
  1.30   19    -317.29     -1.45     -0.58     -0.87  0.09 0.0100
  1.30   19    -317.29     -1.45     -0.58     -0.87  0.09 0.0100
  1.30   19    -317.29     -1.49     -0.63     -0.87  0.09 0.0100
  1.30   20    -317.29     -1.51     -0.64     -0.87  0.09 0.0100
  1.30   20    -317.28     -1.47     -0.60     -0.86  0.09 0.0100
  1.30   20    -317.28     -1.44     -0.58     -0.87  0.09 0.0100
  1.30   20    -317.27     -1.41     -0.54     -0.87  0.09 0.0100
  1.30   20    -317.27     -1.49     -0.62     -0.87  0.09 0.0100
  1.30   20    -317.27     -1.46     -0.59     -0.87  0.09 0.0100
  1.30   20    -317.27     -1.43     -0.56     -0.87  0.09 0.0100
  1.30   20    -317.27     -1.46     -0.59     -0.86  0.09 0.0100
  1.30   20    -317.27     -1.42     -0.55     -0.86  0.09 0.0100
  1.30   20    -317.27     -1.44     -0.58     -0.86  0.09 0.0100
  1.30   21    -317.27     -1.45     -0.59     -0.86  0.09 0.0100
  1.30   21    -317.27     -1.47     -0.62     -0.86  0.09 0.0100
  1.30   21    -317.27     -1.50     -0.64     -0.86  0.09 0.0100
  1.30   21    -317.27     -1.48     -0.62     -0.86  0.09 0.0100
  1.30   21    -317.27     -1.48     -0.62     -0.86  0.09 0.0100
  1.30   21    -317.27     -1.46     -0.59     -0.86  0.09 0.0100
  1.30   21    -317.28     -1.49     -0.63     -0.86  0.09 0.0100
  1.30   21    -317.28     -1.49     -0.63     -0.86  0.09 0.0100
  1.30   21    -317.28     -1.49     -0.63     -0.86  0.09 0.0100
  1.30   21    -317.28     -1.49     -0.63     -0.86  0.09 0.0100
  1.30   22    -317.28     -1.49     -0.63     -0.86  0.09 0.0100
  1.30   22    -317.28     -1.44     -0.58     -0.86  0.09 0.0100
  1.30   22    -317.29     -1.46     -0.59     -0.86  0.09 0.0100
  1.30   22    -317.29     -1.45     -0.59     -0.86  0.09 0.0100
  1.30   22    -317.29     -1.43     -0.57     -0.86  0.09 0.0100
  1.30   22    -317.28     -1.45     -0.59     -0.86  0.09 0.0100
  1.30   22    -317.28     -1.45     -0.59     -0.86  0.09 0.0100
  1.30   22    -317.28     -1.47     -0.61     -0.86  0.09 0.0100
  1.30   22    -317.28     -1.47     -0.60     -0.86  0.09 0.0100
  1.30   22    -317.28     -1.44     -0.58     -0.86  0.09 0.0100
  1.30   23    -317.28     -1.47     -0.61     -0.86  0.09 0.0100
  1.30   23    -317.28     -1.47     -0.61     -0.86  0.09 0.0100
  1.30   23    -317.28     -1.48     -0.62     -0.86  0.09 0.0100
  1.30   23    -317.28     -1.48     -0.62     -0.86  0.09 0.0100
  1.30   23    -317.28     -1.49     -0.63     -0.86  0.09 0.0100
  1.30   23    -317.29     -1.45     -0.59     -0.86  0.09 0.0100
  1.30   23    -317.29     -1.45     -0.59     -0.86  0.09 0.0100
  1.30   23    -317.29     -1.45     -0.59     -0.85  0.09 0.0100
  1.30   23    -317.29     -1.43     -0.58     -0.85  0.09 0.0100
  1.30   23    -317.30     -1.39     -0.54     -0.85  0.09 0.0100
  1.30   24    -317.29     -1.39     -0.53     -0.86  0.09 0.0100
  1.30   24    -317.30     -1.38     -0.53     -0.86  0.09 0.0100
  1.30   24    -317.30     -1.39     -0.53     -0.86  0.09 0.0100
  1.30   24    -317.29     -1.39     -0.53     -0.86  0.09 0.0100
  1.30   24    -317.30     -1.38     -0.52     -0.86  0.09 0.0100
  1.30   24    -317.30     -1.39     -0.53     -0.86  0.09 0.0100
  1.30   24    -317.29     -1.36     -0.50     -0.86  0.09 0.0100
  1.30   24    -317.30     -1.37     -0.51     -0.86  0.09 0.0100
  1.30   24    -317.30     -1.36     -0.50     -0.86  0.09 0.0100
  1.30   24    -317.30     -1.35     -0.49     -0.86  0.09 0.0100
  1.30   25    -317.30     -1.33     -0.47     -0.86  0.09 0.0100
  1.30   25    -317.30     -1.34     -0.48     -0.86  0.09 0.0100
  1.30   25    -317.29     -1.32     -0.46     -0.86  0.09 0.0100
  1.30   25    -317.29     -1.30     -0.44     -0.86  0.09 0.0100
  1.30   25    -317.28     -1.32     -0.46     -0.86  0.09 0.0100
  1.30   25    -317.28     -1.32     -0.46     -0.86  0.09 0.0100
  1.30   25    -317.29     -1.34     -0.47     -0.87  0.09 0.0100
  1.30   25    -317.28     -1.35     -0.48     -0.87  0.09 0.0100
  1.30   25    -317.28     -1.34     -0.48     -0.87  0.09 0.0100
  1.30   25    -317.28     -1.34     -0.47     -0.87  0.09 0.0100
  1.30   26    -317.28     -1.34     -0.47     -0.87  0.09 0.0100
  1.30   26    -317.27     -1.33     -0.46     -0.87  0.09 0.0100
  1.30   26    -317.27     -1.31     -0.44     -0.87  0.09 0.0100
  1.30   26    -317.26     -1.30     -0.43     -0.87  0.09 0.0100
  1.30   26    -317.27     -1.33     -0.46     -0.87  0.09 0.0100
  1.30   26    -317.26     -1.37     -0.50     -0.87  0.09 0.0100
  1.30   26    -317.26     -1.36     -0.49     -0.87  0.09 0.0100
  1.30   26    -317.27     -1.35     -0.48     -0.87  0.09 0.0100
  1.30   26    -317.27     -1.38     -0.51     -0.87  0.09 0.0100
  1.30   26    -317.27     -1.37     -0.50     -0.87  0.09 0.0100
  1.30   27    -317.27     -1.36     -0.48     -0.87  0.09 0.0100
  1.30   27    -317.26     -1.36     -0.49     -0.87  0.09 0.0100
  1.30   27    -317.26     -1.39     -0.52     -0.87  0.09 0.0100
  1.30   27    -317.26     -1.41     -0.54     -0.87  0.09 0.0100
  1.30   27    -317.26     -1.42     -0.55     -0.87  0.09 0.0100
  1.30   27    -317.26     -1.45     -0.58     -0.87  0.09 0.0100
  1.30   27    -317.26     -1.48     -0.61     -0.87  0.09 0.0100
  1.30   27    -317.26     -1.46     -0.59     -0.87  0.09 0.0100
  1.30   27    -317.26     -1.45     -0.58     -0.87  0.09 0.0100
  1.30   27    -317.26     -1.46     -0.60     -0.87  0.09 0.0100
  1.30   28    -317.26     -1.48     -0.62     -0.86  0.09 0.0100
  1.30   28    -317.27     -1.48     -0.62     -0.86  0.09 0.0100
  1.30   28    -317.27     -1.47     -0.61     -0.86  0.09 0.0100
  1.30   28    -317.26     -1.50     -0.64     -0.86  0.09 0.0100
  1.30   28    -317.26     -1.50     -0.64     -0.86  0.09 0.0100
  1.30   28    -317.26     -1.48     -0.62     -0.86  0.09 0.0100
  1.30   28    -317.26     -1.47     -0.61     -0.86  0.09 0.0100
  1.30   28    -317.26     -1.50     -0.64     -0.86  0.09 0.0100
  1.30   28    -317.27     -1.48     -0.62     -0.86  0.09 0.0100
  1.30   28    -317.27     -1.49     -0.63     -0.86  0.09 0.0100
  1.30   29    -317.27     -1.44     -0.59     -0.86  0.09 0.0100
  1.30   29    -317.27     -1.42     -0.56     -0.86  0.09 0.0100
  1.30   29    -317.27     -1.43     -0.57     -0.86  0.09 0.0100
  1.30   29    -317.27     -1.43     -0.57     -0.86  0.09 0.0100
  1.30   29    -317.27     -1.41     -0.55     -0.86  0.09 0.0100
  1.30   29    -317.27     -1.41     -0.55     -0.86  0.09 0.0100
  1.30   29    -317.27     -1.39     -0.53     -0.86  0.09 0.0100
  1.30   29    -317.28     -1.41     -0.55     -0.86  0.09 0.0100
  1.30   29    -317.27     -1.36     -0.49     -0.86  0.09 0.0100
  1.30   29    -317.28     -1.34     -0.48     -0.86  0.09 0.0100
  1.30   30    -317.28     -1.34     -0.47     -0.86  0.09 0.0100
  1.30   30    -317.28     -1.33     -0.47     -0.86  0.09 0.0100
  1.30   30    -317.27     -1.30     -0.44     -0.86  0.09 0.0100
  1.30   30    -317.27     -1.31     -0.44     -0.86  0.09 0.0100
  1.30   30    -317.28     -1.30     -0.43     -0.86  0.09 0.0100
  1.30   30    -317.28     -1.32     -0.45     -0.86  0.09 0.0100
  1.30   30    -317.28     -1.32     -0.46     -0.86  0.09 0.0100
  1.30   30    -317.28     -1.35     -0.49     -0.86  0.09 0.0100
  1.30   30    -317.28     -1.32     -0.45     -0.86  0.09 0.0100
  1.30   30    -317.28     -1.31     -0.45     -0.86  0.09 0.0100
  1.30   31    -317.28     -1.32     -0.45     -0.86  0.09 0.0100
  1.30   31    -317.28     -1.31     -0.45     -0.86  0.09 0.0100
  1.30   31    -317.28     -1.29     -0.42     -0.86  0.09 0.0100
  1.30   31    -317.28     -1.30     -0.44     -0.86  0.09 0.0100
  1.30   31    -317.28     -1.31     -0.45     -0.86  0.09 0.0100
  1.30   31    -317.28     -1.28     -0.42     -0.86  0.09 0.0100
  1.30   31    -317.28     -1.30     -0.44     -0.86  0.09 0.0100
  1.30   31    -317.28     -1.32     -0.46     -0.86  0.09 0.0100
  1.30   31    -317.28     -1.32     -0.46     -0.86  0.09 0.0100
  1.30   31    -317.27     -1.31     -0.45     -0.86  0.09 0.0100
  1.30   32    -317.27     -1.29     -0.43     -0.86  0.09 0.0100
  1.30   32    -317.27     -1.32     -0.46     -0.86  0.09 0.0100
  1.30   32    -317.27     -1.31     -0.45     -0.86  0.09 0.0100
  1.30   32    -317.27     -1.36     -0.50     -0.86  0.09 0.0100
  1.30   32    -317.27     -1.36     -0.50     -0.86  0.09 0.0100
  1.30   32    -317.27     -1.37     -0.51     -0.86  0.09 0.0100
  1.30   32    -317.28     -1.35     -0.49     -0.86  0.09 0.0100
  1.30   32    -317.28     -1.34     -0.48     -0.86  0.09 0.0100
  1.30   32    -317.28     -1.34     -0.48     -0.86  0.09 0.0100
  1.30   32    -317.27     -1.32     -0.47     -0.86  0.09 0.0100
  1.30   33    -317.27     -1.32     -0.47     -0.86  0.09 0.0100
  1.30   33    -317.27     -1.32     -0.47     -0.86  0.09 0.0100
  1.30   33    -317.27     -1.30     -0.44     -0.86  0.09 0.0100
  1.30   33    -317.27     -1.27     -0.41     -0.86  0.09 0.0100
  1.30   33    -317.26     -1.25     -0.39     -0.86  0.09 0.0100
  1.30   33    -317.27     -1.24     -0.38     -0.86  0.09 0.0100
  1.30   33    -317.27     -1.27     -0.41     -0.86  0.09 0.0100
  1.30   33    -317.27     -1.28     -0.42     -0.85  0.09 0.0100
  1.30   33    -317.27     -1.31     -0.45     -0.85  0.09 0.0100
  1.30   33    -317.27     -1.30     -0.45     -0.85  0.09 0.0100
  1.30   34    -317.27     -1.29     -0.44     -0.85  0.09 0.0100
  1.30   34    -317.27     -1.26     -0.41     -0.85  0.09 0.0100
  1.30   34    -317.26     -1.27     -0.41     -0.85  0.09 0.0100
  1.30   34    -317.27     -1.28     -0.42     -0.85  0.09 0.0100
  1.30   34    -317.26     -1.29     -0.43     -0.86  0.09 0.0100
  1.30   34    -317.27     -1.29     -0.44     -0.86  0.09 0.0100
  1.30   34    -317.27     -1.32     -0.46     -0.86  0.09 0.0100
  1.30   34    -317.26     -1.31     -0.45     -0.86  0.09 0.0100
  1.30   34    -317.26     -1.32     -0.47     -0.85  0.09 0.0100
  1.30   34    -317.26     -1.32     -0.47     -0.86  0.09 0.0100
  1.30   35    -317.26     -1.33     -0.47     -0.86  0.09 0.0100
  1.30   35    -317.26     -1.33     -0.47     -0.86  0.09 0.0100
  1.30   35    -317.26     -1.34     -0.48     -0.86  0.09 0.0100
  1.30   35    -317.26     -1.35     -0.49     -0.86  0.09 0.0100
  1.30   35    -317.26     -1.33     -0.47     -0.86  0.09 0.0100
  1.30   35    -317.26     -1.35     -0.50     -0.86  0.09 0.0100
  1.30   35    -317.26     -1.34     -0.49     -0.86  0.09 0.0100
  1.30   35    -317.27     -1.35     -0.49     -0.86  0.09 0.0100
  1.30   35    -317.27     -1.35     -0.49     -0.86  0.09 0.0100
  1.30   35    -317.26     -1.34     -0.48     -0.86  0.09 0.0100
  1.30   36    -317.27     -1.35     -0.49     -0.86  0.09 0.0100
  1.30   36    -317.27     -1.34     -0.48     -0.86  0.09 0.0100
  1.30   36    -317.27     -1.34     -0.48     -0.86  0.09 0.0100
  1.30   36    -317.27     -1.35     -0.50     -0.86  0.09 0.0100
  1.30   36    -317.27     -1.35     -0.49     -0.86  0.09 0.0100
  1.30   36    -317.27     -1.37     -0.51     -0.86  0.09 0.0100
  1.30   36    -317.27     -1.38     -0.52     -0.86  0.09 0.0100
  1.30   36    -317.27     -1.37     -0.52     -0.86  0.09 0.0100
  1.30   36    -317.27     -1.36     -0.51     -0.86  0.09 0.0100
  1.30   36    -317.27     -1.37     -0.51     -0.86  0.09 0.0100
  1.30   37    -317.27     -1.37     -0.52     -0.85  0.09 0.0100
  1.30   37    -317.27     -1.35     -0.49     -0.85  0.09 0.0100
  1.30   37    -317.27     -1.36     -0.51     -0.85  0.09 0.0100
  1.30   37    -317.27     -1.35     -0.50     -0.85  0.09 0.0100
  1.30   37    -317.27     -1.35     -0.50     -0.85  0.09 0.0100
  1.30   37    -317.27     -1.33     -0.48     -0.86  0.09 0.0100
  1.30   37    -317.27     -1.36     -0.50     -0.86  0.09 0.0100
  1.30   37    -317.28     -1.37     -0.52     -0.86  0.09 0.0100
  1.30   37    -317.28     -1.37     -0.52     -0.85  0.09 0.0100
  1.30   37    -317.28     -1.37     -0.52     -0.85  0.09 0.0100
  1.30   38    -317.28     -1.38     -0.52     -0.86  0.09 0.0100
  1.30   38    -317.27     -1.38     -0.52     -0.85  0.09 0.0100
  1.30   38    -317.27     -1.40     -0.54     -0.85  0.09 0.0100
  1.30   38    -317.27     -1.37     -0.52     -0.85  0.09 0.0100
  1.30   38    -317.27     -1.38     -0.53     -0.85  0.09 0.0100
  1.30   38    -317.28     -1.37     -0.51     -0.85  0.09 0.0100
  1.30   38    -317.27     -1.37     -0.52     -0.85  0.09 0.0100
  1.30   38    -317.27     -1.36     -0.50     -0.85  0.09 0.0100
  1.30   38    -317.27     -1.38     -0.53     -0.85  0.09 0.0100
  1.30   38    -317.27     -1.37     -0.51     -0.85  0.09 0.0100
  1.30   39    -317.27     -1.36     -0.51     -0.85  0.09 0.0100
  1.30   39    -317.27     -1.38     -0.53     -0.86  0.09 0.0100
  1.30   39    -317.27     -1.39     -0.53     -0.86  0.09 0.0100
  1.30   39    -317.27     -1.38     -0.52     -0.86  0.09 0.0100
  1.30   39    -317.27     -1.40     -0.54     -0.86  0.09 0.0100
  1.30   39    -317.27     -1.39     -0.53     -0.86  0.09 0.0100
  1.30   39    -317.27     -1.38     -0.52     -0.86  0.09 0.0100
  1.30   39    -317.27     -1.38     -0.52     -0.86  0.09 0.0100
  1.30   39    -317.27     -1.37     -0.51     -0.86  0.09 0.0100
  1.30   39    -317.27     -1.39     -0.53     -0.86  0.09 0.0100
  1.30   40    -317.27     -1.39     -0.53     -0.86  0.09 0.0100
  1.30   40    -317.27     -1.37     -0.52     -0.86  0.09 0.0100
  1.30   40    -317.27     -1.36     -0.50     -0.86  0.09 0.0100
  1.30   40    -317.27     -1.36     -0.50     -0.86  0.09 0.0100
  1.30   40    -317.27     -1.36     -0.50     -0.86  0.09 0.0100
  1.30   40    -317.27     -1.34     -0.48     -0.86  0.09 0.0100
  1.30   40    -317.27     -1.34     -0.48     -0.86  0.09 0.0100
  1.30   40    -317.27     -1.32     -0.46     -0.86  0.09 0.0100
  1.30   40    -317.27     -1.33     -0.47     -0.86  0.09 0.0100
  1.30   40    -317.27     -1.35     -0.49     -0.86  0.09 0.0100
  1.30   41    -317.27     -1.35     -0.49     -0.86  0.09 0.0100
  1.30   41    -317.27     -1.33     -0.47     -0.86  0.09 0.0100
  1.30   41    -317.27     -1.31     -0.45     -0.86  0.09 0.0100
  1.30   41    -317.27     -1.31     -0.45     -0.86  0.09 0.0100
  1.30   41    -317.27     -1.31     -0.45     -0.86  0.09 0.0100
  1.30   41    -317.27     -1.32     -0.46     -0.86  0.09 0.0100
  1.30   41    -317.27     -1.31     -0.45     -0.86  0.09 0.0100
  1.30   41    -317.27     -1.32     -0.47     -0.86  0.09 0.0100
  1.30   41    -317.27     -1.31     -0.45     -0.86  0.09 0.0100
  1.30   41    -317.27     -1.29     -0.43     -0.86  0.09 0.0100
  1.30   42    -317.27     -1.30     -0.44     -0.86  0.09 0.0100
  1.30   42    -317.27     -1.28     -0.43     -0.86  0.09 0.0100
  1.30   42    -317.27     -1.31     -0.46     -0.86  0.09 0.0100
  1.30   42    -317.27     -1.30     -0.44     -0.86  0.09 0.0100
  1.30   42    -317.27     -1.29     -0.43     -0.86  0.09 0.0100
  1.30   42    -317.27     -1.30     -0.44     -0.86  0.09 0.0100
  1.30   42    -317.27     -1.30     -0.44     -0.86  0.09 0.0100
  1.30   42    -317.27     -1.28     -0.42     -0.86  0.09 0.0100
  1.30   42    -317.26     -1.28     -0.42     -0.86  0.09 0.0100
  1.30   42    -317.26     -1.29     -0.43     -0.86  0.09 0.0100
  1.30   43    -317.26     -1.27     -0.42     -0.86  0.09 0.0100
  1.30   43    -317.26     -1.29     -0.43     -0.86  0.09 0.0100
  1.30   43    -317.26     -1.30     -0.44     -0.86  0.09 0.0100
  1.30   43    -317.26     -1.29     -0.43     -0.86  0.09 0.0100
  1.30   43    -317.26     -1.29     -0.44     -0.85  0.09 0.0100
  1.30   43    -317.26     -1.29     -0.44     -0.85  0.09 0.0100
  1.30   43    -317.26     -1.30     -0.45     -0.85  0.09 0.0100
  1.30   43    -317.27     -1.32     -0.46     -0.86  0.09 0.0100
  1.30   43    -317.26     -1.31     -0.46     -0.86  0.09 0.0100
  1.30   43    -317.26     -1.31     -0.45     -0.85  0.09 0.0100
  1.30   44    -317.26     -1.32     -0.46     -0.85  0.09 0.0100
  1.30   44    -317.26     -1.33     -0.48     -0.85  0.09 0.0100
  1.30   44    -317.26     -1.32     -0.47     -0.85  0.09 0.0100
  1.30   44    -317.26     -1.32     -0.47     -0.85  0.09 0.0100
  1.30   44    -317.26     -1.30     -0.45     -0.85  0.09 0.0100
  1.30   44    -317.26     -1.31     -0.46     -0.86  0.09 0.0100
  1.30   44    -317.26     -1.31     -0.46     -0.86  0.09 0.0100
  1.30   44    -317.26     -1.31     -0.46     -0.85  0.09 0.0100
  1.30   44    -317.25     -1.31     -0.46     -0.85  0.09 0.0100
  1.30   44    -317.25     -1.33     -0.48     -0.85  0.09 0.0100
  1.30   45    -317.26     -1.34     -0.49     -0.85  0.09 0.0100
  1.30   45    -317.26     -1.33     -0.48     -0.85  0.09 0.0100
  1.30   45    -317.26     -1.35     -0.50     -0.85  0.09 0.0100
  1.30   45    -317.26     -1.36     -0.51     -0.85  0.09 0.0100
  1.30   45    -317.26     -1.35     -0.50     -0.85  0.09 0.0100
  1.30   45    -317.26     -1.34     -0.49     -0.85  0.09 0.0100
  1.30   45    -317.26     -1.35     -0.50     -0.85  0.09 0.0100
  1.30   45    -317.26     -1.36     -0.51     -0.85  0.09 0.0100
  1.30   45    -317.26     -1.35     -0.50     -0.85  0.09 0.0100
  1.30   45    -317.26     -1.34     -0.49     -0.85  0.09 0.0100
  1.30   46    -317.26     -1.33     -0.48     -0.85  0.09 0.0100
  1.30   46    -317.25     -1.32     -0.48     -0.85  0.09 0.0100
  1.30   46    -317.25     -1.33     -0.49     -0.85  0.09 0.0100
  1.30   46    -317.25     -1.33     -0.48     -0.85  0.09 0.0100
  1.30   46    -317.25     -1.32     -0.47     -0.85  0.09 0.0100
  1.30   46    -317.25     -1.31     -0.46     -0.85  0.09 0.0100
  1.30   46    -317.25     -1.31     -0.46     -0.84  0.09 0.0100
  1.30   46    -317.25     -1.29     -0.44     -0.84  0.09 0.0100
  1.30   46    -317.25     -1.30     -0.45     -0.84  0.09 0.0100
  1.30   46    -317.25     -1.29     -0.45     -0.84  0.09 0.0100
  1.30   47    -317.25     -1.29     -0.44     -0.84  0.09 0.0100
