 1.30  -0.203233E+04 -0.146984E+02 -0.194451E+02  0.474679E+01
 1.30  -0.137373E+04 -0.114782E+02 -0.140445E+02  0.256632E+01
 1.30  -0.787404E+03 -0.871428E+01 -0.905880E+01  0.344523E+00
 1.30  -0.203753E+04 -0.141975E+02 -0.179080E+02  0.371049E+01
 1.30  -0.137353E+04 -0.120787E+02 -0.150945E+02  0.301577E+01
 1.30  -0.787563E+03 -0.892860E+01 -0.918339E+01  0.254786E+00
 1.30  -0.583870E+03 -0.507456E+01 -0.446941E+01 -0.605152E+00
 1.30  -0.502698E+03 -0.362924E+01 -0.295042E+01 -0.678820E+00
 1.30  -0.203561E+04 -0.151824E+02 -0.184608E+02  0.327838E+01
 1.30  -0.137434E+04 -0.124776E+02 -0.155900E+02  0.311236E+01
 1.30  -0.787652E+03 -0.855650E+01 -0.886407E+01  0.307573E+00
 1.30  -0.583701E+03 -0.440977E+01 -0.379814E+01 -0.611627E+00
 1.30  -0.502770E+03 -0.323618E+01 -0.255937E+01 -0.676809E+00
 1.30  -0.203527E+04 -0.152395E+02 -0.193308E+02  0.409135E+01
 1.30  -0.137465E+04 -0.127584E+02 -0.158671E+02  0.310865E+01
 1.30  -0.787691E+03 -0.801822E+01 -0.829836E+01  0.280141E+00
 1.30  -0.583653E+03 -0.431662E+01 -0.380422E+01 -0.512399E+00
 1.30  -0.502743E+03 -0.397058E+01 -0.331390E+01 -0.656687E+00
 ****  -0.787733E+03 -0.789963E+01 -0.848844E+01  0.588803E+00
 ****  -0.787695E+03 -0.780206E+01 -0.827665E+01  0.474577E+00
 7.14  -0.502805E+03 -0.346399E+01 -0.290486E+01 -0.559132E+00
 5.00  -0.317330E+03 -0.159540E+01 -0.760126E+00 -0.835275E+00
 3.00  -0.165742E+03  0.806520E-02  0.388879E+00 -0.380814E+00
 1.00  -0.385572E+02  0.287808E+00  0.109843E+00  0.177966E+00
 ****  -0.787662E+03 -0.742912E+01 -0.781982E+01  0.390690E+00
 7.14  -0.502794E+03 -0.356798E+01 -0.294221E+01 -0.625770E+00
 5.00  -0.317279E+03 -0.147146E+01 -0.611378E+00 -0.860078E+00
 3.00  -0.165721E+03  0.496693E-01  0.441267E+00 -0.391598E+00
 1.00  -0.384534E+02  0.293977E+00  0.115793E+00  0.178185E+00
 ****  -0.787668E+03 -0.714772E+01 -0.752987E+01  0.382143E+00
 7.14  -0.502736E+03 -0.364753E+01 -0.299278E+01 -0.654747E+00
 5.00  -0.317280E+03 -0.131651E+01 -0.454234E+00 -0.862277E+00
 3.00  -0.165699E+03  0.885659E-01  0.480658E+00 -0.392092E+00
 1.00  -0.383946E+02  0.302418E+00  0.124201E+00  0.178217E+00
 ****  -0.787690E+03 -0.708462E+01 -0.737307E+01  0.288442E+00
 7.14  -0.502698E+03 -0.361760E+01 -0.291508E+01 -0.702519E+00
 5.00  -0.317267E+03 -0.136414E+01 -0.510350E+00 -0.853787E+00
 3.00  -0.165700E+03 -0.202481E-01  0.374138E+00 -0.394386E+00
 1.00  -0.383593E+02  0.313319E+00  0.135564E+00  0.177755E+00
 ****  -0.787715E+03 -0.699263E+01 -0.728871E+01  0.296075E+00
 7.14  -0.502687E+03 -0.342714E+01 -0.273209E+01 -0.695049E+00
 5.00  -0.317248E+03 -0.128586E+01 -0.441416E+00 -0.844443E+00
 3.00  -0.165690E+03 -0.543795E-01  0.338389E+00 -0.392768E+00
 1.00  -0.383358E+02  0.315754E+00  0.138156E+00  0.177598E+00
