 210,  20.435402749381385
    31  -0.492372E+03  0.707338E+02  0.586123E+02  0.121213E+02  0.876
     0.559874    2.000000   11.381279    2.408579   37.620227
     0.559874    2.000000    0.886376    3.189553    0.851855
     0.559874    2.000000  -10.843454   38.583471   14.961124
     0.559874    2.000000    4.191701   -2.897173   26.020786
     0.559874    2.000000   36.482513   -0.954638  -11.779643
     0.559874    2.000000    0.378990   -2.191123    0.940725
     0.559874    2.000000   20.891372   13.093603   26.568076
     0.559874    2.000000   33.756881   36.857176    7.155711
     0.559874    2.000000   36.442542  -32.338879  -35.674032
     0.559874    2.000000  -18.293786   -0.113591    2.512918
     0.559874    2.000000   -2.584653   -2.111880   -1.161155
     0.559874    2.000000  -36.269420  -39.240422  -22.030027
     0.559874    2.000000   24.790687  -15.657274   -5.637768
     0.559874    2.000000   23.717866  -27.702404  -37.130014
     0.559874    2.000000  -40.444881  -26.861582    5.247011
     0.559874    2.000000  -35.260681   20.961879   -1.469744
     0.559874    2.000000   38.817086   22.884871   37.818601
     0.559874    2.000000   -2.965943   -0.220836    0.349387
     0.559874    2.000000   -0.002087    0.579426   -1.391946
     0.559874    2.000000  -20.872033    9.265746  -10.373439
     0.559874    2.000000  -36.064153   14.880336   37.478273
     0.559874    2.000000   17.694433   35.377793  -32.399387
     0.559874    2.000000    1.579019    0.856910   -0.412977
     0.559874    2.000000  -36.037222  -31.150945  -19.850626
     0.559874    2.000000   30.483881   16.167402  -14.460434
     0.559874    2.000000  -36.875372  -25.880758   30.649639
     0.559874    2.000000   -0.306649    1.305590    1.623746
     0.559874    2.000000  -17.727247   18.329295   33.357439
     0.559874    2.000000   -3.518370   15.909499  -12.530601
     0.559874    2.000000    4.005431   35.992157   10.579039
     0.559874    2.000000   17.793252  -13.637617  -15.925556
     0.559874    2.000000  -23.219446    2.346111   15.384979
     0.559874    2.000000   23.059688   13.371539  -26.066745
     0.559874    2.000000   22.214683  -30.282084  -12.469586
     0.559874    2.000000  -12.784177   13.657038   -7.063776
     0.559874    2.000000   26.735221  -14.319964  -25.117530
     0.559874    2.000000   -6.448192  -22.763952   15.121690
     0.559874    2.000000   -0.187260    0.103962    0.767514
     0.559874    2.000000  -33.013129   15.357076   24.136496
     0.559874    2.000000  -38.980159   12.055527   -9.196921
     0.559874    2.000000   12.955501   23.156150   13.026020
     0.559874    2.000000    2.342937    0.198891   -1.059400
     0.559874    2.000000  -11.807687  -25.574369  -21.677458
     0.559874    2.000000   19.981814   25.696091   11.852880
     0.559874    2.000000  -16.776234   -4.644693   40.577930
     0.559874    2.000000   31.756388   -9.600892   30.631306
     0.559874    2.000000   32.259007    2.135357   14.570087
     0.559874    2.000000   19.996547  -33.510271   12.809440
     0.559874    2.000000    7.021349   27.251764    5.637061
     0.559874    2.000000    0.539031   30.288973   13.063465
     0.559874    2.000000  -39.589369   21.340399  -28.696426
     0.559874    2.000000  -17.563207  -32.656741   17.752148
     0.559874    2.000000   -0.812836  -30.875319   -9.215200
     0.559874    2.000000   -1.920100   -2.053743    1.156322
     0.559874    2.000000   -1.342906    2.428263   -0.829642
     0.559874    2.000000   -0.231033   -1.518374    1.250812
     0.559874    2.000000    8.261722    7.837958  -10.724985
     0.559874    2.000000   24.525988  -28.757323  -15.229479
     0.559874    2.000000    9.987745    4.485365   28.818923
     0.559874    2.000000  -36.402362   34.682725   -9.456567
     0.559874    2.000000   17.541865   27.828628   33.543622
     0.559874    2.000000   -2.463763  -34.231183   30.510385
     0.559874    2.000000    2.304441   -1.644939    1.163090
     0.559874    2.000000    1.664081    0.871356    0.429991
     0.559874    2.000000  -27.554089  -40.584172   26.743302
     0.559874    2.000000   30.303783  -36.426451    7.927791
     0.559874    2.000000   -6.111600  -31.085832   11.190967
     0.559874    2.000000   35.811079  -32.536003   22.506903
     0.559874    2.000000  -38.552663  -13.973966   37.719348
     0.559874    2.000000   -0.231146   -1.947633    0.551122
     0.559874    2.000000  -27.590435  -17.383956   -1.190504
     0.559874    2.000000   32.526124  -25.743369   18.424217
     0.559874    2.000000   -3.931264   37.885314  -22.620817
     0.559874    2.000000  -35.606531   24.399842   17.820137
     0.559874    2.000000    8.634450   18.938453    9.831847
     0.559874    2.000000   -7.251783  -40.734146   -4.929369
     0.559874    2.000000   39.053483   36.031813   36.738107
     0.559874    2.000000   -2.110897   -5.336172   -8.648379
     0.559874    2.000000    2.683935   -1.431529   -0.995624
     0.559874    2.000000  -15.604405  -31.337418   -5.183351
     0.559874    2.000000   35.384793   28.713520    5.054548
     0.559874    2.000000  -10.220891   39.522726   19.678758
     0.559874    2.000000   -8.399372   36.232373   22.850777
     0.559874    2.000000   23.321890    7.037322  -35.040041
     0.559874    2.000000  -21.243094   29.994477   38.631836
     0.559874    2.000000   -5.694817  -25.364346   27.582098
     0.559874    2.000000    0.031969   -0.643921   -1.124020
     0.559874    2.000000    0.005009    0.011306   -0.503642
     0.559874    2.000000    2.535465   -0.084603    1.244748
     0.559874    2.000000   27.806698    9.249972   11.931534
     0.559874    2.000000  -40.780808  -15.760367   15.281190
     0.559874    2.000000   -0.781680   -0.863431   -1.613201
     0.559874    2.000000   -8.348073   17.076935    7.056319
     0.559874    2.000000  -12.508186   39.893767  -40.312288
     0.559874    2.000000   28.862672   27.764488  -20.883961
     0.559874    2.000000   -1.476032    1.046214   -0.669655
     0.559874    2.000000  -31.769902  -18.930152  -28.083961
     0.559874    2.000000  -12.599601  -39.592424  -12.391507
     0.559874    2.000000   -1.619899    0.950592   -0.003117
     0.559874    2.000000   -0.133249   -1.809047   -0.823732
     0.559874    2.000000  -28.882949  -31.574150   32.401856
     0.559874    2.000000   -0.877761    0.373660   -1.126612
     0.559874    2.000000    1.588301   -6.566293   -1.212471
     0.559874    2.000000   27.636595   14.725861  -26.184211
     0.559874    2.000000    0.808347    0.533489    1.119883
     0.559874    2.000000    3.884736    1.945494  -16.963114
     0.559874    2.000000   34.478390  -21.514511  -24.966757
     0.559874    2.000000   17.866099   32.117717  -25.756371
     0.559874    2.000000   40.351099    8.403538  -27.339329
     0.559874    2.000000  -25.863637   21.249481  -11.587085
     0.559874    2.000000    0.278153  -33.325407    9.770037
     0.559874    2.000000   25.712948    0.232445   20.845942
     0.559874    2.000000   -9.731807    1.200197   20.302370
     0.559874    2.000000   -0.605566    3.336813    0.619786
     0.559874    2.000000  -40.296384   12.708671   -4.197630
     0.559874    2.000000    0.412510   -0.404507    1.398308
     0.559874    2.000000  -24.548081    1.598142   -3.717425
     0.559874    2.000000  -19.448327   13.787522   -1.248968
     0.559874    2.000000   17.732943   10.450196  -11.560337
     0.559874    2.000000   -9.631924   -5.453865   28.157794
     0.559874   -2.000000   29.197894   33.609991   25.688660
     0.559874   -2.000000   -7.518717  -29.303763   25.843884
     0.559874   -2.000000  -40.757066   -8.588308   38.329824
     0.559874   -2.000000   35.608884  -38.419990    7.576682
     0.559874   -2.000000   -5.035619  -15.658078  -28.171823
     0.559874   -2.000000  -24.539485   21.570275   -7.638927
     0.559874   -2.000000   -0.497318   29.929888   16.511983
     0.559874   -2.000000  -38.807505   24.010034   40.119524
     0.559874   -2.000000  -24.435086   11.626149    1.303610
     0.559874   -2.000000   16.369528    8.347834  -25.672058
     0.559874   -2.000000   18.206898   26.204472   14.710329
     0.559874   -2.000000  -12.692753    8.775692   22.694574
     0.559874   -2.000000   19.968566   33.960742   14.175129
     0.559874   -2.000000  -28.976301   26.810660   10.824167
     0.559874   -2.000000  -32.224540  -11.831804  -14.636484
     0.559874   -2.000000   13.198363    2.203364   25.869736
     0.559874   -2.000000  -40.438882  -14.311317  -27.046773
     0.559874   -2.000000   35.058778  -21.512679  -25.045114
     0.559874   -2.000000  -19.205740  -30.185951   33.832877
     0.559874   -2.000000   16.881206  -37.472546  -39.140425
     0.559874   -2.000000   -9.507767   40.694759   18.596286
     0.559874   -2.000000  -28.007199  -17.378672   -0.384600
     0.559874   -2.000000   -9.333471   11.494994  -14.139214
     0.559874   -2.000000  -35.677151   21.270014   -1.144976
     0.559874   -2.000000   39.906733    2.503591  -35.657961
     0.559874   -2.000000   -2.147876  -30.670652  -15.967274
     0.559874   -2.000000    6.216962  -27.072966   29.062334
     0.559874   -2.000000  -25.332363   20.767177  -13.392313
     0.559874   -2.000000   12.422237   25.367176    9.782857
     0.559874   -2.000000    2.618557   -8.882125  -18.342756
     0.559874   -2.000000   20.733931   33.560260   27.049396
     0.559874   -2.000000    7.845674   30.665117  -27.980576
     0.559874   -2.000000  -20.343238    8.874006  -23.283633
     0.559874   -2.000000   33.918032  -35.612340  -12.334896
     0.559874   -2.000000    2.145750   -5.601836   36.215262
     0.559874   -2.000000  -35.591013   19.946227  -27.898151
     0.559874   -2.000000   -7.196262    1.005162   13.041251
     0.559874   -2.000000   37.570582   21.643269  -14.965973
     0.559874   -2.000000  -29.588138    0.879445  -16.303374
     0.559874   -2.000000  -29.717356  -34.488309   35.659934
     0.559874   -2.000000   -0.368631   29.641095  -25.456427
     0.559874   -2.000000   31.967840  -24.331821   35.526574
     0.559874   -2.000000   26.182931  -15.862662   -4.819150
     0.559874   -2.000000  -24.254651   33.708922  -18.475470
     0.559874   -2.000000   29.757870   25.856082  -25.315741
     0.559874   -2.000000  -14.644889  -21.092291  -21.074943
     0.559874   -2.000000   17.576359   27.994761   34.169161
     0.559874   -2.000000   25.437332   20.263216   40.471178
     0.559874   -2.000000    0.961898   24.593648  -30.923917
     0.559874   -2.000000  -31.641468   12.298354   36.668066
     0.559874   -2.000000   39.471726   36.590128   35.803771
     0.559874   -2.000000   29.524734  -19.982819   -6.718146
     0.559874   -2.000000   -2.243598   -2.129982   28.817244
     0.559874   -2.000000   14.269080   34.380477  -12.998488
     0.559874   -2.000000   27.232970  -13.484834  -25.079522
     0.559874   -2.000000   -3.121655  -34.390064   30.225189
     0.559874   -2.000000  -40.047752  -25.887626  -30.037550
     0.559874   -2.000000   20.069798   11.411365   33.940408
     0.559874   -2.000000   -9.636699   34.246071  -39.205380
     0.559874   -2.000000   29.398425  -18.855540    0.422216
     0.559874   -2.000000  -37.614244  -30.108554    5.685045
     0.559874   -2.000000  -32.334928  -31.647245   15.403841
     0.559874   -2.000000   -2.116045   27.047504    2.583762
     0.559874   -2.000000  -34.613788    5.715610    5.340505
     0.559874   -2.000000  -24.693827  -40.174526  -14.650864
     0.559874   -2.000000   33.724364   19.391669  -10.783344
     0.559874   -2.000000  -40.851887  -16.530253   16.196675
     0.559874   -2.000000    6.929221  -12.012973   10.056015
     0.559874   -2.000000   13.227602  -26.737174    2.981188
     0.559874   -2.000000  -17.769077   -4.585580   39.860999
     0.559874   -2.000000  -22.571369   36.267074   27.373035
     0.559874   -2.000000  -27.182603  -36.196340   -5.742256
     0.559874   -2.000000   33.325813   -1.125992  -12.583589
     0.559874   -2.000000  -27.624125   21.982296   -7.768545
     0.559874   -2.000000   33.741655   27.389512   11.199732
     0.559874   -2.000000   20.388934  -22.188297    5.605261
     0.559874   -2.000000    6.140967  -31.185797   -5.970462
     0.559874   -2.000000   -5.151292    9.710974   11.214563
     0.559874   -2.000000  -18.711193   -7.366286   13.273493
     0.559874   -2.000000   29.034568    4.478887    2.109010
     0.559874   -2.000000   18.427563  -30.588294   -6.918564
     0.559874   -2.000000  -28.708269    0.085331  -13.636954
     0.559874   -2.000000   -3.410307  -27.639872   13.944775
     0.559874   -2.000000   25.615311   -6.413305   12.145861
     0.559874   -2.000000  -29.571682  -37.627758   33.160500
     0.559874   -2.000000   30.626332  -29.283162   12.610946
     0.559874   -2.000000   32.345208   16.398431  -24.440592
     0.559874   -2.000000   20.920024   19.156418   10.142101
     0.559874   -2.000000  -14.391909   36.311681    8.499136
     0.559874   -2.000000   24.995980    1.384793   32.509225
