 210,  20.435402749381385
    31  -0.468155E+03  0.373317E+00  0.660775E+00 -0.287455E+00  0.017
     0.559874    2.000000   10.483983    3.758121  -17.669123
     0.559874    2.000000   -4.768774    6.428349   -0.349561
     0.559874    2.000000   39.447815   -1.691684   19.523405
     0.559874    2.000000  -33.152140   -5.669502  -23.004513
     0.559874    2.000000  -33.875311  -25.873707  -26.893591
     0.559874    2.000000    1.500335    4.785745    1.106967
     0.559874    2.000000   20.539757   -2.147100   26.765111
     0.559874    2.000000   -5.473615   -2.086856   -1.080331
     0.559874    2.000000   20.560356   37.242058  -17.355256
     0.559874    2.000000    7.136111  -24.464515    8.545742
     0.559874    2.000000  -10.462255  -23.947709   -0.429136
     0.559874    2.000000  -31.920869   17.851546   21.776507
     0.559874    2.000000  -34.961698  -32.006171   21.694633
     0.559874    2.000000  -14.167024    7.507323   13.968753
     0.559874    2.000000    3.804291  -36.369593  -11.439810
     0.559874    2.000000   25.757308   15.594770   20.047572
     0.559874    2.000000   35.090556   31.598448  -27.971689
     0.559874    2.000000   34.746290   -1.966839    8.842452
     0.559874    2.000000   22.930282   27.842973   25.969758
     0.559874    2.000000  -39.145355   33.356709   22.798831
     0.559874    2.000000  -16.536859  -29.436021  -11.575522
     0.559874    2.000000    1.443879    4.645875   -0.955121
     0.559874    2.000000  -13.647968   31.619081  -34.450265
     0.559874    2.000000  -25.921583  -19.227929  -30.953031
     0.559874    2.000000    2.773954    5.627670   11.752369
     0.559874    2.000000  -22.945538  -11.814636    1.145679
     0.559874    2.000000  -33.042786  -18.938283  -13.135642
     0.559874    2.000000    4.022276   39.123344   19.242448
     0.559874    2.000000   -4.082618   -0.970450    0.998829
     0.559874    2.000000   40.041778   36.768820   -6.810270
     0.559874    2.000000  -38.470952   14.557141  -39.221969
     0.559874    2.000000   -1.331002    3.687352   -0.090718
     0.559874    2.000000   -0.330139    6.018483  -28.773069
     0.559874    2.000000   14.960438  -13.257648   27.083962
     0.559874    2.000000  -14.882413  -32.341446  -27.928296
     0.559874    2.000000    1.802811   36.313620    2.231098
     0.559874    2.000000   23.273654   -6.512290    5.709024
     0.559874    2.000000  -39.901370   -8.018925    0.882193
     0.559874    2.000000    0.987008   -0.183472   -8.901292
     0.559874    2.000000  -39.396176   22.735413    1.559214
     0.559874    2.000000  -39.689017   24.239108   36.783303
     0.559874    2.000000    5.780720   -1.888719   -0.788369
     0.559874    2.000000    1.013957  -25.807594   37.917044
     0.559874    2.000000    5.910148   27.983040   -4.322174
     0.559874    2.000000   31.448909  -39.431436    9.274128
     0.559874    2.000000   11.091279  -17.591380    7.699430
     0.559874    2.000000   17.524508   32.686863   22.764877
     0.559874    2.000000   18.483346  -27.442158  -23.278289
     0.559874    2.000000  -18.518105  -20.496243  -40.078203
     0.559874    2.000000  -12.928394   -1.767333   29.464956
     0.559874    2.000000   -0.243650    4.268853   -1.658618
     0.559874    2.000000    5.264614   -3.735043   -0.334182
     0.559874    2.000000    5.190479   -6.112982   20.160602
     0.559874    2.000000    4.292429  -30.422060   -0.698684
     0.559874    2.000000   -2.165054    6.592333   -0.029823
     0.559874    2.000000   21.882219   35.321901   31.254319
     0.559874    2.000000   -0.917918    5.308256    1.342253
     0.559874    2.000000    2.606216   -3.316910   -0.580102
     0.559874    2.000000  -11.860890  -32.895697   38.917727
     0.559874    2.000000   -4.237297  -27.999440  -19.457842
     0.559874    2.000000    2.228491   24.944012   37.854749
     0.559874    2.000000    6.364583   16.058125   28.591136
     0.559874    2.000000   20.766465   13.831709  -13.110501
     0.559874    2.000000  -11.627251  -29.668666  -22.991968
     0.559874    2.000000  -24.196274   16.999851  -17.371335
     0.559874    2.000000  -39.979756   28.893241   16.677263
     0.559874    2.000000   20.159674   -2.783175  -14.583689
     0.559874    2.000000   -8.064010  -24.451433  -22.260519
     0.559874    2.000000   -8.852688   33.669872   25.251164
     0.559874    2.000000   -2.087608   -1.164721    1.063931
     0.559874    2.000000  -16.005184   18.926050   14.183889
     0.559874    2.000000   34.927422  -29.205514   23.565932
     0.559874    2.000000    5.495500   -1.596716    1.300250
     0.559874    2.000000  -10.775457    8.868908   22.544784
     0.559874    2.000000  -25.218750   22.508508   31.046615
     0.559874    2.000000   13.553328  -20.881804  -39.189046
     0.559874    2.000000  -27.749683   18.547236   34.442389
     0.559874    2.000000    3.058524   -1.474089    0.912993
     0.559874    2.000000   25.187833  -23.014638  -13.772075
     0.559874    2.000000   -5.101369  -13.434592   31.663164
     0.559874    2.000000   36.483983    8.801485   17.806352
     0.559874    2.000000   31.855848  -17.069508   34.864201
     0.559874    2.000000  -39.375557    7.547691    0.135144
     0.559874    2.000000    4.917736   25.438029  -31.608937
     0.559874    2.000000    2.903569    6.905901    6.587059
     0.559874    2.000000   -3.022080   -3.629562    0.041836
     0.559874    2.000000   24.281135   -2.064910   18.403710
     0.559874    2.000000   26.622187  -18.206074   34.268898
     0.559874    2.000000    2.320575   -2.020570   -1.032353
     0.559874    2.000000   -3.857039   -3.986602    0.565408
     0.559874    2.000000   -4.688341   19.934414   -4.027090
     0.559874    2.000000    1.179543   31.832724  -21.646730
     0.559874    2.000000   -5.884647   -2.642930    0.909521
     0.559874    2.000000  -11.077744   22.890270   29.599879
     0.559874    2.000000   -8.966745   -0.882847   -0.155123
     0.559874    2.000000   21.509257  -28.399543    1.376010
     0.559874    2.000000    6.645352  -11.568524  -33.198819
     0.559874    2.000000   23.400238  -29.300800  -35.506281
     0.559874    2.000000   39.774144  -25.845551  -40.156691
     0.559874    2.000000   -4.170889   28.871551  -17.776026
     0.559874    2.000000   -6.462652   -8.822617   -1.778118
     0.559874    2.000000    4.125448   -0.436485    0.510780
     0.559874    2.000000    4.059546   -3.091892    1.639228
     0.559874    2.000000  -35.046015  -24.468975  -13.458948
     0.559874    2.000000   -3.667338   -0.866874   -0.603841
     0.559874    2.000000  -10.872932  -15.269903  -31.701032
     0.559874    2.000000   -0.200479  -15.584055  -23.124626
     0.559874    2.000000    1.291167    3.719508    0.204611
     0.559874    2.000000   -5.659233   25.533291   -4.558547
     0.559874    2.000000  -26.412154   19.312132  -37.403856
     0.559874    2.000000   33.510694   -9.923446  -23.099342
     0.559874    2.000000   -4.269340   29.672878   30.985128
     0.559874    2.000000   -2.742540   -2.608591    0.880754
     0.559874    2.000000  -24.224569   26.605645    4.133688
     0.559874    2.000000   28.094620  -22.795674  -21.678725
     0.559874    2.000000   40.502196  -25.349123   33.594990
     0.559874    2.000000    1.237661  -19.342338  -17.550922
     0.559874    2.000000  -34.080869  -35.050472  -39.267876
     0.559874    2.000000    0.648434  -28.852276   -6.181864
     0.559874    2.000000   23.619204  -11.013792   16.709046
     0.559874   -2.000000  -34.471371  -40.003012   15.336465
     0.559874   -2.000000  -16.658381  -30.030262   -7.407075
     0.559874   -2.000000    3.613678  -36.033378  -10.508447
     0.559874   -2.000000  -33.925155   -4.271238  -22.592116
     0.559874   -2.000000   17.533813   32.929196  -13.635843
     0.559874   -2.000000    3.337286   39.492416   19.252755
     0.559874   -2.000000   28.969859  -22.778547   22.021167
     0.559874   -2.000000   -0.229440  -30.113756  -27.804004
     0.559874   -2.000000    7.048744    3.475609  -18.145592
     0.559874   -2.000000  -11.389516  -25.599219  -26.856957
     0.559874   -2.000000   16.575224  -33.943675   -7.140938
     0.559874   -2.000000   40.018327  -17.423507  -12.074760
     0.559874   -2.000000    8.198952   15.055296  -25.999460
     0.559874   -2.000000   20.839060   -2.690513   26.524566
     0.559874   -2.000000  -30.083354    1.186441  -32.033925
     0.559874   -2.000000   -5.909281  -22.520473  -30.210512
     0.559874   -2.000000   28.944254   17.906118   23.395084
     0.559874   -2.000000  -32.278998   -2.807936   28.492453
     0.559874   -2.000000   22.377504   35.200393   -2.893283
     0.559874   -2.000000   -8.056947   38.328211   39.245220
     0.559874   -2.000000  -12.035668   33.369209  -35.121542
     0.559874   -2.000000  -16.770196  -37.569824   11.261519
     0.559874   -2.000000   36.956377    2.651238   26.966826
     0.559874   -2.000000   40.613055   31.412664   39.011801
     0.559874   -2.000000  -39.368234   15.036390   -6.976907
     0.559874   -2.000000  -36.909633  -27.686005  -28.229057
     0.559874   -2.000000  -34.735557  -22.762775   13.514166
     0.559874   -2.000000   24.069405   30.824896   18.808837
     0.559874   -2.000000   13.100258  -10.947948   18.778611
     0.559874   -2.000000  -34.387018  -18.139896  -36.716426
     0.559874   -2.000000   35.795421  -17.107070   30.468107
     0.559874   -2.000000   13.563967  -35.898074   36.188328
     0.559874   -2.000000   31.392645   32.767955  -24.333528
     0.559874   -2.000000  -12.546918  -26.978380   37.325859
     0.559874   -2.000000   11.533203   22.902848   20.060613
     0.559874   -2.000000  -28.961244  -11.597484   11.382549
     0.559874   -2.000000  -15.294006   28.282561   25.018797
     0.559874   -2.000000  -33.108032  -19.436599  -13.420394
     0.559874   -2.000000  -26.213740    8.947269   14.442467
     0.559874   -2.000000   15.416652   14.108618  -37.720581
     0.559874   -2.000000   -1.881823    0.126963   -0.450534
     0.559874   -2.000000   15.067099  -40.558987  -12.261366
     0.559874   -2.000000   33.213537  -40.538131  -29.424797
     0.559874   -2.000000  -30.254359   25.375751   34.467658
     0.559874   -2.000000  -14.114809   -9.583522  -19.628532
     0.559874   -2.000000  -36.168357   -5.672263   16.451811
     0.559874   -2.000000    2.661267   14.772380   35.893206
     0.559874   -2.000000  -39.500098   10.391422   -1.678743
     0.559874   -2.000000  -38.502048   31.959561   -9.559312
     0.559874   -2.000000   29.253624   16.126836  -23.647349
     0.559874   -2.000000   -4.717144   29.267107   30.170143
     0.559874   -2.000000  -14.629694   26.112648   33.958024
     0.559874   -2.000000   32.075958    4.733540   31.292806
     0.559874   -2.000000  -40.199013   -7.015370   37.974468
     0.559874   -2.000000   35.388948   29.863188  -29.309074
     0.559874   -2.000000    4.344616  -21.291935   26.862402
     0.559874   -2.000000  -15.155071   23.998087  -34.782618
     0.559874   -2.000000  -21.211807   19.647802   17.416179
     0.559874   -2.000000  -25.277729  -40.159033  -10.975904
     0.559874   -2.000000   -0.730174  -32.678028  -11.698109
     0.559874   -2.000000   26.534043  -39.666573   20.699433
     0.559874   -2.000000   23.761695   -8.168263   10.379295
     0.559874   -2.000000   29.652991  -36.448635    4.371256
     0.559874   -2.000000    9.149359  -17.590133  -34.224833
     0.559874   -2.000000  -28.472908  -22.092521    4.429901
     0.559874   -2.000000    2.311185  -26.966902   38.431692
     0.559874   -2.000000   39.356282   -3.386011  -24.883759
     0.559874   -2.000000   -3.599377   28.643852  -19.064933
     0.559874   -2.000000  -10.347113    8.821954   21.450951
     0.559874   -2.000000  -11.661723  -21.311943  -17.037206
     0.559874   -2.000000   24.868331   -5.119756   27.767794
     0.559874   -2.000000    1.393811   32.118518  -36.909457
     0.559874   -2.000000    9.551847   -6.292238   31.885221
     0.559874   -2.000000   -2.419595  -12.233991  -31.057133
     0.559874   -2.000000  -24.002969   31.421811   32.269959
     0.559874   -2.000000   39.377857   19.421693   35.313598
     0.559874   -2.000000   21.253148   33.481343   29.719441
     0.559874   -2.000000  -26.557305   10.254008   21.713705
     0.559874   -2.000000   -0.907582   33.491369    7.260847
     0.559874   -2.000000  -33.280462   16.762704   11.729007
     0.559874   -2.000000   39.335068  -25.804783  -39.763675
     0.559874   -2.000000   16.853426    4.631057  -29.059045
     0.559874   -2.000000   25.550896   14.057506   19.938109
     0.559874   -2.000000    4.559545    2.339473   18.579309
     0.559874   -2.000000    4.975056  -38.506687   -9.841200
     0.559874   -2.000000   37.079592   27.651808   -1.749453
     0.559874   -2.000000  -23.393405   11.174120  -35.681012
     0.559874   -2.000000   -1.487636   22.640401   -8.405829
     0.559874   -2.000000    0.069958   39.126347   26.406851
     0.559874   -2.000000    7.284973  -21.825250    4.036315
