 210,  20.435402749381385
    31  -0.495486E+03  0.387886E+02  0.321773E+02  0.661129E+01  0.384
     0.559874    2.000000  -31.731231   -8.568974  -16.062269
     0.559874    2.000000    0.932745   18.519263  -36.272884
     0.559874    2.000000   26.379054   24.687608  -33.073877
     0.559874    2.000000    3.494200    6.268047  -18.298265
     0.559874    2.000000  -10.869249   21.759226   37.412652
     0.559874    2.000000  -32.307218   17.724337   39.976687
     0.559874    2.000000   40.528629  -17.246000   -6.511771
     0.559874    2.000000  -15.778106   28.143869  -36.673701
     0.559874    2.000000  -23.184387   32.045069  -33.754880
     0.559874    2.000000   -0.973493    0.447515    1.029020
     0.559874    2.000000    0.049588    0.012047   -0.446200
     0.559874    2.000000  -34.022712    7.691852   36.615379
     0.559874    2.000000   24.754611  -12.426517  -39.901443
     0.559874    2.000000  -29.555174  -20.847974  -28.961951
     0.559874    2.000000    3.016156   -0.158334   -0.066057
     0.559874    2.000000   31.051189  -31.079259   -1.050464
     0.559874    2.000000   26.306650  -35.929257  -35.345839
     0.559874    2.000000  -12.099762  -23.872308  -28.045001
     0.559874    2.000000  -16.662065   14.234925   15.909684
     0.559874    2.000000    2.979914   24.155247  -17.796758
     0.559874    2.000000   -0.947797    0.940492    1.388658
     0.559874    2.000000   -2.141011   -2.289284    0.903437
     0.559874    2.000000   -3.171214   21.751290  -36.710116
     0.559874    2.000000   33.632942  -40.306844  -26.134599
     0.559874    2.000000   34.970498   15.361895  -12.841468
     0.559874    2.000000  -12.242021  -13.085919    5.110779
     0.559874    2.000000    3.122687   40.754346  -24.871116
     0.559874    2.000000  -13.956797   15.815542   20.631175
     0.559874    2.000000  -11.467718  -40.015753   20.985095
     0.559874    2.000000  -10.681544  -19.742334   39.576404
     0.559874    2.000000   16.395648    7.812246   13.840845
     0.559874    2.000000    0.122011   -0.210270    0.847090
     0.559874    2.000000  -30.939864   28.631922  -32.567075
     0.559874    2.000000   36.176391   -3.880073    4.623181
     0.559874    2.000000    4.312411    8.313218  -34.115813
     0.559874    2.000000  -27.745390  -28.033675  -38.799386
     0.559874    2.000000   23.346399   25.510900   -1.069447
     0.559874    2.000000  -30.110234  -34.434640   -7.603407
     0.559874    2.000000  -33.389370  -36.411352  -31.135798
     0.559874    2.000000   -8.017145  -12.157588  -38.286484
     0.559874    2.000000   29.323374   34.065939   10.278028
     0.559874    2.000000   -1.059954    0.599697   -1.136495
     0.559874    2.000000   40.682058  -35.594550  -31.613203
     0.559874    2.000000   -3.396201   31.242922   39.836063
     0.559874    2.000000   -9.808638  -23.427282   25.978830
     0.559874    2.000000  -27.420761  -22.248365   18.344199
     0.559874    2.000000   23.802679  -11.523866  -22.680568
     0.559874    2.000000    1.867928    0.709390   -0.905093
     0.559874    2.000000  -27.898314  -22.004976    0.931903
     0.559874    2.000000   13.138192  -36.193509   26.798806
     0.559874    2.000000   -0.201683    1.336109   -6.809035
     0.559874    2.000000   -2.502553   -1.290898    1.482432
     0.559874    2.000000   -1.641966   -0.138752    1.571072
     0.559874    2.000000    1.865692   -2.366528    0.602710
     0.559874    2.000000    5.503366  -32.618064   28.602006
     0.559874    2.000000   36.204732    0.609017   34.739950
     0.559874    2.000000  -18.419501    0.975352  -15.449616
     0.559874    2.000000    0.366670    2.349071    1.706114
     0.559874    2.000000    0.253073   -1.154779    1.306982
     0.559874    2.000000   24.267247    5.144140    2.639273
     0.559874    2.000000  -37.333940   15.516818   38.475451
     0.559874    2.000000  -32.237722   33.277599   -1.822243
     0.559874    2.000000  -16.792020   19.158872  -27.234560
     0.559874    2.000000    1.082194  -32.561449  -26.850229
     0.559874    2.000000   11.215293   -9.004627  -28.856815
     0.559874    2.000000  -38.128181   -4.617641  -14.191548
     0.559874    2.000000   -1.027117    2.988315    0.442104
     0.559874    2.000000  -28.496285   26.733257   28.254326
     0.559874    2.000000  -25.308319   17.529043   34.718621
     0.559874    2.000000    1.313290    0.834666   -0.696910
     0.559874    2.000000   -0.255060   -0.669192   -1.185704
     0.559874    2.000000    1.910513    1.301214    0.109776
     0.559874    2.000000    6.339340  -21.497413  -27.687607
     0.559874    2.000000  -35.199549   -0.524692   31.145349
     0.559874    2.000000   -2.211730   -2.096849   -1.112784
     0.559874    2.000000   12.750763  -30.461252   35.984262
     0.559874    2.000000   25.257747   36.013798   19.234197
     0.559874    2.000000  -37.744987    0.965926   21.505922
     0.559874    2.000000   12.007711  -12.276438   11.477798
     0.559874    2.000000  -20.391439   -9.286363  -39.322725
     0.559874    2.000000   13.892730   32.495174   12.359537
     0.559874    2.000000  -32.774704  -30.032359   -1.222154
     0.559874    2.000000    0.633513   -1.014895   -1.498290
     0.559874    2.000000    0.057051    0.191793   -1.093816
     0.559874    2.000000   37.986336   -6.358914  -19.187534
     0.559874    2.000000   20.508909  -27.255720   17.213817
     0.559874    2.000000    4.465145   23.320067  -13.534552
     0.559874    2.000000   24.507697   35.264838  -15.339141
     0.559874    2.000000  -29.365933  -32.138684   33.651443
     0.559874    2.000000  -25.459274  -27.369794   25.045602
     0.559874    2.000000   -4.903206  -38.240671   -0.860323
     0.559874    2.000000   -0.211261   -2.393379    0.549112
     0.559874    2.000000  -35.418793   23.066643    3.859644
     0.559874    2.000000   25.174392  -28.102474  -23.978741
     0.559874    2.000000    0.018364   -1.780968    0.009167
     0.559874    2.000000  -23.420268    2.386068  -37.576384
     0.559874    2.000000  -31.173138   -5.582457  -30.810607
     0.559874    2.000000   12.185384   13.207722  -27.106092
     0.559874    2.000000   30.619079   25.618035   36.548156
     0.559874    2.000000  -23.477159  -39.858767   -1.484906
     0.559874    2.000000  -32.645076   15.708777   14.690065
     0.559874    2.000000    0.990977   16.727366   12.811161
     0.559874    2.000000   27.516049    3.476685   33.805731
     0.559874    2.000000   31.561785   29.208537  -16.080970
     0.559874    2.000000   -3.101013   -0.310905   36.487550
     0.559874    2.000000  -14.272173   -1.064404   -5.916040
     0.559874    2.000000    1.663619    1.947655   -1.454255
     0.559874    2.000000  -10.374973  -25.048184  -13.058556
     0.559874    2.000000  -32.754720  -39.124510  -17.502349
     0.559874    2.000000    0.946192  -24.363486  -10.619510
     0.559874    2.000000    1.174602    0.908890    0.973710
     0.559874    2.000000   27.444021  -17.660102   -0.375196
     0.559874    2.000000   -3.233582    0.380498   -0.557839
     0.559874    2.000000    3.238895  -38.438551   -4.144283
     0.559874    2.000000  -12.730108  -20.261631   19.107479
     0.559874    2.000000   20.042443    9.520377   14.341594
     0.559874    2.000000   -0.963903    2.308446   -1.244266
     0.559874    2.000000   32.442958   31.455195  -26.082072
     0.559874    2.000000   28.416773  -10.054045   -5.775655
     0.559874    2.000000   -9.437533   19.871818  -17.983762
     0.559874   -2.000000  -30.198676  -23.660217   -0.843478
     0.559874   -2.000000    9.437724    8.563685  -19.025512
     0.559874   -2.000000  -28.730257  -14.110439  -11.873655
     0.559874   -2.000000  -35.068462   14.469121   20.112151
     0.559874   -2.000000   39.723231  -34.501237  -30.922921
     0.559874   -2.000000   -7.099176    1.515806    6.815030
     0.559874   -2.000000   26.500261   34.871773  -19.225191
     0.559874   -2.000000   14.549324  -24.726246  -24.656722
     0.559874   -2.000000   16.138335   21.533501   24.451357
     0.559874   -2.000000  -33.530202    5.308520  -23.968262
     0.559874   -2.000000  -33.030594   -0.262888   17.899086
     0.559874   -2.000000  -18.814872    9.164798   40.473104
     0.559874   -2.000000   21.957501    4.091503   30.959992
     0.559874   -2.000000  -16.002048    7.828037   32.960430
     0.559874   -2.000000  -11.082250  -20.322644   39.700715
     0.559874   -2.000000   31.226677   25.548104   28.259850
     0.559874   -2.000000   31.576597   37.115353   -1.652490
     0.559874   -2.000000   29.116069  -10.941115   -5.743947
     0.559874   -2.000000   39.540382  -16.861036   25.341491
     0.559874   -2.000000    7.148856   17.339828    1.972087
     0.559874   -2.000000   -1.138670   17.608883  -38.198784
     0.559874   -2.000000    5.660910   27.573488   14.067299
     0.559874   -2.000000   -0.692059  -17.770674   36.296769
     0.559874   -2.000000  -33.201505   14.634375   -0.491274
     0.559874   -2.000000   -4.464821   18.767426   32.737543
     0.559874   -2.000000  -33.810080  -21.392987   32.775805
     0.559874   -2.000000  -40.118994   23.246909    6.828200
     0.559874   -2.000000   -5.567088   31.526440   13.657217
     0.559874   -2.000000   14.984703  -16.559113   25.511430
     0.559874   -2.000000  -34.546334   29.178447  -28.401334
     0.559874   -2.000000   15.245605   -4.262367  -34.156355
     0.559874   -2.000000   -9.982648    9.012089   -9.620571
     0.559874   -2.000000   -7.902409   29.716028   27.877132
     0.559874   -2.000000  -10.310692   -4.613380   -7.673868
     0.559874   -2.000000   28.852778  -20.972137   31.937885
     0.559874   -2.000000  -37.742945    3.294109  -39.561991
     0.559874   -2.000000  -18.837466   32.245287   -3.043053
     0.559874   -2.000000    2.330339   40.483257  -23.822829
     0.559874   -2.000000   29.026018   32.613104   11.319561
     0.559874   -2.000000   35.407505    1.365334  -12.613053
     0.559874   -2.000000    2.907530   27.513338    2.096744
     0.559874   -2.000000  -31.496853  -24.545427  -12.062537
     0.559874   -2.000000  -27.291194  -24.276343  -13.151886
     0.559874   -2.000000   40.436478    8.305809   27.578963
     0.559874   -2.000000   30.653094   -7.096015   13.333034
     0.559874   -2.000000  -10.233224  -30.157170   33.656650
     0.559874   -2.000000  -28.773747    5.510912  -10.207179
     0.559874   -2.000000   31.955449   16.119897  -14.529516
     0.559874   -2.000000  -30.168010   15.041927  -31.145971
     0.559874   -2.000000  -26.281039  -31.127853  -39.617218
     0.559874   -2.000000  -37.252802   -1.087401  -23.035959
     0.559874   -2.000000  -20.110761   29.827655   39.232273
     0.559874   -2.000000   -8.946942   35.129495  -38.177379
     0.559874   -2.000000   23.330468  -30.136922  -34.932467
     0.559874   -2.000000  -27.663249   -1.756999   18.538986
     0.559874   -2.000000   31.498077  -31.396531   13.920030
     0.559874   -2.000000   -1.466034   22.810033  -36.500120
     0.559874   -2.000000  -39.549814  -20.130591  -34.143882
     0.559874   -2.000000   -2.397639  -39.715990   -2.739375
     0.559874   -2.000000   23.141685   -7.398622  -11.215534
     0.559874   -2.000000   13.218996  -35.831670  -37.632266
     0.559874   -2.000000  -36.091900   12.343337  -29.760615
     0.559874   -2.000000   23.715615   12.487160  -26.897308
     0.559874   -2.000000   16.388799    6.846803   14.717055
     0.559874   -2.000000    2.611962  -24.119371  -16.511004
     0.559874   -2.000000   -4.012266  -29.351837  -28.215570
     0.559874   -2.000000  -28.363795   27.359744   39.795686
     0.559874   -2.000000    7.816691    9.566513  -26.807939
     0.559874   -2.000000  -17.963373   25.011078   12.579475
     0.559874   -2.000000   39.601396  -37.785199   10.456903
     0.559874   -2.000000  -26.871369   -4.003980   -5.568441
     0.559874   -2.000000  -23.368432   16.993623   24.191445
     0.559874   -2.000000   33.111158   28.753525  -40.600496
     0.559874   -2.000000   33.076189   32.012603  -26.251756
     0.559874   -2.000000   -3.361051   19.998223  -33.146501
     0.559874   -2.000000  -13.344573   18.756597  -23.144121
     0.559874   -2.000000    2.415319   24.039833  -17.558029
     0.559874   -2.000000   36.079966    4.661050   34.460562
     0.559874   -2.000000   11.442940  -29.736700   38.284030
     0.559874   -2.000000  -30.727021  -20.909620   -3.656512
     0.559874   -2.000000    9.433017  -19.158475  -34.476466
     0.559874   -2.000000    8.581594  -27.358421   22.994003
     0.559874   -2.000000    6.400942  -30.016437  -20.132026
     0.559874   -2.000000  -13.336087  -27.033326  -21.027049
     0.559874   -2.000000    0.642967   -7.671664   22.040764
     0.559874   -2.000000  -14.731467   26.717702  -25.470737
     0.559874   -2.000000  -32.375226   17.957323   38.713660
     0.559874   -2.000000   28.440951  -36.972391  -31.761652
     0.559874   -2.000000  -32.888721  -39.619444  -17.275567
     0.559874   -2.000000   14.581050   29.748387   38.706010
