 210,  20.435402749381385
    31  -0.498112E+03  0.125130E+02  0.103667E+02  0.214629E+01  0.056
     0.559874    2.000000   -2.919277   -0.593377   -0.847473
     0.559874    2.000000    0.105703   -1.844058    0.043372
     0.559874    2.000000   -1.633736    1.246153   -0.371318
     0.559874    2.000000   -1.515995   -1.114505   -1.710297
     0.559874    2.000000   36.752904   -9.584059  -17.723701
     0.559874    2.000000   32.099535   40.811550  -11.969967
     0.559874    2.000000   19.454509   38.355132   30.159342
     0.559874    2.000000  -20.426144  -35.239680   33.361870
     0.559874    2.000000   37.531651  -24.644952   31.196551
     0.559874    2.000000    1.602955  -10.942554   16.194176
     0.559874    2.000000    2.742910   -2.017068    0.280436
     0.559874    2.000000  -16.081454   28.932990    1.386403
     0.559874    2.000000   25.260738  -20.043908  -12.985542
     0.559874    2.000000   -9.143016  -26.548651  -36.731075
     0.559874    2.000000  -32.428007  -18.563161    0.452472
     0.559874    2.000000  -23.090936   22.158660    9.668496
     0.559874    2.000000    2.016289    1.787770    1.280167
     0.559874    2.000000   39.625512   11.419299    8.387552
     0.559874    2.000000   36.599876   -9.445637  -12.477937
     0.559874    2.000000    3.108404   -1.101776    0.271904
     0.559874    2.000000   31.597821   17.388465    3.393903
     0.559874    2.000000   -0.008968   -1.027269   -0.872232
     0.559874    2.000000  -27.483605   23.543055   37.496597
     0.559874    2.000000   -0.143758  -36.445009  -25.389657
     0.559874    2.000000   37.557878  -20.138471   35.765129
     0.559874    2.000000   -1.011650    2.817388   -1.032934
     0.559874    2.000000   -0.401176   27.467290  -25.495479
     0.559874    2.000000    0.836471    0.442912   -1.168417
     0.559874    2.000000  -23.423308  -24.332449   33.447397
     0.559874    2.000000   38.462712   11.577402  -15.604970
     0.559874    2.000000    0.170897   -1.867048   -1.008644
     0.559874    2.000000    1.917153    0.771383    0.116235
     0.559874    2.000000   -2.681409    3.420619  -39.186777
     0.559874    2.000000  -19.112097  -26.556504   38.152915
     0.559874    2.000000   -1.290427    1.405123    1.122755
     0.559874    2.000000   -3.939833   34.598747   15.876579
     0.559874    2.000000  -12.734009  -18.885175    3.271489
     0.559874    2.000000    2.788756   -0.003421   -0.635364
     0.559874    2.000000   37.444236   35.674099    0.127708
     0.559874    2.000000   -5.474232   39.264231   -3.039225
     0.559874    2.000000   20.172866   -1.474018    2.623096
     0.559874    2.000000    0.382616    3.235696   -1.294314
     0.559874    2.000000   12.710223  -35.307916    0.872096
     0.559874    2.000000   37.182267   32.956898   27.457538
     0.559874    2.000000   -3.040614    0.026070    1.109822
     0.559874    2.000000  -19.382121   -6.272149  -37.866194
     0.559874    2.000000  -36.457362  -21.058952    9.700752
     0.559874    2.000000  -40.620553   37.149525  -15.123373
     0.559874    2.000000   29.470111   -1.283048   36.969794
     0.559874    2.000000  -36.258603    8.777861  -24.023936
     0.559874    2.000000   -0.008650    0.012288    0.345819
     0.559874    2.000000  -37.068780   -3.658466   -9.249486
     0.559874    2.000000   28.388015   33.621392  -16.372862
     0.559874    2.000000    0.077857   -2.596849    0.095617
     0.559874    2.000000  -32.075985   36.112250    3.038403
     0.559874    2.000000   18.030635   37.879060   27.994720
     0.559874    2.000000   23.237652   19.757380  -36.566777
     0.559874    2.000000    8.434022   23.474396   35.796672
     0.559874    2.000000   16.676461    7.155128   27.671087
     0.559874    2.000000    1.275960    2.523896   -0.764884
     0.559874    2.000000  -37.756733  -34.712371  -12.794919
     0.559874    2.000000  -12.801711   16.759860   27.798372
     0.559874    2.000000   38.919996  -35.265835  -35.583332
     0.559874    2.000000   -3.426250   30.800940   32.135669
     0.559874    2.000000   34.193211   15.975124  -25.528397
     0.559874    2.000000  -13.609567    7.490483   10.816692
     0.559874    2.000000   21.735487   27.964065  -21.270399
     0.559874    2.000000    1.014878   -4.110126    1.365206
     0.559874    2.000000  -11.003819   40.139938    7.766302
     0.559874    2.000000   -2.213796    3.460106  -20.000328
     0.559874    2.000000    7.414234   40.009234  -28.134317
     0.559874    2.000000   -1.480445   -2.433352    0.556871
     0.559874    2.000000   -0.650289   -1.122776    1.467031
     0.559874    2.000000  -21.946716  -35.879615   19.401586
     0.559874    2.000000  -27.703154   13.667450   22.527400
     0.559874    2.000000    0.008899    2.732649    1.333109
     0.559874    2.000000  -33.440281  -22.858743  -20.644509
     0.559874    2.000000  -17.860710   24.098041   38.561333
     0.559874    2.000000  -22.990382  -26.089484  -34.119502
     0.559874    2.000000  -12.566108   29.696223    9.439128
     0.559874    2.000000   15.446280  -10.882301    2.643753
     0.559874    2.000000   33.167744    6.298880  -25.472738
     0.559874    2.000000   31.739161   40.631523   -6.491454
     0.559874    2.000000    8.798599   14.864300   39.776728
     0.559874    2.000000  -16.907101   -8.787959   34.872238
     0.559874    2.000000   34.307016   30.029247   17.606810
     0.559874    2.000000  -25.631350  -10.672283   28.550279
     0.559874    2.000000  -35.749943   19.551878   -9.386552
     0.559874    2.000000  -17.933810  -33.888104  -16.818916
     0.559874    2.000000   36.083518  -33.196143  -27.247493
     0.559874    2.000000    0.040479   -0.016668   -0.508761
     0.559874    2.000000   -0.532286    1.122842   -1.997545
     0.559874    2.000000  -17.986192   -4.729680  -11.099147
     0.559874    2.000000  -20.894168  -34.286709   27.474669
     0.559874    2.000000  -16.801427   35.606460  -22.355250
     0.559874    2.000000   -7.418010  -32.192493   10.041914
     0.559874    2.000000   40.307427    9.923755   21.149560
     0.559874    2.000000   11.041011  -23.455137   -8.135541
     0.559874    2.000000   20.097890  -26.188778   20.965954
     0.559874    2.000000  -33.300957   36.650475   16.048028
     0.559874    2.000000   25.752270   39.965999  -23.377406
     0.559874    2.000000  -37.416937   20.557331  -26.830662
     0.559874    2.000000   -5.440252   25.389713  -14.269707
     0.559874    2.000000    1.433280   29.114017   -3.942012
     0.559874    2.000000  -39.845826   29.143143   33.943885
     0.559874    2.000000  -14.937074    1.830362   -1.134799
     0.559874    2.000000    0.844954   -5.702041   -6.656720
     0.559874    2.000000   39.248691   -1.592131   38.358191
     0.559874    2.000000    0.325246    0.117600    0.948890
     0.559874    2.000000   27.994162  -35.267082   19.780694
     0.559874    2.000000  -30.378471   29.681437    3.262606
     0.559874    2.000000    2.333190   -1.762547   -1.113856
     0.559874    2.000000   29.405655   -8.933951   10.650047
     0.559874    2.000000    9.482248  -21.531639   27.961837
     0.559874    2.000000   -1.020360    0.459121   -1.060221
     0.559874    2.000000   29.623277   29.125300   21.856203
     0.559874    2.000000  -10.013424    5.786963   14.555678
     0.559874    2.000000  -17.213109    0.298849    7.291459
     0.559874    2.000000   28.228227  -36.296635   12.773491
     0.559874    2.000000  -12.642775    3.245210  -34.310514
     0.559874   -2.000000   21.340428   33.215358  -16.646530
     0.559874   -2.000000   28.429481    4.438609  -30.301530
     0.559874   -2.000000   -0.748513    9.410698  -23.625399
     0.559874   -2.000000   36.639915  -35.911401  -38.973889
     0.559874   -2.000000   34.695280  -18.014491  -27.720688
     0.559874   -2.000000  -37.071395  -17.630560  -37.446943
     0.559874   -2.000000  -31.139043   17.817159   39.768427
     0.559874   -2.000000   38.451765   33.391141   21.298146
     0.559874   -2.000000   17.845888    5.184577  -14.422380
     0.559874   -2.000000  -20.738700   39.299968  -31.882226
     0.559874   -2.000000   25.537154    0.408583   30.588722
     0.559874   -2.000000   29.196824   28.849689   21.594816
     0.559874   -2.000000   -1.474654  -24.777624  -38.216001
     0.559874   -2.000000  -17.638749   -1.298540   26.157379
     0.559874   -2.000000    9.668637  -38.045259   36.621046
     0.559874   -2.000000  -37.687758  -17.525084   16.690820
     0.559874   -2.000000   26.854511    5.227744    0.080865
     0.559874   -2.000000  -25.713030   -3.400797   33.236818
     0.559874   -2.000000  -39.186007   30.683464  -17.763698
     0.559874   -2.000000    4.696490  -39.751058    4.676914
     0.559874   -2.000000   28.071897   20.721276   14.799286
     0.559874   -2.000000  -21.507824  -36.103820   19.690721
     0.559874   -2.000000   36.980143   29.701066   29.844939
     0.559874   -2.000000   -9.933689  -37.294412   30.012014
     0.559874   -2.000000   33.717704  -15.577985   16.552604
     0.559874   -2.000000   12.837903   37.054659   20.495039
     0.559874   -2.000000   26.833656  -36.061627  -10.866923
     0.559874   -2.000000  -16.863868   24.206187   38.659447
     0.559874   -2.000000  -24.533648    6.199590   -3.768162
     0.559874   -2.000000   26.799194   -4.652584    2.943730
     0.559874   -2.000000   22.585045   -7.896110  -23.167271
     0.559874   -2.000000  -25.869859   22.534201   20.491381
     0.559874   -2.000000  -13.373935    7.748032   10.278781
     0.559874   -2.000000  -20.774476  -34.976405   33.730898
     0.559874   -2.000000  -36.132597   18.511670  -20.207493
     0.559874   -2.000000   -3.958881   31.259791   32.438351
     0.559874   -2.000000    4.168076  -17.680354   31.836070
     0.559874   -2.000000  -19.275897   -5.671919    7.022372
     0.559874   -2.000000  -17.516463   29.662521    8.792154
     0.559874   -2.000000    3.745359  -20.343487   40.429732
     0.559874   -2.000000   12.149618   -8.872909    8.092220
     0.559874   -2.000000  -29.748190   21.906508  -23.350744
     0.559874   -2.000000  -33.046048   -5.926783   -8.673827
     0.559874   -2.000000   19.109988   11.658605   15.115342
     0.559874   -2.000000   15.286325    1.612352  -16.187534
     0.559874   -2.000000   31.782502   25.019753  -24.066317
     0.559874   -2.000000  -38.770890   -1.289052   23.856186
     0.559874   -2.000000    2.653145   -7.967607   -2.558349
     0.559874   -2.000000  -32.657813   35.766563    2.099342
     0.559874   -2.000000  -10.114130    7.962638   34.753496
     0.559874   -2.000000  -29.068913   28.214298  -18.043151
     0.559874   -2.000000   20.073268  -21.465462   39.778374
     0.559874   -2.000000   -4.557547  -27.745364    3.869548
     0.559874   -2.000000   18.408749   -9.348806   14.854242
     0.559874   -2.000000  -32.235999  -17.912619    0.515184
     0.559874   -2.000000  -14.793953   23.967423   -2.428353
     0.559874   -2.000000   -7.625832   39.289151   35.290893
     0.559874   -2.000000  -35.969429  -39.552525   23.004676
     0.559874   -2.000000   -7.094802    1.693105    5.997964
     0.559874   -2.000000  -27.636622   31.254504   -3.037931
     0.559874   -2.000000   20.107448  -21.586541  -16.776383
     0.559874   -2.000000   -0.364206   26.497892  -26.455393
     0.559874   -2.000000  -14.143844  -22.939415   -8.061341
     0.559874   -2.000000  -22.831100   25.128924  -40.339195
     0.559874   -2.000000   20.785008    7.484230   26.653435
     0.559874   -2.000000  -12.601026   21.086139  -40.458497
     0.559874   -2.000000   -8.740403   16.433197  -20.726396
     0.559874   -2.000000   34.517120   37.717054    9.265905
     0.559874   -2.000000   -3.060997   28.167743   -1.539153
     0.559874   -2.000000  -36.846460   -7.744491   -9.583333
     0.559874   -2.000000  -10.720974  -35.768468   -1.047605
     0.559874   -2.000000   32.501798   32.084333  -27.005170
     0.559874   -2.000000   32.286932   35.333777   -5.370827
     0.559874   -2.000000  -30.750846   26.733073   24.997279
     0.559874   -2.000000  -26.387619   16.327344   16.648173
     0.559874   -2.000000   18.066453  -31.908935   -9.398059
     0.559874   -2.000000   24.366338   32.033871   17.858665
     0.559874   -2.000000   34.068079   26.479392   19.547275
     0.559874   -2.000000   10.629428   34.444862    5.590364
     0.559874   -2.000000    9.273935   15.136478  -34.989135
     0.559874   -2.000000    3.215147  -12.300329   20.203879
     0.559874   -2.000000   31.939946  -10.923395   35.011745
     0.559874   -2.000000   -5.575517  -21.818640  -23.033899
     0.559874   -2.000000    2.787732   34.966026   35.342043
     0.559874   -2.000000  -38.539631  -35.777947    4.787133
     0.559874   -2.000000   -8.347368   20.576420  -17.238321
     0.559874   -2.000000    1.228880  -39.957668   15.499291
     0.559874   -2.000000   17.023139    7.537519    5.548554
     0.559874   -2.000000  -34.387490   -8.901817  -16.995705
     0.559874   -2.000000   39.371244   10.026985  -13.468998
