 210,  20.435402749381385
    31  -0.496301E+03  0.194486E+02  0.177016E+02  0.174708E+01  0.092
     0.559874    2.000000   -1.217296  -30.711607   -5.908756
     0.559874    2.000000   -0.158786    0.017373    0.513808
     0.559874    2.000000  -18.447682   35.388375  -33.149085
     0.559874    2.000000  -30.239175  -27.308967   33.570278
     0.559874    2.000000   27.323640   -4.936403   30.781439
     0.559874    2.000000    2.651320    2.512186   -1.253350
     0.559874    2.000000   20.648562  -33.165311  -21.112182
     0.559874    2.000000   -8.475188   34.784872   37.311016
     0.559874    2.000000   22.808730   -4.245691   38.316975
     0.559874    2.000000   21.294900  -17.454652   11.707368
     0.559874    2.000000  -34.561331  -26.159917   11.979252
     0.559874    2.000000  -11.386875  -17.099502  -40.655130
     0.559874    2.000000    0.854976   -2.559570    0.592474
     0.559874    2.000000    8.299801  -33.102148   21.154035
     0.559874    2.000000    0.332174   -1.392663   -1.138692
     0.559874    2.000000  -38.267597  -23.425833  -20.779375
     0.559874    2.000000    4.608293  -28.223657  -15.789588
     0.559874    2.000000   23.497785   -0.622921    7.238424
     0.559874    2.000000    9.705668   19.522152  -25.231802
     0.559874    2.000000  -35.456291  -40.539734   31.147440
     0.559874    2.000000   37.510737  -27.012136  -36.878484
     0.559874    2.000000  -31.629690  -34.951570  -34.049073
     0.559874    2.000000  -24.005724    2.992162   16.609221
     0.559874    2.000000   -1.044018    1.909921   -1.323363
     0.559874    2.000000   39.858979  -18.826529  -32.690889
     0.559874    2.000000  -31.084375   -3.931753  -22.565959
     0.559874    2.000000    0.153653    0.558751    1.416943
     0.559874    2.000000   -4.329290   -3.710421    1.136776
     0.559874    2.000000  -31.041794  -20.344260  -22.169805
     0.559874    2.000000    7.044627    4.074712  -27.029253
     0.559874    2.000000   28.374570  -40.510578  -16.386342
     0.559874    2.000000   29.535677   18.628551   -2.453508
     0.559874    2.000000  -24.260240   34.997602   13.320581
     0.559874    2.000000   -0.893242    0.653314   -0.927116
     0.559874    2.000000  -30.865183   -4.555695   38.909839
     0.559874    2.000000   31.935674  -19.172115  -36.454691
     0.559874    2.000000   11.234926    2.127061  -40.206463
     0.559874    2.000000   28.297660  -29.358641  -11.140224
     0.559874    2.000000  -26.404059   24.746165    9.065926
     0.559874    2.000000  -16.358979   25.904213  -33.439264
     0.559874    2.000000   35.611212    9.625514    8.325227
     0.559874    2.000000   -1.627891   -0.369670    1.958358
     0.559874    2.000000  -21.874457  -22.157631   22.721844
     0.559874    2.000000   14.420588   32.666328  -12.904774
     0.559874    2.000000   38.715333  -13.237568   -8.004407
     0.559874    2.000000    2.242260    0.571553    1.155788
     0.559874    2.000000    0.900300    0.327555   -1.036365
     0.559874    2.000000  -24.866732   33.665847    2.523416
     0.559874    2.000000   -0.034502   -1.236617    0.884162
     0.559874    2.000000  -22.273962  -26.401885   34.037857
     0.559874    2.000000  -10.908246    7.816548  -15.373490
     0.559874    2.000000  -24.016198   -5.714988  -14.782011
     0.559874    2.000000   -2.724400  -31.232107  -30.071160
     0.559874    2.000000  -26.990447   13.097471    9.409721
     0.559874    2.000000  -20.356947    1.178304   33.240520
     0.559874    2.000000  -30.893225  -16.990980    7.523926
     0.559874    2.000000   -1.821396    0.173492   -1.684941
     0.559874    2.000000    2.440294  -12.729243  -37.427304
     0.559874    2.000000   -0.315462  -11.017462  -15.325308
     0.559874    2.000000   -1.225756    0.617407    0.922625
     0.559874    2.000000   29.785214  -22.848976   15.667252
     0.559874    2.000000  -32.637499  -22.753038   -2.369164
     0.559874    2.000000   17.973676    4.777439  -34.755498
     0.559874    2.000000   -1.822838   39.616316  -23.131560
     0.559874    2.000000    1.826750   -2.373639   -1.385428
     0.559874    2.000000   18.852518   -1.887426   18.310353
     0.559874    2.000000    2.591878   -0.541281   -4.910393
     0.559874    2.000000   -0.273802    2.813835   -1.454319
     0.559874    2.000000   22.072683   29.530598   38.960582
     0.559874    2.000000    9.287434  -29.222665  -33.817866
     0.559874    2.000000   -0.598600   -2.247917   -0.331249
     0.559874    2.000000   -3.221840   -0.613212    0.683131
     0.559874    2.000000  -32.799420  -38.478479   12.557970
     0.559874    2.000000   14.985077   11.516301   32.779679
     0.559874    2.000000   35.232024   19.585841    5.913580
     0.559874    2.000000   10.645607   37.744624  -13.849495
     0.559874    2.000000    2.438923    4.360195  -17.317593
     0.559874    2.000000  -31.476120   10.710657    9.576510
     0.559874    2.000000   -8.003966  -18.939158    6.288626
     0.559874    2.000000  -14.157433    6.440483    0.939615
     0.559874    2.000000   30.433370  -11.630122   -7.203410
     0.559874    2.000000   11.661535  -33.959046   11.340512
     0.559874    2.000000   35.166764  -17.920366   16.095043
     0.559874    2.000000   11.227394  -14.087906    3.954689
     0.559874    2.000000   31.689409    9.402626   10.768110
     0.559874    2.000000   -2.185845  -23.031126   39.469426
     0.559874    2.000000    1.026076    2.462891    1.300160
     0.559874    2.000000   -0.045474   -1.671271    0.213989
     0.559874    2.000000   10.988309  -10.286887   12.639037
     0.559874    2.000000   33.671341  -16.918934   -0.238472
     0.559874    2.000000   -2.793037   -2.071637    0.160793
     0.559874    2.000000    3.283664   -1.292311   -0.974446
     0.559874    2.000000   -0.101141    0.082736   -0.386859
     0.559874    2.000000   -6.229424   -2.004707    8.953442
     0.559874    2.000000   13.700413   11.225836   20.331469
     0.559874    2.000000  -25.301318   -7.470179   -7.293993
     0.559874    2.000000    9.318007   15.651023  -24.383051
     0.559874    2.000000  -15.901547  -20.474965  -28.665154
     0.559874    2.000000  -13.600461   -0.361959  -38.218571
     0.559874    2.000000   32.584917    5.736616    6.314456
     0.559874    2.000000   -8.304701   39.690224   -5.096200
     0.559874    2.000000   24.534310  -32.141348  -36.389658
     0.559874    2.000000  -25.634180   34.170175  -36.851022
     0.559874    2.000000  -35.969202   21.135498   -4.023364
     0.559874    2.000000  -35.788114   11.646488   30.046670
     0.559874    2.000000    2.351382   27.198546   21.628560
     0.559874    2.000000    1.869270   -0.261772   -1.524266
     0.559874    2.000000   -1.960774   -6.640078  -19.041430
     0.559874    2.000000    1.750000    0.886177    0.368278
     0.559874    2.000000  -23.488804   39.017544   31.309684
     0.559874    2.000000   -2.077285    0.750285    0.398870
     0.559874    2.000000    6.989669  -14.410777   -7.975801
     0.559874    2.000000    1.657919    1.134305   -0.522846
     0.559874    2.000000   -0.986139    3.046513    0.801948
     0.559874    2.000000  -21.496177   15.926468   14.721508
     0.559874    2.000000   15.235967   -5.192872   19.693738
     0.559874    2.000000   -4.885865    7.332882  -40.225193
     0.559874    2.000000  -39.796392   19.625585  -37.094334
     0.559874    2.000000    5.843927   22.625422   23.224610
     0.559874    2.000000   11.969068    7.493691   39.294190
     0.559874   -2.000000   39.785020   26.458304    4.922834
     0.559874   -2.000000  -35.178535  -21.166020  -11.730346
     0.559874   -2.000000  -37.239063   19.504483   20.889780
     0.559874   -2.000000   14.238898   12.475685   40.595964
     0.559874   -2.000000   40.241587  -35.105922    5.873227
     0.559874   -2.000000   30.937535   -8.416915   -2.080327
     0.559874   -2.000000  -36.389966    0.775670  -34.312867
     0.559874   -2.000000    4.528207  -24.168442    3.908524
     0.559874   -2.000000    5.627795    6.663250  -38.797998
     0.559874   -2.000000   39.482894  -40.791321  -10.740705
     0.559874   -2.000000   23.565986    0.305071    7.254488
     0.559874   -2.000000   -8.094143  -12.663923  -14.781404
     0.559874   -2.000000   24.800752   -4.907123  -38.414382
     0.559874   -2.000000   18.751211   -4.948724   10.739211
     0.559874   -2.000000  -30.172489    1.504527   30.362922
     0.559874   -2.000000  -19.121187  -34.940712  -15.765620
     0.559874   -2.000000  -21.893747    0.087312  -15.115280
     0.559874   -2.000000   11.398371   29.299543   36.546631
     0.559874   -2.000000   22.726955    9.938981  -37.383834
     0.559874   -2.000000  -30.271325   -7.237995  -29.849072
     0.559874   -2.000000   33.285754  -25.573827  -17.051344
     0.559874   -2.000000  -19.190725   40.087565   27.319912
     0.559874   -2.000000   12.830361   11.071073   20.205554
     0.559874   -2.000000  -31.233148  -21.275086   -1.737811
     0.559874   -2.000000    5.433179  -15.046832  -17.276679
     0.559874   -2.000000  -25.550238  -21.281513  -26.302703
     0.559874   -2.000000  -24.640107   -8.095921   -7.507962
     0.559874   -2.000000   25.557453  -10.796007   32.412187
     0.559874   -2.000000  -32.236549   10.589809   -4.257743
     0.559874   -2.000000   25.049555  -15.984678   27.135973
     0.559874   -2.000000   16.782772   35.130563  -27.431478
     0.559874   -2.000000   17.517846    0.029294   40.340275
     0.559874   -2.000000    3.597737    1.057644   -3.926259
     0.559874   -2.000000  -17.026908  -39.692395  -34.067047
     0.559874   -2.000000  -24.862905  -20.368121  -15.032129
     0.559874   -2.000000    9.645610  -18.080331  -33.089256
     0.559874   -2.000000   -5.222616    7.131309  -39.548207
     0.559874   -2.000000  -36.541636  -17.441018  -39.405033
     0.559874   -2.000000  -33.115876   26.244882    9.677457
     0.559874   -2.000000   -2.529183  -26.163388  -31.042449
     0.559874   -2.000000  -19.119750  -33.250044   28.426985
     0.559874   -2.000000   21.913617    7.326496  -32.404795
     0.559874   -2.000000    6.742267    3.457552  -17.874437
     0.559874   -2.000000   31.025668  -10.716169   -7.689937
     0.559874   -2.000000  -26.290529  -16.132863  -19.830827
     0.559874   -2.000000   -0.291114   -1.073402    6.528560
     0.559874   -2.000000   14.921414  -18.003443    5.837164
     0.559874   -2.000000    2.411107    0.111079   -6.445231
     0.559874   -2.000000  -23.884518   -7.318488  -14.547607
     0.559874   -2.000000   20.460979  -39.752628   -4.695009
     0.559874   -2.000000  -25.519740   37.583472   36.434412
     0.559874   -2.000000  -15.232932   -8.835075   -7.501922
     0.559874   -2.000000  -33.886366  -37.118686   22.517458
     0.559874   -2.000000   -8.689197   40.418414   -5.969509
     0.559874   -2.000000   27.884661   -0.592236    4.828447
     0.559874   -2.000000  -32.571799    1.047685   -8.791299
     0.559874   -2.000000   16.920729   17.002041   22.098377
     0.559874   -2.000000   -1.409425   -0.408488  -16.278494
     0.559874   -2.000000   35.751669   16.860179   35.475999
     0.559874   -2.000000  -17.862223   32.246144   29.810605
     0.559874   -2.000000  -30.053314  -27.709293   13.445845
     0.559874   -2.000000  -21.008717   11.014519  -27.049936
     0.559874   -2.000000    9.185717  -33.213014   -0.839557
     0.559874   -2.000000   39.678051    6.630551   31.422432
     0.559874   -2.000000  -30.981389   -4.493167  -21.094464
     0.559874   -2.000000   -5.428142   19.135624  -21.928304
     0.559874   -2.000000    2.627961  -31.913378  -37.239224
     0.559874   -2.000000   -6.281431   29.399612   35.223766
     0.559874   -2.000000   31.891138  -23.601200  -31.829491
     0.559874   -2.000000  -28.815037  -20.264114   17.146507
     0.559874   -2.000000  -27.170809   -9.605772   40.544567
     0.559874   -2.000000   39.177617   -5.145394  -12.878245
     0.559874   -2.000000   35.779328  -32.079907  -18.132407
     0.559874   -2.000000   -2.713298  -29.148241  -33.524180
     0.559874   -2.000000   18.378084  -35.068778  -35.900492
     0.559874   -2.000000  -13.018905  -39.081854  -19.741101
     0.559874   -2.000000   23.719346    3.270457   20.417045
     0.559874   -2.000000  -25.907890   24.966890    8.304624
     0.559874   -2.000000  -31.794891  -15.974490   15.832754
     0.559874   -2.000000    8.394585    1.049412   31.706810
     0.559874   -2.000000    8.787469   38.396109   26.554196
     0.559874   -2.000000   -4.841922  -22.382083   26.757187
     0.559874   -2.000000   36.724626  -18.362633    4.131993
     0.559874   -2.000000   12.265299  -36.303297  -11.499990
     0.559874   -2.000000   28.193391   27.163671   -3.406082
     0.559874   -2.000000   -8.589617   31.218450   24.424491
     0.559874   -2.000000   19.773484   30.913359  -40.082047
     0.559874   -2.000000    2.734411    8.302413   16.398374
     0.559874   -2.000000   34.463300    2.446222   28.708681
     0.559874   -2.000000   -4.233191   36.745878  -12.879899
