 210,  20.435402749381385
    31  -0.496731E+03  0.225202E+02  0.219093E+02  0.610951E+00  0.154
     0.559874    2.000000   21.438968    9.022599   25.147554
     0.559874    2.000000  -17.091771   -4.939600  -34.590745
     0.559874    2.000000    2.181773   -1.063195    1.664125
     0.559874    2.000000   -1.147322   -0.410727   -1.578446
     0.559874    2.000000   27.715106   24.102754  -15.070726
     0.559874    2.000000   -2.312172  -32.349957  -16.872181
     0.559874    2.000000   -5.293280    2.660696   39.385579
     0.559874    2.000000  -19.440770  -13.830705  -22.024751
     0.559874    2.000000   -6.078276  -38.605458  -39.388227
     0.559874    2.000000   27.366817   18.896130   22.476698
     0.559874    2.000000  -18.462132   29.336476  -35.016098
     0.559874    2.000000   -8.776909  -12.693714    9.380326
     0.559874    2.000000    7.862068   -9.390712   13.464355
     0.559874    2.000000   14.713613   -8.012554   -1.030965
     0.559874    2.000000   21.401230   25.058243   17.068612
     0.559874    2.000000   29.238113   -2.084059   34.197723
     0.559874    2.000000  -10.065506  -16.164654  -26.021929
     0.559874    2.000000   28.002474  -33.083510  -14.994227
     0.559874    2.000000   36.636690  -18.478931   33.537892
     0.559874    2.000000    8.545320   38.984908  -27.318356
     0.559874    2.000000   23.613478  -38.695395   14.738794
     0.559874    2.000000   -1.405692   -7.264834    3.798493
     0.559874    2.000000  -37.463842   19.519402   10.657577
     0.559874    2.000000   -1.273247    0.615251    1.167560
     0.559874    2.000000    3.234651   16.844020   35.553912
     0.559874    2.000000    0.044192   -0.860971   -0.926281
     0.559874    2.000000  -15.678576   22.982956    4.564070
     0.559874    2.000000    2.735689   12.745699  -40.286327
     0.559874    2.000000  -37.074635  -37.112054  -23.699717
     0.559874    2.000000  -29.599513   22.868863   32.161014
     0.559874    2.000000  -40.574193   25.244430   -0.309140
     0.559874    2.000000   20.777483   27.982822   -4.447892
     0.559874    2.000000   -9.006834   -0.654183  -21.129315
     0.559874    2.000000   -2.231254    0.664324   -0.531330
     0.559874    2.000000   27.096248  -26.931221  -24.304906
     0.559874    2.000000    1.776164    2.041676   -0.191171
     0.559874    2.000000   -0.078826    0.149722    0.445519
     0.559874    2.000000  -39.099479   34.417862  -10.688265
     0.559874    2.000000  -11.425402  -24.055483   -0.324287
     0.559874    2.000000   -0.765969  -28.618247   -6.197063
     0.559874    2.000000    6.722018   14.204664  -28.714599
     0.559874    2.000000  -35.797243  -28.666248    9.652883
     0.559874    2.000000  -23.477374  -13.193269   -8.135733
     0.559874    2.000000   35.130908   26.096679   21.075831
     0.559874    2.000000    1.524392    0.803732   -0.033236
     0.559874    2.000000   37.249476   13.797647  -34.119736
     0.559874    2.000000    7.055583    0.828115   -6.213437
     0.559874    2.000000   -8.519149  -35.754034  -39.959721
     0.559874    2.000000  -12.204372  -38.821012  -38.539253
     0.559874    2.000000   38.093941    5.375538   31.037164
     0.559874    2.000000   15.772560   39.388632   31.838725
     0.559874    2.000000   -4.196663    6.796872   -5.451499
     0.559874    2.000000   19.027942  -21.048316   -2.006978
     0.559874    2.000000    7.276580   20.328610    2.779861
     0.559874    2.000000    3.038178   -1.779971    0.399101
     0.559874    2.000000   -6.742940   -3.393368   12.665000
     0.559874    2.000000   -3.119507    0.066177    0.170291
     0.559874    2.000000   -2.160531  -38.077946   18.394879
     0.559874    2.000000   -1.720921   -1.718925    1.478230
     0.559874    2.000000  -25.714836  -32.288074   -4.091145
     0.559874    2.000000    0.022042   -1.915120    0.066761
     0.559874    2.000000   18.373795  -24.077895  -10.236180
     0.559874    2.000000  -40.271043   31.373232  -27.372248
     0.559874    2.000000   37.952496  -16.611488   25.059289
     0.559874    2.000000    1.390747    5.153133    4.292446
     0.559874    2.000000   33.674798   34.324910  -11.479877
     0.559874    2.000000  -34.893502  -32.000801   14.120334
     0.559874    2.000000   -1.227374   -2.709826    0.244819
     0.559874    2.000000   24.696785   -3.169148  -21.484587
     0.559874    2.000000   11.532473   33.273701   16.354084
     0.559874    2.000000   -2.621758   -1.782249   -1.173158
     0.559874    2.000000   12.159901  -40.844600   39.563158
     0.559874    2.000000   35.077164  -24.846527   17.409522
     0.559874    2.000000    5.789395   22.516798  -29.852579
     0.559874    2.000000  -29.225352  -27.847328   -1.269737
     0.559874    2.000000  -36.393881    8.554631  -16.964364
     0.559874    2.000000   -6.032671  -35.840580   -4.817903
     0.559874    2.000000  -18.002896  -16.717060   20.682154
     0.559874    2.000000    4.321031   -4.991557  -13.717776
     0.559874    2.000000  -32.079674  -33.866021  -28.161436
     0.559874    2.000000   -0.185311  -32.041272  -19.907743
     0.559874    2.000000   27.276669  -11.635262   25.963037
     0.559874    2.000000    1.469365   -1.390824   -1.952839
     0.559874    2.000000  -30.424150  -19.950168   -3.271016
     0.559874    2.000000  -36.214949  -39.847654  -15.134203
     0.559874    2.000000  -27.464113   -3.546910   -0.482744
     0.559874    2.000000    1.135052    0.560633   -0.749448
     0.559874    2.000000  -34.529855  -36.200580  -37.307362
     0.559874    2.000000   23.555587   -3.319048  -34.340680
     0.559874    2.000000  -37.482207    7.344611   -7.926696
     0.559874    2.000000   -0.079459    2.987870   -2.085108
     0.559874    2.000000    8.383843  -38.271472    8.107854
     0.559874    2.000000   12.385139   37.200997   12.566701
     0.559874    2.000000   -0.805711    2.087253   -1.441241
     0.559874    2.000000   -5.429881   31.757096  -40.559820
     0.559874    2.000000  -21.690312   27.937528  -34.913843
     0.559874    2.000000  -32.847883   33.072368  -35.458930
     0.559874    2.000000    2.927641   -1.603664   -0.954801
     0.559874    2.000000    0.824424    0.475757    0.695161
     0.559874    2.000000  -31.957351    4.953731  -26.905122
     0.559874    2.000000  -39.033179   -7.239458  -12.580116
     0.559874    2.000000   31.604461    4.314751   24.851898
     0.559874    2.000000  -16.070326   -3.839959   29.193543
     0.559874    2.000000   35.134521   -4.467427   15.746559
     0.559874    2.000000   15.861564    5.614212  -14.810266
     0.559874    2.000000   -1.269018    0.719312   -0.474286
     0.559874    2.000000  -18.836759   22.842469  -30.333081
     0.559874    2.000000  -11.674264  -29.721609   24.787426
     0.559874    2.000000   -0.373509    2.751259    1.718022
     0.559874    2.000000   34.341785   17.620341   30.628544
     0.559874    2.000000   25.350734  -15.327975  -20.060400
     0.559874    2.000000  -12.952436  -23.013262  -40.031388
     0.559874    2.000000   -6.815457   -7.952799  -17.077898
     0.559874    2.000000   -0.558762   -2.355928   -0.842954
     0.559874    2.000000    3.715344    2.434918   -0.438590
     0.559874    2.000000   -1.639122    2.361566    0.216196
     0.559874    2.000000  -13.317821   10.928314  -38.495901
     0.559874    2.000000  -28.542880  -17.061807   23.001814
     0.559874    2.000000   -0.202258    0.278959   -1.039762
     0.559874    2.000000    0.069312   -1.018272    0.889184
     0.559874   -2.000000    5.830547   12.333448   40.807212
     0.559874   -2.000000   -0.439308    2.467987   -2.442716
     0.559874   -2.000000   -0.847786  -13.701871   36.857986
     0.559874   -2.000000   18.763067  -33.888913   19.515747
     0.559874   -2.000000  -37.637808  -38.217483  -11.631271
     0.559874   -2.000000    4.331150   -6.868466  -13.510110
     0.559874   -2.000000  -36.323469   20.967115  -36.740730
     0.559874   -2.000000    7.924803   19.998191    1.639565
     0.559874   -2.000000  -18.303231   21.552373  -28.478098
     0.559874   -2.000000  -24.906609   19.275319   -7.960349
     0.559874   -2.000000  -37.252445   21.328954  -25.496813
     0.559874   -2.000000  -37.250936  -40.381998   21.545925
     0.559874   -2.000000  -26.474113  -20.591162   -3.832500
     0.559874   -2.000000   14.174533  -12.012228   -2.142699
     0.559874   -2.000000    7.415794  -22.812486   12.199579
     0.559874   -2.000000   24.386825   -2.838931  -20.687128
     0.559874   -2.000000  -30.585854   24.445385   37.330465
     0.559874   -2.000000  -36.925971  -18.496929   -8.599593
     0.559874   -2.000000   25.926245  -33.816830  -13.371992
     0.559874   -2.000000   20.765656   20.120430   26.964822
     0.559874   -2.000000  -15.214089  -36.118504  -20.593254
     0.559874   -2.000000   -0.431499   29.377476    6.292074
     0.559874   -2.000000   12.018158   32.761134   19.596980
     0.559874   -2.000000   -0.063228  -30.535069   37.038222
     0.559874   -2.000000    3.114358   -2.231714   30.763130
     0.559874   -2.000000   -8.613541   -1.566376  -19.321181
     0.559874   -2.000000   -2.254119  -34.004409   -9.550213
     0.559874   -2.000000   -0.971954  -28.813225   -6.710373
     0.559874   -2.000000  -19.959488  -13.312954  -22.378672
     0.559874   -2.000000   14.249852   -5.130246   30.882997
     0.559874   -2.000000  -39.430725   14.015668    4.085998
     0.559874   -2.000000    9.916497   -1.247917   15.733339
     0.559874   -2.000000   -6.558874   -5.805201  -21.024520
     0.559874   -2.000000  -14.357883   25.900975   34.535119
     0.559874   -2.000000   24.120414   -3.724429   35.449439
     0.559874   -2.000000  -27.895384  -37.417995   29.111009
     0.559874   -2.000000  -10.235179   12.824374  -17.071257
     0.559874   -2.000000  -12.490951   -7.642375  -12.176752
     0.559874   -2.000000  -17.860002   -3.917877  -34.394557
     0.559874   -2.000000   -6.209472  -26.693214  -27.877264
     0.559874   -2.000000   20.150550  -29.794416  -36.965602
     0.559874   -2.000000   24.694676   24.531781   -4.328311
     0.559874   -2.000000  -21.790221  -21.829292    6.511048
     0.559874   -2.000000  -15.024092   32.906242  -19.912529
     0.559874   -2.000000  -34.308218  -36.725571    9.029751
     0.559874   -2.000000  -32.046534    5.727633   15.869053
     0.559874   -2.000000  -35.569039  -40.346955  -15.795062
     0.559874   -2.000000  -28.933289   13.512647  -21.417375
     0.559874   -2.000000  -38.303773   38.707716   33.322703
     0.559874   -2.000000   39.456182  -14.254147    6.723896
     0.559874   -2.000000    4.297809  -29.177533    2.987480
     0.559874   -2.000000   -5.831901    2.901728   39.309690
     0.559874   -2.000000   11.291093   37.968570   32.195294
     0.559874   -2.000000  -17.694829    4.614869   40.382315
     0.559874   -2.000000  -34.720507  -31.781502  -36.241995
     0.559874   -2.000000  -33.628669  -34.605933   12.858364
     0.559874   -2.000000  -10.968685   22.269439   -8.316890
     0.559874   -2.000000   -7.792840  -35.584559  -40.043805
     0.559874   -2.000000    5.782453   39.263913  -28.938510
     0.559874   -2.000000   25.760463  -15.130318  -33.794765
     0.559874   -2.000000   18.162696    6.970225   21.159159
     0.559874   -2.000000   33.430233    5.263963   31.869405
     0.559874   -2.000000  -38.932839   40.373177    1.792156
     0.559874   -2.000000   21.562355   32.663017   21.862859
     0.559874   -2.000000  -28.718300  -13.167946   39.224753
     0.559874   -2.000000   -5.806516    0.831294   14.664757
     0.559874   -2.000000   20.812342   -4.747392  -11.337421
     0.559874   -2.000000  -37.978820    4.607861   37.630672
     0.559874   -2.000000  -33.654307  -18.733635   -8.596085
     0.559874   -2.000000   24.212256  -20.336764   -7.327388
     0.559874   -2.000000  -19.934336   -8.435780  -12.090734
     0.559874   -2.000000   -7.116950   12.424803  -24.206673
     0.559874   -2.000000   35.603344  -16.283261   21.232165
     0.559874   -2.000000  -39.579092   36.834228    3.083670
     0.559874   -2.000000    0.696922   38.202069   35.340385
     0.559874   -2.000000   -1.728816   17.193036  -11.394409
     0.559874   -2.000000  -13.677916  -13.328920   14.141669
     0.559874   -2.000000  -39.733436   25.310566   -1.152003
     0.559874   -2.000000  -33.886599   -6.201150   34.470421
     0.559874   -2.000000  -34.903549   39.939638  -18.820374
     0.559874   -2.000000    9.152432  -34.236220   -9.081288
     0.559874   -2.000000   27.857468   24.198944  -15.628658
     0.559874   -2.000000  -17.967194  -38.975405  -26.686021
     0.559874   -2.000000  -38.698162   21.115560  -20.326610
     0.559874   -2.000000   21.489184    5.520070   25.545092
     0.559874   -2.000000  -26.377476  -29.760054   -3.264172
     0.559874   -2.000000   30.321043  -30.209739   29.763088
     0.559874   -2.000000   10.567081   15.887749  -26.260490
     0.559874   -2.000000   19.342124   27.525687   13.422100
     0.559874   -2.000000   15.871367   -1.592363  -16.131675
