 210,  20.435402749381385
    31  -0.490673E+03  0.233766E+01  0.673366E+01 -0.439600E+01  0.017
     0.559874    2.000000   30.768680  -39.809784    6.525618
     0.559874    2.000000   30.290012  -12.026755   -6.471487
     0.559874    2.000000   29.912198    1.539036  -29.728398
     0.559874    2.000000    1.487984    2.746401   -0.567213
     0.559874    2.000000    1.341548   18.185761   33.086640
     0.559874    2.000000    0.003234   -0.605217   -0.003448
     0.559874    2.000000   30.811546   36.388955   -9.301715
     0.559874    2.000000    8.532868  -37.940602   38.963704
     0.559874    2.000000  -40.807291  -40.205016   24.370060
     0.559874    2.000000   -3.105985  -18.446562   -9.900607
     0.559874    2.000000    1.184677    0.721183    0.138231
     0.559874    2.000000   15.531513   13.220849   30.104838
     0.559874    2.000000   -3.649543   36.489153   23.864416
     0.559874    2.000000   -6.143856   -4.568672  -34.722733
     0.559874    2.000000    1.053207    0.311707   -0.947546
     0.559874    2.000000   14.176502  -16.338044  -11.748248
     0.559874    2.000000  -34.042023    7.974771    8.142813
     0.559874    2.000000   31.525140  -26.364743  -37.955179
     0.559874    2.000000  -20.225275   -1.303013   38.431706
     0.559874    2.000000    1.420675    1.496319    1.398950
     0.559874    2.000000   -7.465643   13.397001    5.862116
     0.559874    2.000000    0.941346    1.635820   -1.413466
     0.559874    2.000000  -23.801281   21.196524   -4.024392
     0.559874    2.000000   -6.021147   25.115560   31.847995
     0.559874    2.000000  -18.360457  -19.999368  -14.505152
     0.559874    2.000000  -26.484019   35.103408  -17.129713
     0.559874    2.000000    7.538082   30.271034   -9.329307
     0.559874    2.000000  -17.594708   13.841126  -29.893161
     0.559874    2.000000  -34.482483  -26.870750   23.401240
     0.559874    2.000000   20.956013   33.190289   29.290523
     0.559874    2.000000   12.892989    7.703117  -25.239797
     0.559874    2.000000   23.126218  -10.402940   -1.457995
     0.559874    2.000000   20.476978  -38.386778  -26.344528
     0.559874    2.000000   32.042659   18.525717  -15.070462
     0.559874    2.000000   -1.388453    3.195439    0.403994
     0.559874    2.000000    1.163958  -29.534733   -8.741676
     0.559874    2.000000    1.341974   -2.857763   -0.410524
     0.559874    2.000000  -33.799227   39.885696  -24.877962
     0.559874    2.000000    1.798488   -1.535068    1.684982
     0.559874    2.000000   18.991775    6.940216   -6.817416
     0.559874    2.000000   35.450036  -26.520955    0.396984
     0.559874    2.000000  -22.033710   24.883129  -29.663152
     0.559874    2.000000   12.601722   31.811243    2.853733
     0.559874    2.000000  -35.809912  -25.345043    3.824909
     0.559874    2.000000   -7.387135  -27.829737  -13.993887
     0.559874    2.000000  -36.210790   -4.608402   40.693468
     0.559874    2.000000   -0.488705    0.280245   -0.144598
     0.559874    2.000000   -0.006140   -1.500078   -0.161984
     0.559874    2.000000   -2.418191   -2.426961   -0.865492
     0.559874    2.000000   -3.058210   -1.514759    1.391363
     0.559874    2.000000   -1.532364    2.190591   -1.155410
     0.559874    2.000000  -19.482976  -38.384670  -14.752698
     0.559874    2.000000  -23.197256   33.265681   33.893228
     0.559874    2.000000   -0.015374    3.261557   -1.191614
     0.559874    2.000000   13.617436   -1.143107   22.231139
     0.559874    2.000000    9.955813  -33.683903   23.079454
     0.559874    2.000000    2.764874    0.675641    0.192783
     0.559874    2.000000  -40.550602   26.168955   30.969746
     0.559874    2.000000   -7.199014  -12.029450    6.813231
     0.559874    2.000000    0.724244   -0.009062   -2.898188
     0.559874    2.000000   -2.204994  -33.984476    2.153380
     0.559874    2.000000   19.469187    5.695251  -40.353089
     0.559874    2.000000   39.815995  -39.575979  -32.228589
     0.559874    2.000000  -18.798495  -31.891121   30.460487
     0.559874    2.000000   -8.885139  -26.845844  -19.256160
     0.559874    2.000000  -36.105195   -8.663568   15.282470
     0.559874    2.000000    3.020846   15.742317   24.127020
     0.559874    2.000000   23.630060  -11.670273   34.908267
     0.559874    2.000000   -7.183934    3.515839   -9.722024
     0.559874    2.000000  -30.462612   30.502146   35.809469
     0.559874    2.000000   11.085968  -20.555279   40.714646
     0.559874    2.000000    0.502604   -0.414313    1.355011
     0.559874    2.000000  -38.984301    9.209850    6.093261
     0.559874    2.000000  -40.362014   -2.542834  -18.744351
     0.559874    2.000000   17.928227    6.279087  -26.868528
     0.559874    2.000000   -6.554263  -28.395359  -28.447000
     0.559874    2.000000  -14.052595   32.919951   -4.451792
     0.559874    2.000000  -28.993702  -20.020719  -38.284362
     0.559874    2.000000   -0.731309    0.296102    0.827482
     0.559874    2.000000    3.767844   40.696779  -28.239229
     0.559874    2.000000  -34.332988   -5.761572   32.451615
     0.559874    2.000000   -0.911870    1.673188    1.506768
     0.559874    2.000000    1.725127   -0.294604   -1.641383
     0.559874    2.000000  -17.524288  -33.812639   -0.402318
     0.559874    2.000000  -30.496575  -19.275085   -7.358235
     0.559874    2.000000  -21.991081  -33.138408  -12.303737
     0.559874    2.000000  -34.253661  -27.530485    5.377666
     0.559874    2.000000   28.917342   -4.012200  -13.814038
     0.559874    2.000000   -1.602183    0.299261    1.155749
     0.559874    2.000000   21.925098   26.778459  -16.899027
     0.559874    2.000000  -24.546703   13.493535   12.750240
     0.559874    2.000000    3.283405   38.970805   24.479735
     0.559874    2.000000   14.313803   39.498551  -19.583836
     0.559874    2.000000    5.037473   14.145823   12.627152
     0.559874    2.000000   10.896098   28.155694   31.927300
     0.559874    2.000000   36.082479   24.151153  -24.677455
     0.559874    2.000000   -1.728999   -0.138849   -1.617334
     0.559874    2.000000   14.454711   -2.534344   -6.575620
     0.559874    2.000000  -31.023376   -9.643173  -35.288862
     0.559874    2.000000    0.730844   37.234496  -15.723075
     0.559874    2.000000    2.578140   -2.174990   -0.886727
     0.559874    2.000000   13.113456  -21.480687   34.931452
     0.559874    2.000000    3.059018    8.102345   -1.792208
     0.559874    2.000000   -1.199375   -0.754779    1.875305
     0.559874    2.000000  -29.446835  -26.656954   38.017318
     0.559874    2.000000   -0.632528   -0.170756   -1.365136
     0.559874    2.000000   35.435033   33.113468    0.450582
     0.559874    2.000000   24.783758    9.059285   21.996584
     0.559874    2.000000  -32.674649   28.679529   26.027936
     0.559874    2.000000  -23.118366  -29.452226   35.794390
     0.559874    2.000000  -40.297559   -8.543346  -14.541907
     0.559874    2.000000    3.562767    3.888187  -13.359280
     0.559874    2.000000  -39.371616   11.754457  -40.536830
     0.559874    2.000000   23.236450  -40.545010   21.878755
     0.559874    2.000000   20.463147   -6.748378  -22.411434
     0.559874    2.000000  -22.561458   -3.065450   29.796236
     0.559874    2.000000   -1.534391  -16.183627  -25.033770
     0.559874    2.000000    2.874421   -1.741518    0.981546
     0.559874    2.000000   22.348923  -38.355352  -19.898883
     0.559874    2.000000   38.236979  -11.048946    8.057243
     0.559874   -2.000000   33.280939  -22.466065  -37.091905
     0.559874   -2.000000  -35.356933    4.309293  -17.595836
     0.559874   -2.000000    0.914780  -39.297671   -4.565060
     0.559874   -2.000000   32.356382   18.340564   -2.311830
     0.559874   -2.000000  -12.269193   -9.792936  -40.849439
     0.559874   -2.000000  -31.988873   13.427413   36.130025
     0.559874   -2.000000    2.426192   31.895390  -36.665519
     0.559874   -2.000000   16.185070    5.660369  -28.410434
     0.559874   -2.000000   -3.878379   37.169852   21.401385
     0.559874   -2.000000  -16.346391    9.255284  -17.801796
     0.559874   -2.000000  -11.266471   33.800991  -23.886527
     0.559874   -2.000000   17.499099   -7.497395   34.355495
     0.559874   -2.000000    5.063537   -0.493390  -10.323137
     0.559874   -2.000000   38.157476   -9.356791  -30.435065
     0.559874   -2.000000   16.231197  -33.098423  -36.132682
     0.559874   -2.000000  -24.536042   23.206116   -4.937195
     0.559874   -2.000000   40.651929   -7.414316  -17.054220
     0.559874   -2.000000   14.286171  -25.449955   -5.856249
     0.559874   -2.000000  -24.657508   29.234032   25.030008
     0.559874   -2.000000   32.966114   34.200946   35.593128
     0.559874   -2.000000  -15.057095  -37.855903  -14.945690
     0.559874   -2.000000  -33.184174   29.871296   20.738233
     0.559874   -2.000000   -4.310996   24.090641   27.849336
     0.559874   -2.000000   25.611518    5.857768   13.707202
     0.559874   -2.000000  -35.788130  -25.971582    3.659644
     0.559874   -2.000000    0.048527  -13.594717   -5.821737
     0.559874   -2.000000  -23.948312   -0.941052    6.972941
     0.559874   -2.000000   14.949238   10.266669  -10.003261
     0.559874   -2.000000  -27.038310  -27.801009   36.792478
     0.559874   -2.000000   -4.399543  -28.820071  -14.490457
     0.559874   -2.000000   28.427191    5.188229   37.964075
     0.559874   -2.000000   -9.133216  -16.378068   -1.477222
     0.559874   -2.000000  -24.693226   -6.792012   23.454050
     0.559874   -2.000000   17.378023   34.922308  -21.603968
     0.559874   -2.000000  -24.743211   21.472711   36.058777
     0.559874   -2.000000   36.186143   23.886636  -24.157489
     0.559874   -2.000000   -3.923826   18.011472    1.068877
     0.559874   -2.000000  -27.995989  -24.038420   40.311356
     0.559874   -2.000000   20.413517  -10.829059    4.666586
     0.559874   -2.000000  -13.410596  -26.911649   24.698581
     0.559874   -2.000000  -25.160570  -10.993738  -28.828110
     0.559874   -2.000000    1.602746    8.926207   -6.166050
     0.559874   -2.000000    2.541593   20.829169   18.901954
     0.559874   -2.000000    3.468609    3.183164  -12.425875
     0.559874   -2.000000  -12.684690  -23.860194   16.681504
     0.559874   -2.000000  -34.033928    4.000978   20.922522
     0.559874   -2.000000   10.304952  -33.170375    3.640318
     0.559874   -2.000000   -8.774100   28.084508    1.870192
     0.559874   -2.000000   29.756715  -35.356990   -7.488951
     0.559874   -2.000000   -9.925046  -26.444607  -30.772760
     0.559874   -2.000000   14.206686  -10.745532    7.347962
     0.559874   -2.000000   34.502476   25.357347   16.182717
     0.559874   -2.000000  -33.769733   25.232649    7.678892
     0.559874   -2.000000   27.020207   30.665740  -10.027755
     0.559874   -2.000000  -37.291821   -4.977874   39.935003
     0.559874   -2.000000  -22.941524    9.482257  -30.295484
     0.559874   -2.000000  -35.681794  -22.158982    8.707680
     0.559874   -2.000000   36.764627  -20.907157   -3.833888
     0.559874   -2.000000  -19.760797   10.305628   30.600175
     0.559874   -2.000000    3.634031   -4.309602   30.390977
     0.559874   -2.000000   17.102403   17.233993  -33.075836
     0.559874   -2.000000   -2.037500   -5.675526  -27.203057
     0.559874   -2.000000    8.638433    3.504543  -35.524350
     0.559874   -2.000000  -30.357140  -33.765451  -23.993934
     0.559874   -2.000000   13.496828   -1.400883   21.711569
     0.559874   -2.000000   37.823241  -34.249129   14.487380
     0.559874   -2.000000   -6.199891   12.449686  -25.801655
     0.559874   -2.000000   -0.328337   40.196605  -27.847038
     0.559874   -2.000000  -29.867369   34.167805   -9.762173
     0.559874   -2.000000  -36.186919   -4.656383   17.900505
     0.559874   -2.000000   -3.498944   -6.813029   32.114100
     0.559874   -2.000000  -26.055806  -27.037431  -39.209097
     0.559874   -2.000000  -19.966432   23.969332   -2.406395
     0.559874   -2.000000   18.050661  -15.517001  -12.235506
     0.559874   -2.000000  -36.850223  -29.834216  -39.532795
     0.559874   -2.000000  -32.773340   25.556207   21.132654
     0.559874   -2.000000   -5.525531  -19.595098  -27.126025
     0.559874   -2.000000  -23.623888  -22.726572   12.927295
     0.559874   -2.000000   23.172335   25.781027  -32.535841
     0.559874   -2.000000   -4.886050  -32.527945   -0.576121
     0.559874   -2.000000  -37.883641  -35.524104   15.591547
     0.559874   -2.000000   12.795527  -13.958852  -17.316998
     0.559874   -2.000000  -13.229682   17.381139  -21.733344
     0.559874   -2.000000  -33.505050  -39.579033  -20.983087
     0.559874   -2.000000  -32.398169  -26.275289   24.682990
     0.559874   -2.000000    4.853415   37.289458  -39.855432
     0.559874   -2.000000   36.104421  -12.990055   31.797034
     0.559874   -2.000000   27.540424  -32.971086  -21.842625
     0.559874   -2.000000    0.390123  -13.549174   15.846002
     0.559874   -2.000000    1.946824   29.529407   29.719816
