 210,  20.435402749381385
    31  -0.478638E+03  0.136073E+01  0.255937E+01 -0.119864E+01  0.021
     0.559874    2.000000  -39.271220    1.200010    4.862971
     0.559874    2.000000   32.083583  -13.187773   18.480936
     0.559874    2.000000  -23.514780   14.675795   32.405160
     0.559874    2.000000    5.412349   34.090594  -23.531442
     0.559874    2.000000   -1.376840   -2.572886   -0.892424
     0.559874    2.000000   12.387910   15.851864   -9.927251
     0.559874    2.000000    3.983865   -2.139433   -0.941400
     0.559874    2.000000   -1.801242   -2.238449    1.342854
     0.559874    2.000000  -39.388997   35.887589  -35.483930
     0.559874    2.000000   36.034155    9.322386  -32.528382
     0.559874    2.000000    4.421087    1.349512   34.037059
     0.559874    2.000000    1.089095   -1.625831    1.279818
     0.559874    2.000000    1.949604    3.155551    0.841502
     0.559874    2.000000    2.394064  -33.929529   31.615465
     0.559874    2.000000   -2.138578   -2.164852   -1.425128
     0.559874    2.000000  -40.342563  -38.305552   31.678585
     0.559874    2.000000  -31.328640   33.203955   19.961379
     0.559874    2.000000  -32.760165  -13.484989  -24.186045
     0.559874    2.000000   35.117074   -9.866919  -20.589692
     0.559874    2.000000  -21.205402  -22.347677    0.318614
     0.559874    2.000000   26.150127    6.281329    7.042735
     0.559874    2.000000  -14.156845   -0.535440  -12.902368
     0.559874    2.000000  -39.983844   21.869970  -30.002846
     0.559874    2.000000   -3.360142    0.078351    0.283377
     0.559874    2.000000   -0.933948    3.354125   24.118598
     0.559874    2.000000   -1.487488    1.403509   -1.054982
     0.559874    2.000000  -13.136413    9.057726  -34.217834
     0.559874    2.000000   28.820164    8.572141  -24.443372
     0.559874    2.000000   30.309014    9.618047  -11.805800
     0.559874    2.000000    0.604557    3.657390   -1.233969
     0.559874    2.000000  -34.356784   12.350932  -10.040992
     0.559874    2.000000   40.725619  -18.494520   34.118324
     0.559874    2.000000   29.668510   -0.419921    6.849800
     0.559874    2.000000   25.384141   25.779214   19.382404
     0.559874    2.000000   28.926544  -33.399190   40.861255
     0.559874    2.000000  -35.899579   -5.223569    7.275252
     0.559874    2.000000  -31.570316  -13.915423  -13.194046
     0.559874    2.000000    4.854891   -3.347826  -38.784800
     0.559874    2.000000    3.720466  -18.163623  -40.207715
     0.559874    2.000000  -31.201277    9.325191    5.487169
     0.559874    2.000000   38.155851  -27.535311    5.342920
     0.559874    2.000000   37.143794  -26.177242   17.898545
     0.559874    2.000000  -35.636536   10.521761   16.150724
     0.559874    2.000000   21.367142  -13.887615  -31.260365
     0.559874    2.000000  -12.954831  -29.285661  -13.111426
     0.559874    2.000000    3.734101   -2.201418    6.329257
     0.559874    2.000000  -15.110421  -15.959453  -18.461038
     0.559874    2.000000  -21.804485   33.439638   -6.754390
     0.559874    2.000000   30.696862   28.560683  -18.423685
     0.559874    2.000000   36.293575  -13.052824    9.824043
     0.559874    2.000000    1.458879   -2.787529   -0.591670
     0.559874    2.000000   39.047503  -12.382761   27.798239
     0.559874    2.000000   31.326288  -21.614490  -38.684562
     0.559874    2.000000  -20.467315  -39.113363   -7.864907
     0.559874    2.000000   13.388389  -37.746825   30.389206
     0.559874    2.000000  -17.664770  -39.974132   21.129698
     0.559874    2.000000   -9.515948   36.806029    6.535817
     0.559874    2.000000    1.778481    0.797476   -0.827492
     0.559874    2.000000    3.872183   -0.840707   -0.735352
     0.559874    2.000000    1.108018   -0.537881    1.209027
     0.559874    2.000000   -6.045229   -0.539657   -4.334771
     0.559874    2.000000   -0.006022    4.236974    0.455421
     0.559874    2.000000    3.011894    0.252722   -0.338591
     0.559874    2.000000   12.617790   32.072246   -2.605160
     0.559874    2.000000   29.335905   31.410546   33.742213
     0.559874    2.000000   26.725200   21.820852   20.037527
     0.559874    2.000000    8.363627  -34.545329    5.564312
     0.559874    2.000000    0.721967    0.392218   -0.892097
     0.559874    2.000000  -37.408735   22.339994   37.779063
     0.559874    2.000000   -0.652159   -0.618128    0.756583
     0.559874    2.000000  -28.669589   15.357948  -37.202321
     0.559874    2.000000   35.338008   27.505004  -18.667206
     0.559874    2.000000   34.016051   -8.051136   27.525314
     0.559874    2.000000   -2.201419    0.512661    0.228909
     0.559874    2.000000  -37.331439  -12.665177    9.486937
     0.559874    2.000000  -26.734037  -13.145478   31.895791
     0.559874    2.000000   23.135779    5.242702   14.130954
     0.559874    2.000000  -15.018153    6.294563   13.579254
     0.559874    2.000000  -31.504643   -9.863271    5.861740
     0.559874    2.000000   -0.846816    2.964369   -1.452168
     0.559874    2.000000   -4.911780   -1.155724    2.135627
     0.559874    2.000000    0.116556    2.358445    1.751465
     0.559874    2.000000   -3.388185    8.902213  -18.376782
     0.559874    2.000000   -3.656474   -1.558271    0.675066
     0.559874    2.000000  -25.948661  -27.921609  -11.355962
     0.559874    2.000000   -8.755427  -19.156243  -36.285220
     0.559874    2.000000    0.406599    1.440845    1.544129
     0.559874    2.000000   33.089276   37.393330  -28.461855
     0.559874    2.000000    7.617003  -19.077707   15.095792
     0.559874    2.000000  -30.384931   -8.187998  -13.977116
     0.559874    2.000000   -1.669081  -23.123227   27.868108
     0.559874    2.000000   -1.489162  -25.494655   16.584491
     0.559874    2.000000    2.145549   -1.239554    1.692588
     0.559874    2.000000   27.235166  -40.574248    5.842368
     0.559874    2.000000   35.779916   -8.821041  -10.517318
     0.559874    2.000000   36.399060  -25.789636  -28.525940
     0.559874    2.000000  -27.743065  -29.355607   -9.612265
     0.559874    2.000000   20.097191   10.440186    4.293803
     0.559874    2.000000   -4.144278   15.057079   15.328890
     0.559874    2.000000   -5.019645    0.124151   -3.007759
     0.559874    2.000000  -24.364505  -33.864537   -6.782866
     0.559874    2.000000  -27.220332  -14.566371  -11.939688
     0.559874    2.000000   -3.850136   27.601923   35.909193
     0.559874    2.000000  -37.442913  -24.125676    6.958497
     0.559874    2.000000   27.044156   13.570163   32.114276
     0.559874    2.000000    0.462186   -3.297823    0.739218
     0.559874    2.000000  -23.133185  -12.359636   21.114496
     0.559874    2.000000   -7.449688   -5.298189   -6.378704
     0.559874    2.000000   16.679604  -19.847835   -4.852576
     0.559874    2.000000    8.673042    4.985581  -18.325646
     0.559874    2.000000  -37.345784  -12.700753  -38.113394
     0.559874    2.000000    0.468843   18.064684    1.851016
     0.559874    2.000000   26.723361  -30.462541  -16.424435
     0.559874    2.000000   -3.620474  -32.207429   29.189737
     0.559874    2.000000  -30.384756   11.285403  -25.730173
     0.559874    2.000000   30.358920    7.513692  -27.101340
     0.559874    2.000000  -12.007011  -10.759400   10.553028
     0.559874    2.000000    1.907177    1.913100    0.564113
     0.559874    2.000000    8.884098  -10.156157  -13.468876
     0.559874    2.000000   -0.544650   -0.651219   -0.308743
     0.559874   -2.000000   24.525190   39.233605  -15.616494
     0.559874   -2.000000  -18.251216  -19.834205  -10.332454
     0.559874   -2.000000    0.069250  -18.185581   22.810441
     0.559874   -2.000000   32.061945   26.952967   10.714206
     0.559874   -2.000000    4.171011   24.321032  -18.070909
     0.559874   -2.000000   35.182709   19.857016   17.948210
     0.559874   -2.000000  -12.336732   40.074763    3.819616
     0.559874   -2.000000   -6.087032   29.899286  -23.503715
     0.559874   -2.000000  -23.004821   17.362661  -21.939507
     0.559874   -2.000000    6.088699   17.904319  -12.148726
     0.559874   -2.000000   29.755792   31.423511   33.360838
     0.559874   -2.000000  -27.933664  -29.132300  -10.242368
     0.559874   -2.000000  -18.248752   28.836425   -2.327097
     0.559874   -2.000000  -27.644914  -11.392635  -36.321532
     0.559874   -2.000000   -1.243028  -20.476083  -33.493826
     0.559874   -2.000000   15.760505   -4.872083   16.550442
     0.559874   -2.000000   23.025583   23.345332   24.083452
     0.559874   -2.000000   -6.191066   15.369732   -2.468851
     0.559874   -2.000000  -38.637938    1.286675    4.787427
     0.559874   -2.000000  -38.617753   37.719547   16.032264
     0.559874   -2.000000  -40.668891    2.268413  -33.633624
     0.559874   -2.000000   34.185544   -2.757892   -6.238651
     0.559874   -2.000000  -25.315282   22.495380  -31.310375
     0.559874   -2.000000   24.193973    3.104232    9.341540
     0.559874   -2.000000  -18.708433  -24.826041    9.211893
     0.559874   -2.000000  -37.605195  -12.267358  -38.436495
     0.559874   -2.000000   12.723242   -4.603633  -29.925219
     0.559874   -2.000000  -29.302169  -12.949973  -12.156145
     0.559874   -2.000000   20.027275   -9.202231   25.047001
     0.559874   -2.000000   34.615159   -9.865888  -19.989503
     0.559874   -2.000000  -30.785278   -3.137233  -20.673598
     0.559874   -2.000000   -3.369723   -9.209419   14.486787
     0.559874   -2.000000   34.197438   26.962226  -11.229944
     0.559874   -2.000000  -31.848660   10.876070   16.870394
     0.559874   -2.000000  -14.010565   -1.116510  -13.070282
     0.559874   -2.000000   39.558791   -6.690019  -38.314123
     0.559874   -2.000000   22.546377  -28.345538    7.580799
     0.559874   -2.000000   31.293130  -29.038665   -8.145416
     0.559874   -2.000000   28.430424    8.827816   -9.383573
     0.559874   -2.000000   19.889960   17.513127  -26.460655
     0.559874   -2.000000  -37.118046    2.257204   -1.057311
     0.559874   -2.000000   11.148832  -14.055904   36.766890
     0.559874   -2.000000   22.649379  -34.042305  -15.580118
     0.559874   -2.000000  -23.251114  -34.026652   -9.501845
     0.559874   -2.000000   13.499781   33.658018   35.825733
     0.559874   -2.000000   39.915235  -11.186440   28.987072
     0.559874   -2.000000  -26.477652  -12.151073   30.935713
     0.559874   -2.000000   10.086646  -35.555261   17.728826
     0.559874   -2.000000   36.599259  -14.861497   -4.221372
     0.559874   -2.000000  -17.556275    0.434672   15.993966
     0.559874   -2.000000   36.030762  -33.261866  -30.893912
     0.559874   -2.000000  -40.242119   -4.261470  -21.658448
     0.559874   -2.000000   28.949105  -17.332411    9.159710
     0.559874   -2.000000   24.865027  -13.280432   28.962992
     0.559874   -2.000000   10.948424  -37.399727   -2.620280
     0.559874   -2.000000   -3.820806  -10.441048    4.445963
     0.559874   -2.000000  -16.389543   14.908121   26.777792
     0.559874   -2.000000   29.657150  -33.400392   40.321095
     0.559874   -2.000000   33.089064  -27.265100  -22.997478
     0.559874   -2.000000  -39.830508   10.551631   16.733832
     0.559874   -2.000000   30.562317  -16.161875  -18.190449
     0.559874   -2.000000   -6.816222  -32.582092   10.036048
     0.559874   -2.000000   -0.878712   13.862007   25.573821
     0.559874   -2.000000   32.563086    1.470167  -19.788388
     0.559874   -2.000000  -34.663992  -36.589518   -1.303565
     0.559874   -2.000000   16.844054   -0.512347  -12.255502
     0.559874   -2.000000   30.390083   30.118482    2.336923
     0.559874   -2.000000  -36.489943   -7.441870  -15.148853
     0.559874   -2.000000   36.727554   -6.903571   12.271977
     0.559874   -2.000000  -27.322172  -16.852064  -11.266302
     0.559874   -2.000000   -4.258822    5.569316  -35.635074
     0.559874   -2.000000   10.656862   17.173475    1.682903
     0.559874   -2.000000  -31.134571   34.383880  -33.887161
     0.559874   -2.000000  -35.873125   34.596607   -0.678659
     0.559874   -2.000000  -19.379866  -28.436697   -2.459672
     0.559874   -2.000000    6.947588   28.304764    7.608117
     0.559874   -2.000000   16.406881   10.685407    4.646088
     0.559874   -2.000000    0.456396    6.954117   11.429534
     0.559874   -2.000000  -31.012999   12.320733   -5.455083
     0.559874   -2.000000   16.359268    6.585106   36.520493
     0.559874   -2.000000   -8.796398  -28.136144   15.675384
     0.559874   -2.000000   30.522254    7.069428  -26.788140
     0.559874   -2.000000  -24.662887   25.935470  -10.448011
     0.559874   -2.000000  -34.782455  -20.423127    5.228176
     0.559874   -2.000000  -23.418836   34.948198  -29.473727
     0.559874   -2.000000  -11.862135   -6.747640   31.041908
     0.559874   -2.000000  -36.763326  -15.631797   22.201855
     0.559874   -2.000000   -7.260121   24.531032   12.071024
     0.559874   -2.000000  -40.599256   20.966059  -38.309729
     0.559874   -2.000000   -4.232268  -17.949670   39.602720
