 210,  20.435402749381385
    31  -0.472234E+03  0.144619E+01  0.170402E+01 -0.257834E+00  0.011
     0.559874    2.000000   -4.885386  -16.087124   26.175899
     0.559874    2.000000  -39.826398   15.238645    6.931873
     0.559874    2.000000  -10.339016  -17.922630   34.651975
     0.559874    2.000000   33.781947  -28.683413   -4.390735
     0.559874    2.000000  -34.130347    3.662743   -0.812851
     0.559874    2.000000   15.852184   25.121512   40.185612
     0.559874    2.000000   24.318728    9.016870   17.734419
     0.559874    2.000000   10.911242   32.378042  -38.343173
     0.559874    2.000000   -0.728925  -27.382327   -7.167318
     0.559874    2.000000  -19.210406   34.647968  -31.787972
     0.559874    2.000000    1.238163   -1.349739   -0.795696
     0.559874    2.000000    2.222886   -2.492689   -1.503419
     0.559874    2.000000   19.848144  -15.113931    0.779181
     0.559874    2.000000   -4.118562   -9.770585  -28.585867
     0.559874    2.000000  -15.656162   26.675001    1.705222
     0.559874    2.000000  -36.167594   38.691044   27.901622
     0.559874    2.000000   13.625225   34.352628  -27.831427
     0.559874    2.000000   23.103822  -13.851603  -40.071654
     0.559874    2.000000   19.548489  -31.260085  -22.700974
     0.559874    2.000000   23.774219  -10.414083   23.006718
     0.559874    2.000000  -32.149771  -32.191936  -34.945843
     0.559874    2.000000    9.234107  -21.724907    5.827394
     0.559874    2.000000    3.976054   -0.106381   -0.446714
     0.559874    2.000000   18.285948  -40.418093  -40.550779
     0.559874    2.000000   -8.670616   11.337223  -21.879602
     0.559874    2.000000   -3.851072   -2.148714    1.413380
     0.559874    2.000000   -1.719111    3.695519   -0.811793
     0.559874    2.000000  -40.727529  -25.551585  -32.929670
     0.559874    2.000000   12.112934   23.285378  -38.094297
     0.559874    2.000000    9.490997    0.190143  -38.098771
     0.559874    2.000000    2.700931   15.766996   -7.761078
     0.559874    2.000000   -1.586155   -0.900022    0.915198
     0.559874    2.000000   -1.974285   -0.361097    1.947579
     0.559874    2.000000   11.186662  -25.742428    9.901066
     0.559874    2.000000   -0.194924    5.416437    1.154092
     0.559874    2.000000    2.600985   -0.022660   -0.524924
     0.559874    2.000000    3.005697   23.207093   32.184517
     0.559874    2.000000   -6.673657   17.875501   36.263981
     0.559874    2.000000   10.140353   37.742356   16.805621
     0.559874    2.000000   12.895447   21.834079  -13.449477
     0.559874    2.000000  -15.522255   33.283079   19.644963
     0.559874    2.000000  -31.473602   -2.455339   16.305531
     0.559874    2.000000   -0.400424    2.509904    1.545918
     0.559874    2.000000   40.051383  -40.651563  -16.174462
     0.559874    2.000000  -31.036829  -19.267713  -37.380594
     0.559874    2.000000    0.642262    2.787648    1.538063
     0.559874    2.000000   20.120770  -28.991090    7.277730
     0.559874    2.000000   -0.465966  -32.654810  -39.361302
     0.559874    2.000000  -36.171408   23.913403   16.438765
     0.559874    2.000000   12.529700   -6.925807   -4.415953
     0.559874    2.000000  -15.295263  -23.877502  -14.197683
     0.559874    2.000000    3.884689   -1.646768    1.558388
     0.559874    2.000000   -1.519031   -1.322398   -1.326033
     0.559874    2.000000  -18.168654  -24.167077   13.178026
     0.559874    2.000000   31.265509   20.954954   27.984627
     0.559874    2.000000  -31.685172  -10.370783  -25.939661
     0.559874    2.000000  -31.013025  -18.443918  -13.821250
     0.559874    2.000000   -3.819371   -1.368640   -1.484031
     0.559874    2.000000  -14.867965  -28.663271   -6.136658
     0.559874    2.000000  -28.825241   -6.579883  -38.301217
     0.559874    2.000000   26.108651   -2.688998  -40.232370
     0.559874    2.000000  -21.240328   17.194269   15.641712
     0.559874    2.000000   23.999138   32.141476    9.963283
     0.559874    2.000000   -2.327863   23.774347  -36.606325
     0.559874    2.000000   27.564187    9.619648   -4.911240
     0.559874    2.000000  -23.736460   11.937272   20.276097
     0.559874    2.000000  -17.029588   27.628254    5.183347
     0.559874    2.000000    1.997525   -0.873328    1.321099
     0.559874    2.000000   -0.558045    2.371530   -1.335463
     0.559874    2.000000  -14.512252   11.584877   27.144766
     0.559874    2.000000   36.461818  -33.516619  -12.522208
     0.559874    2.000000   -9.723211   29.841605    0.116822
     0.559874    2.000000   14.894516   29.542745    6.808981
     0.559874    2.000000   -1.106854    4.294017    0.791499
     0.559874    2.000000  -36.174434  -40.439987  -12.303913
     0.559874    2.000000   36.674492   15.689712   -8.187117
     0.559874    2.000000  -27.087661  -18.911665  -27.124113
     0.559874    2.000000   30.264168  -33.910108  -19.088699
     0.559874    2.000000   17.130525   -1.828850   25.776262
     0.559874    2.000000  -28.789237   -9.983028  -12.221190
     0.559874    2.000000    0.961968   15.925832  -16.442996
     0.559874    2.000000  -31.425646   35.170048   24.531979
     0.559874    2.000000  -38.101257  -10.528840  -20.858690
     0.559874    2.000000   -7.427141  -16.276444  -31.835522
     0.559874    2.000000    4.276048   -1.865438   -0.890914
     0.559874    2.000000    1.285452    2.027701    0.177874
     0.559874    2.000000  -26.974589  -16.033501   28.212128
     0.559874    2.000000   28.774214   24.615183  -28.726735
     0.559874    2.000000    6.252600   10.939073  -15.806916
     0.559874    2.000000    2.079301   -2.674523    1.740387
     0.559874    2.000000    3.654243   -0.306567    0.919472
     0.559874    2.000000  -38.230916   11.876498    6.507778
     0.559874    2.000000   34.258727  -21.220922   13.005534
     0.559874    2.000000  -36.719591   30.751023   29.636194
     0.559874    2.000000   33.961316   12.667939  -37.685751
     0.559874    2.000000  -13.294172   -1.561448  -34.796154
     0.559874    2.000000   -4.490265   -0.562129   -0.748900
     0.559874    2.000000   40.046239  -12.536323   15.070639
     0.559874    2.000000   -1.813110   -2.464922   -1.081654
     0.559874    2.000000   27.742909   -3.004025   -6.472249
     0.559874    2.000000    0.706453    3.901132   -1.384757
     0.559874    2.000000   20.161137   38.742017    5.840212
     0.559874    2.000000  -20.852066   -4.149069  -13.861514
     0.559874    2.000000   -1.440110   20.690928  -31.850219
     0.559874    2.000000  -35.145099  -24.356246    4.179846
     0.559874    2.000000    4.367222   25.655224  -20.410588
     0.559874    2.000000  -30.334157  -35.014387  -28.512580
     0.559874    2.000000  -11.079660   -5.891903  -37.384243
     0.559874    2.000000  -30.707804  -33.549664    7.689318
     0.559874    2.000000   -2.282809   -2.852814    1.497954
     0.559874    2.000000  -10.922870  -36.544565   14.427232
     0.559874    2.000000   26.385970  -37.659757  -28.615032
     0.559874    2.000000    3.667283   -3.164024   -0.072324
     0.559874    2.000000  -19.597971   34.342078   33.160275
     0.559874    2.000000  -31.817486  -40.178223  -28.351473
     0.559874    2.000000    9.641319   -2.886725   20.611278
     0.559874    2.000000    0.820934  -23.769712  -25.699186
     0.559874    2.000000   25.758531    3.461720   35.185755
     0.559874    2.000000  -23.272104  -31.422786  -18.057568
     0.559874    2.000000   -1.616370    2.693560    0.435212
     0.559874   -2.000000    9.299838   30.365931  -22.848472
     0.559874   -2.000000    7.869767  -21.541647    6.349554
     0.559874   -2.000000   38.971307    5.249937  -19.289893
     0.559874   -2.000000  -15.883368   33.637734   19.184671
     0.559874   -2.000000  -17.673747  -11.689726   14.527875
     0.559874   -2.000000   14.253806   32.045620   12.308104
     0.559874   -2.000000  -10.731413   29.197660   -1.905304
     0.559874   -2.000000   40.601881   -4.901418   17.362200
     0.559874   -2.000000   -6.589060   22.513498   36.945666
     0.559874   -2.000000  -11.570899   20.098869   38.868044
     0.559874   -2.000000   39.061204    7.216421   32.074202
     0.559874   -2.000000   10.032950   33.167114  -38.966315
     0.559874   -2.000000   -8.459178   22.935024  -26.509754
     0.559874   -2.000000   21.365459  -19.314333   13.862272
     0.559874   -2.000000  -21.193633   10.377996   -8.555461
     0.559874   -2.000000  -23.842419  -31.232297  -39.071456
     0.559874   -2.000000  -21.943999  -17.153399  -34.194142
     0.559874   -2.000000   24.206191   10.691738  -21.781251
     0.559874   -2.000000   28.273678   19.978479  -17.122458
     0.559874   -2.000000  -35.051399  -29.015428   17.526873
     0.559874   -2.000000   -9.993477    1.668414  -33.936915
     0.559874   -2.000000  -23.888134  -25.885596  -24.131180
     0.559874   -2.000000   36.772661   26.410645  -11.187392
     0.559874   -2.000000   23.996851   16.746877   -5.095496
     0.559874   -2.000000   24.628261    2.863520   35.917870
     0.559874   -2.000000    3.902538  -31.989175    0.800334
     0.559874   -2.000000  -31.697249   -2.907812   20.874132
     0.559874   -2.000000   10.633086  -18.619558  -24.136291
     0.559874   -2.000000  -34.950822   40.604787  -29.751291
     0.559874   -2.000000  -29.747992  -39.943178  -29.283582
     0.559874   -2.000000   18.436371  -34.995179   36.877162
     0.559874   -2.000000   19.454120  -32.645626   -6.709355
     0.559874   -2.000000   22.764817  -14.074102  -39.665113
     0.559874   -2.000000  -12.760312  -26.493288  -21.281995
     0.559874   -2.000000  -15.561381  -38.128800  -36.491247
     0.559874   -2.000000   -0.923869  -15.958737   28.222658
     0.559874   -2.000000  -31.294257  -31.188147  -34.521717
     0.559874   -2.000000  -24.979319  -17.394385  -29.674080
     0.559874   -2.000000  -10.299791  -10.981747  -16.545564
     0.559874   -2.000000   35.544038  -26.518948  -19.589978
     0.559874   -2.000000  -21.111348   16.741382   16.143498
     0.559874   -2.000000  -34.797367  -24.571397    4.584620
     0.559874   -2.000000  -18.774865  -25.740990   -5.662229
     0.559874   -2.000000   16.010225  -17.486686   24.428060
     0.559874   -2.000000  -38.346544  -40.565289  -11.062109
     0.559874   -2.000000   27.412573   24.647854  -25.868115
     0.559874   -2.000000   39.519621    6.056350  -30.741246
     0.559874   -2.000000   29.864157  -32.468802    7.157287
     0.559874   -2.000000    7.381704  -10.869107  -36.731887
     0.559874   -2.000000  -27.792056   -8.499342  -37.011091
     0.559874   -2.000000   26.587117    3.602606   -4.439529
     0.559874   -2.000000  -14.262252   25.729119    2.515540
     0.559874   -2.000000  -14.309234  -25.241913  -10.326029
     0.559874   -2.000000    1.058120   32.243190   10.662201
     0.559874   -2.000000  -22.873826   25.090995   11.887363
     0.559874   -2.000000   -0.680199    7.089845   34.024258
     0.559874   -2.000000   -8.209718  -17.200777  -32.570083
     0.559874   -2.000000   32.055502   19.077381   25.388526
     0.559874   -2.000000   36.591125  -14.091114  -11.582460
     0.559874   -2.000000   24.568166    9.596936   -7.867608
     0.559874   -2.000000   -5.336107   35.684072  -10.523726
     0.559874   -2.000000  -26.916581  -15.422842   28.358997
     0.559874   -2.000000  -14.329858    5.129578  -31.765245
     0.559874   -2.000000   -8.017048    1.440470  -12.405634
     0.559874   -2.000000  -12.835935  -11.412487  -40.754603
     0.559874   -2.000000   21.753785   35.684287   11.585554
     0.559874   -2.000000   26.985958  -37.015736  -30.024959
     0.559874   -2.000000   21.781806   18.926945    0.026441
     0.559874   -2.000000  -36.438255   38.217546   28.171700
     0.559874   -2.000000  -34.749174   12.697486  -24.678251
     0.559874   -2.000000   -4.761111   17.226701   14.582972
     0.559874   -2.000000   -7.880088  -34.460967   28.468278
     0.559874   -2.000000  -30.766762  -23.319778   27.602921
     0.559874   -2.000000    5.415871   15.123425  -25.178872
     0.559874   -2.000000   -5.466786  -21.855973    2.776464
     0.559874   -2.000000   10.168171   23.343494  -18.716555
     0.559874   -2.000000  -32.705894  -18.143970  -13.871249
     0.559874   -2.000000   35.081357   29.274294   13.355556
     0.559874   -2.000000   39.557706    4.219893   -1.143414
     0.559874   -2.000000   -8.113849   26.595219   38.768875
     0.559874   -2.000000  -14.136739   33.381783   13.731015
     0.559874   -2.000000   -9.475253   17.187762   -9.028219
     0.559874   -2.000000   22.355920   25.485906  -24.999846
     0.559874   -2.000000   31.195931   -3.367215   40.179190
     0.559874   -2.000000   -7.212863   14.341544  -25.127440
     0.559874   -2.000000   13.724697   13.737313  -18.550820
     0.559874   -2.000000    7.629828  -36.325556   23.142725
     0.559874   -2.000000   12.570669  -28.639892  -26.574178
     0.559874   -2.000000  -25.478214  -18.122552   14.957333
     0.559874   -2.000000  -26.771175   28.577697  -13.353544
