 210,  20.435402749381385
    31  -0.469259E+03 -0.344372E+00 -0.703588E-02 -0.337336E+00  0.009
     0.559874    2.000000   18.134483  -37.395094  -21.048045
     0.559874    2.000000   -3.882035   -1.164444   -1.416538
     0.559874    2.000000   -1.737439   -1.676246   -1.089209
     0.559874    2.000000  -28.092271   35.014789   18.085510
     0.559874    2.000000  -10.300168  -29.709611    8.790625
     0.559874    2.000000  -19.383871   40.311765   38.071922
     0.559874    2.000000    3.184989   -0.270643    0.225726
     0.559874    2.000000   -8.506252   35.180836   -6.265217
     0.559874    2.000000    0.881742   33.435530   24.913535
     0.559874    2.000000  -18.690254  -14.712116   30.102023
     0.559874    2.000000  -35.975990   16.175405   -8.535088
     0.559874    2.000000   12.187138   29.805307  -38.759747
     0.559874    2.000000  -23.374990  -22.761121  -20.721708
     0.559874    2.000000  -16.656848  -30.368575   10.588059
     0.559874    2.000000  -15.680430   32.290451   40.297258
     0.559874    2.000000    9.153411    1.916012  -36.632889
     0.559874    2.000000   -9.325995    5.756002    2.484322
     0.559874    2.000000   31.426988   15.083371   -8.127664
     0.559874    2.000000  -22.700355  -23.903886   21.075723
     0.559874    2.000000    2.061015   -2.635496   -0.757017
     0.559874    2.000000   -0.727191   38.459945  -28.706788
     0.559874    2.000000    4.188278  -16.250001   29.975849
     0.559874    2.000000   12.118506   10.297144   16.333411
     0.559874    2.000000   26.082279   -1.130472  -19.594726
     0.559874    2.000000  -23.017416  -30.352310  -22.321808
     0.559874    2.000000   -0.311059    2.164995    0.385692
     0.559874    2.000000   -1.365087    6.145331    1.003602
     0.559874    2.000000    4.922332   -1.273080   -0.894638
     0.559874    2.000000   25.937181   18.283032  -23.408077
     0.559874    2.000000    0.373035   40.218039   11.893160
     0.559874    2.000000    0.851507    3.552158    1.524929
     0.559874    2.000000   37.422544   26.437430   22.240464
     0.559874    2.000000  -30.559048   36.927117   -4.784669
     0.559874    2.000000   -1.917040   -2.593939   -0.250743
     0.559874    2.000000   31.117379   17.352145  -26.582020
     0.559874    2.000000   -8.593302   -4.321530  -15.339848
     0.559874    2.000000    1.830390   -1.796674   -0.417851
     0.559874    2.000000    1.453024    2.895285    0.043806
     0.559874    2.000000   -8.046461  -33.184709   10.163919
     0.559874    2.000000   38.746055  -32.524583  -20.818434
     0.559874    2.000000   13.463693   40.673132   30.567817
     0.559874    2.000000   -3.056559   18.070969   39.406963
     0.559874    2.000000  -29.153294   37.007331    1.013263
     0.559874    2.000000  -40.431890   26.155111    9.330531
     0.559874    2.000000   -6.199207  -23.815746  -26.006417
     0.559874    2.000000  -15.355351  -22.616048   29.969593
     0.559874    2.000000   15.627504  -15.711786  -14.145260
     0.559874    2.000000  -38.012020   10.020628    4.239592
     0.559874    2.000000    0.389899    5.299288    1.353094
     0.559874    2.000000  -14.664488  -29.412956   -6.289442
     0.559874    2.000000   39.590967   22.760409  -30.790304
     0.559874    2.000000   24.642292  -32.051709  -22.353021
     0.559874    2.000000    7.414718  -12.699992    4.115066
     0.559874    2.000000   29.241809    9.188031   28.258550
     0.559874    2.000000  -15.167881   15.040638   28.022908
     0.559874    2.000000   20.458029   -9.377058   20.253700
     0.559874    2.000000  -19.930309  -11.680642   30.971234
     0.559874    2.000000   -3.575136   -3.686275    0.357440
     0.559874    2.000000    6.536128  -22.280294  -14.238770
     0.559874    2.000000   18.148257  -33.428887  -10.010847
     0.559874    2.000000   -5.525487   -2.224823   -0.406235
     0.559874    2.000000   -0.273426  -30.591885    0.982015
     0.559874    2.000000  -16.956477   -4.706224  -10.270871
     0.559874    2.000000    2.104651   -2.362961    0.903601
     0.559874    2.000000   -2.497979   16.799112   -7.819939
     0.559874    2.000000  -32.604096  -37.221646   33.384004
     0.559874    2.000000   12.152140  -33.589038   18.802052
     0.559874    2.000000   -7.989778   -8.454014  -20.758769
     0.559874    2.000000   -2.696413   -0.602558    0.785217
     0.559874    2.000000  -34.455505  -17.793022  -15.887354
     0.559874    2.000000   32.420408  -32.576201   13.109070
     0.559874    2.000000  -20.558332  -22.375948  -29.711732
     0.559874    2.000000  -23.426423    0.998291   25.692510
     0.559874    2.000000   22.151794   36.552863   15.711636
     0.559874    2.000000   -4.240365   -1.026862    1.217531
     0.559874    2.000000   27.679162   31.950515   33.691879
     0.559874    2.000000    2.426126  -39.035861   -8.784118
     0.559874    2.000000   25.809409    9.204858  -12.624282
     0.559874    2.000000  -25.467517    8.061279   -0.385533
     0.559874    2.000000   12.739063  -36.305524   17.867348
     0.559874    2.000000   -4.208702   26.843086  -33.689243
     0.559874    2.000000   22.164100  -13.793600    0.286800
     0.559874    2.000000  -10.733846   -4.669354   22.772470
     0.559874    2.000000   35.432675  -25.914213    6.923722
     0.559874    2.000000   -4.760338   -1.477225  -24.978762
     0.559874    2.000000  -13.465445  -28.054160  -37.976960
     0.559874    2.000000    0.639961    5.616175    0.232200
     0.559874    2.000000  -29.128620   13.341713  -38.479167
     0.559874    2.000000   -1.415778    4.527584   -1.243514
     0.559874    2.000000   36.563845  -38.661526   -5.167727
     0.559874    2.000000   23.370243  -15.927007  -36.128302
     0.559874    2.000000    4.016487   -1.885859   -1.632245
     0.559874    2.000000    3.196751   -1.884434    1.724628
     0.559874    2.000000   36.348394   13.874027  -25.336851
     0.559874    2.000000   25.121513   37.751106   18.962372
     0.559874    2.000000   14.536190  -24.875911  -29.540713
     0.559874    2.000000   17.418764  -39.510981   40.689062
     0.559874    2.000000   -4.375490   -2.463254    1.370726
     0.559874    2.000000  -27.071641    2.200144   37.205196
     0.559874    2.000000   -1.415001   -4.521540   16.312348
     0.559874    2.000000  -11.276996   36.414120  -11.125762
     0.559874    2.000000   28.051385   -6.572712  -21.666258
     0.559874    2.000000    8.857351   27.829211  -30.052637
     0.559874    2.000000   40.435758  -20.184244   11.792699
     0.559874    2.000000   -6.324944  -18.570358   28.351396
     0.559874    2.000000  -34.625316   11.974655  -15.372789
     0.559874    2.000000   38.172488  -30.008703  -31.106766
     0.559874    2.000000   23.023713   17.953340  -16.804442
     0.559874    2.000000    0.152675    4.522714   -1.620825
     0.559874    2.000000   21.095415   -5.705869  -34.989900
     0.559874    2.000000  -23.806632    0.469201    3.950859
     0.559874    2.000000    1.456736    4.826554   -0.683288
     0.559874    2.000000   25.597377   14.454120    7.066225
     0.559874    2.000000   19.601316  -35.753596   18.917906
     0.559874    2.000000    5.670609   20.760501  -21.209990
     0.559874    2.000000   -1.543362    3.356744    0.155862
     0.559874    2.000000  -30.737408  -27.717422   35.141074
     0.559874    2.000000    6.151958   -1.934021    3.550653
     0.559874    2.000000   40.644146   22.891104   26.065699
     0.559874    2.000000  -34.895631   15.299560    9.667064
     0.559874   -2.000000   38.320325   15.954855   13.229985
     0.559874   -2.000000  -40.576023   23.325923   26.266462
     0.559874   -2.000000   11.853515  -35.639620   30.058828
     0.559874   -2.000000   -0.791823  -22.023799  -18.988934
     0.559874   -2.000000   15.187273  -39.730550   21.792360
     0.559874   -2.000000   38.223140  -39.649025   -4.587691
     0.559874   -2.000000  -20.964262  -38.866982  -25.279624
     0.559874   -2.000000  -17.490957   38.426452   22.103697
     0.559874   -2.000000  -16.011711  -11.298758   -9.676687
     0.559874   -2.000000  -17.474310   19.086892   29.198188
     0.559874   -2.000000  -17.910436   11.594529    7.458811
     0.559874   -2.000000  -38.256810   12.577134   40.746945
     0.559874   -2.000000   35.318469   11.907634  -28.068609
     0.559874   -2.000000  -13.609008   15.170781  -11.153050
     0.559874   -2.000000  -38.833869  -39.599150  -12.996623
     0.559874   -2.000000  -23.567135  -28.261564  -10.525595
     0.559874   -2.000000  -16.289988   24.834907  -13.113623
     0.559874   -2.000000   -4.503899  -24.916430   12.491214
     0.559874   -2.000000   28.399951  -39.076638  -16.296187
     0.559874   -2.000000   16.772723   27.829079   -3.800292
     0.559874   -2.000000    2.370379   36.214911  -19.283106
     0.559874   -2.000000   29.468876   36.247346   11.296313
     0.559874   -2.000000  -38.680819  -36.406567   20.382112
     0.559874   -2.000000  -36.232544   39.885651    4.622486
     0.559874   -2.000000   -7.790881  -19.374227   26.165087
     0.559874   -2.000000  -32.632634  -14.706384    6.209146
     0.559874   -2.000000   36.085395  -35.825035   31.439763
     0.559874   -2.000000  -29.432659   -4.144647  -39.974957
     0.559874   -2.000000  -17.745688  -14.959020  -27.844195
     0.559874   -2.000000  -31.255112  -30.678485   32.747174
     0.559874   -2.000000   22.378894   33.157998  -33.438489
     0.559874   -2.000000  -16.537548  -32.271959    2.232572
     0.559874   -2.000000  -25.167456   14.204200   -8.910341
     0.559874   -2.000000  -14.883220   11.184562   -6.541013
     0.559874   -2.000000   28.613812   25.110878  -29.551694
     0.559874   -2.000000   10.684875  -32.739001   20.681259
     0.559874   -2.000000   14.632125    6.651644  -37.769876
     0.559874   -2.000000    3.788920  -18.750553  -18.970274
     0.559874   -2.000000  -24.027803  -23.556878  -22.100358
     0.559874   -2.000000   -1.551270   13.474441   35.569834
     0.559874   -2.000000   -0.387641   21.220809  -36.367961
     0.559874   -2.000000   34.561616    9.541162  -20.859000
     0.559874   -2.000000   -1.785099  -17.811292  -17.494038
     0.559874   -2.000000   32.253259   -3.336360   31.637707
     0.559874   -2.000000   31.098914  -24.884770   18.007632
     0.559874   -2.000000    0.118986    5.047177  -38.328744
     0.559874   -2.000000    9.230082   -3.397350   33.071251
     0.559874   -2.000000   30.668637    7.119869  -15.332708
     0.559874   -2.000000  -19.054993  -14.742115   29.407442
     0.559874   -2.000000   17.885200  -38.183292   21.192232
     0.559874   -2.000000  -32.895137  -23.159229   -8.665050
     0.559874   -2.000000   18.879521  -27.782887  -18.222862
     0.559874   -2.000000   -8.689003  -23.654177   39.892217
     0.559874   -2.000000  -17.136673  -30.770468   10.505675
     0.559874   -2.000000  -15.921169   19.825984    6.666852
     0.559874   -2.000000   -5.113426   -0.964539   15.138717
     0.559874   -2.000000   20.326842   37.418601   36.581997
     0.559874   -2.000000   16.636917  -31.467873  -10.775251
     0.559874   -2.000000   17.162911   -0.896373   14.683891
     0.559874   -2.000000   25.640057   37.717730   19.241506
     0.559874   -2.000000  -29.672995   -5.817166   37.265344
     0.559874   -2.000000   34.090341    9.269365   37.823565
     0.559874   -2.000000   40.503733   -6.589157   -3.539600
     0.559874   -2.000000   21.026809  -11.236164   -5.254775
     0.559874   -2.000000   -5.990110  -32.462423   29.008085
     0.559874   -2.000000   14.620563   28.392007  -31.477250
     0.559874   -2.000000    3.625360   21.437888   33.777818
     0.559874   -2.000000  -33.806261   15.626273    8.855571
     0.559874   -2.000000  -19.547190   38.541127  -18.928875
     0.559874   -2.000000    5.111959  -27.839954  -38.267891
     0.559874   -2.000000  -30.776772  -11.699801  -27.899206
     0.559874   -2.000000  -19.837417   40.209535   38.599192
     0.559874   -2.000000    3.708137  -35.873410  -11.004036
     0.559874   -2.000000   -1.655874   31.027635  -35.864232
     0.559874   -2.000000  -16.031081  -33.192911   38.362836
     0.559874   -2.000000   26.958864   20.201167  -28.083709
     0.559874   -2.000000  -22.833203   -4.828173   10.750223
     0.559874   -2.000000  -31.567658   17.644320  -12.100632
     0.559874   -2.000000  -30.151017   36.495855   -5.420778
     0.559874   -2.000000   17.899584  -33.243637   -8.970823
     0.559874   -2.000000   12.701753  -13.455337   35.931071
     0.559874   -2.000000   -7.966347  -40.441663  -18.547790
     0.559874   -2.000000   19.694622    3.150293  -39.017679
     0.559874   -2.000000  -20.437178   -5.923312   12.060743
     0.559874   -2.000000  -39.253269   33.587522   -2.252744
     0.559874   -2.000000  -26.606987   -3.826344  -24.535104
     0.559874   -2.000000   11.469524   23.148581   15.132575
     0.559874   -2.000000  -14.527324  -35.429463  -10.097748
     0.559874   -2.000000  -27.249021   38.511682   13.578024
     0.559874   -2.000000  -26.659018   12.456029   19.784437
