  3.00      0     -409.50     -2.46     -0.40     -2.06   0.03  0.0300
  3.00      0     -424.46     -0.32      0.81     -1.13   0.02  0.0300
  3.00      0     -433.64     -0.29      1.22     -1.51   0.01  0.0300
  3.00      0     -439.09      1.67      2.97     -1.30   0.01  0.0300
  3.00      0     -442.52      0.94      3.02     -2.08   0.01  0.0300
  3.00      0     -447.29      0.43      2.66     -2.23   0.01  0.0300
  3.00      0     -448.76      0.70      2.83     -2.13   0.01  0.0300
  3.00      0     -450.74      0.64      2.77     -2.13   0.01  0.0300
  3.00      0     -452.11      0.50      2.18     -1.68   0.01  0.0300
  3.00      1     -450.93      0.67      1.91     -1.23   0.01  0.0300
  3.00      1     -452.72      0.59      1.69     -1.11   0.01  0.0300
  3.00      1     -453.36      0.28      1.40     -1.12   0.01  0.0300
  3.00      1     -453.55      0.65      1.80     -1.15   0.01  0.0300
  3.00      1     -454.64      0.61      1.79     -1.18   0.01  0.0300
  3.00      1     -456.55      0.53      1.72     -1.19   0.01  0.0300
  3.00      1     -458.34      0.56      1.67     -1.11   0.01  0.0300
  3.00      1     -458.84      0.53      1.58     -1.05   0.01  0.0300
  3.00      1     -459.76      0.50      1.52     -1.03   0.02  0.0300
  3.00      1     -460.25      0.21      1.29     -1.09   0.02  0.0300
  3.00      2     -461.09      0.14      1.12     -0.99   0.02  0.0300
  3.00      2     -461.49      0.30      1.30     -1.01   0.02  0.0300
  3.00      2     -461.47      0.10      1.06     -0.95   0.02  0.0300
  3.00      2     -461.14     -0.05      0.91     -0.96   0.02  0.0300
  3.00      2     -460.65     -0.00      0.96     -0.96   0.02  0.0300
  3.00      2     -460.96     -0.20      0.69     -0.89   0.02  0.0300
  3.00      2     -461.47     -0.22      0.69     -0.91   0.02  0.0300
  3.00      2     -461.83     -0.06      0.88     -0.94   0.02  0.0300
  3.00      2     -462.07     -0.02      0.86     -0.87   0.02  0.0300
  3.00      2     -462.55      0.24      1.07     -0.83   0.02  0.0300
  3.00      3     -462.85      0.11      0.97     -0.86   0.02  0.0300
  3.00      3     -462.90     -0.02      0.85     -0.86   0.02  0.0300
  3.00      3     -463.19      0.14      0.99     -0.86   0.02  0.0300
  3.00      3     -463.23     -0.08      0.78     -0.86   0.02  0.0300
  3.00      3     -463.56     -0.24      0.59     -0.83   0.02  0.0300
  3.00      3     -463.58      0.02      1.00     -0.98   0.02  0.0300
  3.00      3     -464.02     -0.28      0.52     -0.80   0.02  0.0300
  3.00      3     -463.69     -0.30      0.58     -0.87   0.02  0.0300
  3.00      3     -464.10     -0.18      0.59     -0.77   0.02  0.0300
  3.00      3     -464.14     -0.20      0.67     -0.87   0.02  0.0300
  3.00      3     -464.39     -0.17      0.56     -0.73   0.02  0.0300
  3.00      3     -463.89     -0.38      0.45     -0.83   0.02  0.0300
  3.00      3     -464.23     -0.14      0.57     -0.72   0.01  0.0300
  3.00      3     -463.51     -0.37      0.46     -0.83   0.02  0.0300
  3.00      3     -464.38     -0.00      0.70     -0.71   0.01  0.0300
  3.00      3     -463.69     -0.45      0.40     -0.85   0.02  0.0300
  3.00      4     -464.39     -0.15      0.54     -0.69   0.02  0.0300
  3.00      3     -464.04     -0.29      0.58     -0.87   0.02  0.0300
  3.00      3     -464.27     -0.26      0.61     -0.87   0.02  0.0300
  3.00      3     -464.36     -0.24      0.64     -0.88   0.02  0.0300
  3.00      4     -464.72     -0.55      0.30     -0.86   0.02  0.0300
  3.00      4     -464.77     -0.47      0.37     -0.84   0.02  0.0300
  3.00      4     -464.94     -0.45      0.35     -0.80   0.02  0.0300
  3.00      4     -464.94     -0.32      0.45     -0.76   0.02  0.0300
  3.00      4     -465.10     -0.26      0.48     -0.74   0.02  0.0300
  3.00      4     -465.27     -0.32      0.40     -0.73   0.02  0.0300
  3.00      4     -465.41     -0.41      0.29     -0.70   0.02  0.0300
  3.00      4     -465.52     -0.59      0.09     -0.68   0.02  0.0300
  3.00      4     -465.65     -0.96     -0.33     -0.63   0.02  0.0300
  3.00      4     -465.63     -1.02     -0.43     -0.59   0.02  0.0300
  3.00      5     -465.61     -0.90     -0.30     -0.60   0.02  0.0300
  3.00      5     -465.89     -0.73     -0.15     -0.59   0.02  0.0300
  3.00      5     -466.02     -0.49      0.12     -0.60   0.02  0.0300
  3.00      5     -466.01     -0.53      0.07     -0.60   0.02  0.0300
  3.00      5     -466.05     -0.56      0.02     -0.58   0.02  0.0300
  3.00      5     -465.91     -0.29      0.32     -0.61   0.02  0.0300
  3.00      5     -466.48     -0.06      0.53     -0.59   0.02  0.0300
  3.00      5     -466.78      0.09      0.74     -0.66   0.04  0.0300
  3.00      5     -466.89      0.21      0.89     -0.69   0.04  0.0300
  3.00      5     -466.94      0.06      0.73     -0.68   0.05  0.0300
  3.00      6     -466.93     -0.03      0.58     -0.60   0.05  0.0300
  3.00      6     -467.24     -0.17      0.46     -0.63   0.05  0.0300
  3.00      6     -467.27     -0.40      0.22     -0.62   0.05  0.0300
  3.00      6     -467.41     -0.54      0.09     -0.63   0.04  0.0300
  3.00      6     -467.69     -0.70     -0.10     -0.60   0.04  0.0300
  3.00      6     -467.90     -1.06     -0.54     -0.53   0.04  0.0300
  3.00      6     -467.87     -1.37     -0.83     -0.54   0.04  0.0300
  3.00      6     -468.18     -1.49     -0.93     -0.56   0.04  0.0300
  3.00      6     -468.11     -1.51     -0.97     -0.54   0.04  0.0300
  3.00      6     -468.12     -1.49     -0.95     -0.54   0.04  0.0300
  3.00      7     -468.24     -1.52     -0.98     -0.54   0.04  0.0300
  3.00      7     -468.31     -1.61     -1.05     -0.56   0.04  0.0300
  3.00      7     -468.39     -1.66     -1.07     -0.58   0.04  0.0300
  3.00      7     -468.22     -1.48     -0.85     -0.63   0.04  0.0300
  3.00      7     -468.22     -1.36     -0.76     -0.59   0.04  0.0300
  3.00      7     -468.21     -1.28     -0.68     -0.61   0.04  0.0300
  3.00      7     -468.34     -1.18     -0.53     -0.65   0.04  0.0300
  3.00      7     -468.45     -1.22     -0.59     -0.63   0.04  0.0300
  3.00      7     -468.50     -1.16     -0.59     -0.58   0.04  0.0300
  3.00      7     -468.63     -1.11     -0.61     -0.50   0.04  0.0300
  3.00      8     -468.82     -1.09     -0.61     -0.48   0.03  0.0300
  3.00      8     -468.86     -1.40     -0.89     -0.52   0.03  0.0300
  3.00      8     -468.64     -1.56     -1.05     -0.51   0.03  0.0300
  3.00      8     -468.47     -1.52     -1.03     -0.49   0.03  0.0300
  3.00      8     -468.49     -1.53     -1.06     -0.47   0.03  0.0300
  3.00      8     -468.46     -1.42     -0.96     -0.45   0.03  0.0300
  3.00      8     -468.47     -1.21     -0.80     -0.42   0.03  0.0300
  3.00      8     -468.38     -1.08     -0.64     -0.43   0.03  0.0300
  3.00      8     -468.28     -0.96     -0.54     -0.42   0.03  0.0300
  3.00      8     -468.31     -0.81     -0.41     -0.40   0.04  0.0300
  3.00      9     -468.41     -0.61     -0.23     -0.38   0.04  0.0300
  3.00      9     -468.27     -0.58     -0.21     -0.37   0.04  0.0300
  3.00      9     -468.33     -0.63     -0.30     -0.34   0.04  0.0300
  3.00      9     -468.33     -0.66     -0.35     -0.31   0.04  0.0300
  3.00      9     -468.51     -0.75     -0.46     -0.29   0.04  0.0300
  3.00      9     -468.53     -0.85     -0.58     -0.27   0.04  0.0300
  3.00      9     -468.41     -0.94     -0.65     -0.29   0.04  0.0300
  3.00      9     -468.29     -0.91     -0.65     -0.26   0.04  0.0300
  3.00      9     -468.09     -0.80     -0.53     -0.27   0.04  0.0300
  3.00      9     -467.99     -0.68     -0.41     -0.26   0.04  0.0300
  3.00     10     -467.64     -0.58     -0.32     -0.26   0.04  0.0300
  3.00     10     -467.46     -0.58     -0.32     -0.25   0.04  0.0300
  3.00     10     -467.35     -0.53     -0.28     -0.25   0.04  0.0300
  3.00     10     -467.16     -0.43     -0.22     -0.21   0.04  0.0300
  3.00     10     -467.10     -0.46     -0.21     -0.25   0.04  0.0300
  3.00     10     -467.08     -0.46     -0.21     -0.25   0.04  0.0300
  3.00     10     -466.98     -0.52     -0.29     -0.23   0.04  0.0300
  3.00     10     -466.88     -0.51     -0.34     -0.17   0.04  0.0300
  3.00     10     -466.89     -0.58     -0.40     -0.18   0.04  0.0300
  3.00     10     -466.81     -0.63     -0.48     -0.15   0.04  0.0300
  3.00     11     -466.84     -0.72     -0.61     -0.11   0.04  0.0300
  3.00     11     -466.95     -0.81     -0.75     -0.05   0.04  0.0300
  3.00     11     -467.10     -1.01     -0.98     -0.03   0.04  0.0300
  3.00     11     -467.18     -1.16     -1.13     -0.03   0.04  0.0300
  3.00     11     -467.35     -1.23     -1.24      0.01   0.03  0.0300
  3.00     11     -467.38     -1.30     -1.38      0.07   0.03  0.0300
  3.00     11     -467.41     -1.41     -1.53      0.12   0.03  0.0300
  3.00     11     -467.47     -1.58     -1.71      0.13   0.03  0.0300
  3.00     11     -467.54     -1.70     -1.84      0.14   0.03  0.0300
  3.00     11     -467.50     -1.79     -1.95      0.16   0.03  0.0300
  3.00     12     -467.47     -1.85     -2.05      0.20   0.03  0.0300
  3.00     12     -467.33     -1.90     -2.08      0.19   0.03  0.0300
  3.00     12     -467.27     -1.97     -2.13      0.16   0.03  0.0300
  3.00     12     -467.24     -2.08     -2.24      0.16   0.03  0.0300
  3.00     12     -467.25     -2.18     -2.33      0.15   0.03  0.0300
  3.00     12     -467.15     -2.27     -2.41      0.14   0.03  0.0300
  3.00     12     -467.03     -2.24     -2.38      0.14   0.03  0.0300
  3.00     12     -467.02     -2.21     -2.36      0.15   0.03  0.0300
  3.00     12     -467.06     -2.22     -2.33      0.11   0.03  0.0300
  3.00     12     -467.17     -2.17     -2.24      0.07   0.03  0.0300
  3.00     13     -467.23     -2.13     -2.18      0.05   0.03  0.0300
  3.00     13     -467.32     -2.22     -2.28      0.06   0.03  0.0300
  3.00     13     -467.33     -2.26     -2.32      0.07   0.03  0.0300
  3.00     13     -467.39     -2.27     -2.32      0.05   0.03  0.0300
  3.00     13     -467.32     -2.23     -2.28      0.05   0.03  0.0300
  3.00     13     -467.36     -2.26     -2.32      0.06   0.03  0.0300
  3.00     13     -467.36     -2.27     -2.33      0.06   0.03  0.0300
  3.00     13     -467.29     -2.28     -2.33      0.05   0.03  0.0300
  3.00     13     -467.22     -2.27     -2.31      0.04   0.03  0.0300
  3.00     13     -467.20     -2.25     -2.24     -0.01   0.03  0.0300
  3.00     14     -467.14     -2.17     -2.17      0.00   0.03  0.0300
  3.00     14     -467.06     -2.01     -1.98     -0.04   0.03  0.0300
  3.00     14     -466.99     -1.98     -1.89     -0.09   0.03  0.0300
  3.00     14     -466.88     -1.93     -1.84     -0.09   0.03  0.0300
  3.00     14     -466.91     -1.92     -1.82     -0.10   0.03  0.0300
  3.00     14     -466.87     -1.90     -1.81     -0.10   0.03  0.0300
  3.00     14     -466.74     -1.90     -1.79     -0.11   0.03  0.0300
  3.00     14     -466.71     -1.95     -1.87     -0.08   0.03  0.0300
  3.00     14     -466.89     -2.05     -1.98     -0.07   0.03  0.0300
  3.00     14     -467.01     -2.19     -2.12     -0.06   0.03  0.0300
  3.00     15     -467.09     -2.28     -2.24     -0.05   0.03  0.0300
  3.00     15     -467.13     -2.30     -2.26     -0.04   0.03  0.0300
  3.00     15     -467.15     -2.24     -2.21     -0.03   0.03  0.0300
  3.00     15     -467.12     -2.18     -2.16     -0.02   0.03  0.0300
  3.00     15     -467.11     -2.15     -2.13     -0.02   0.03  0.0300
  3.00     15     -467.10     -2.08     -2.07     -0.00   0.03  0.0300
  3.00     15     -467.08     -2.05     -2.06      0.01   0.03  0.0300
  3.00     15     -467.04     -2.04     -2.05      0.01   0.02  0.0300
  3.00     15     -467.09     -2.05     -2.03     -0.02   0.02  0.0300
  3.00     15     -467.11     -2.00     -1.98     -0.03   0.02  0.0300
  3.00     16     -467.10     -1.90     -1.86     -0.04   0.02  0.0300
  3.00     16     -467.19     -1.69     -1.64     -0.05   0.02  0.0300
  3.00     16     -467.25     -1.49     -1.44     -0.05   0.02  0.0300
  3.00     16     -467.28     -1.38     -1.33     -0.05   0.02  0.0300
  3.00     16     -467.21     -1.33     -1.26     -0.06   0.02  0.0300
  3.00     16     -467.13     -1.27     -1.19     -0.08   0.02  0.0300
  3.00     16     -467.09     -1.18     -1.13     -0.05   0.02  0.0300
  3.00     16     -467.05     -1.12     -1.07     -0.04   0.02  0.0300
  3.00     16     -466.98     -1.11     -1.06     -0.05   0.02  0.0300
  3.00     16     -466.99     -1.11     -1.03     -0.08   0.02  0.0300
  3.00     17     -467.06     -1.09     -1.01     -0.08   0.02  0.0300
  3.00     17     -467.14     -1.08     -1.01     -0.07   0.02  0.0300
  3.00     17     -467.11     -1.11     -1.04     -0.06   0.02  0.0300
  3.00     17     -467.14     -1.16     -1.09     -0.07   0.02  0.0300
  3.00     17     -467.16     -1.22     -1.15     -0.07   0.02  0.0300
  3.00     17     -467.15     -1.29     -1.20     -0.08   0.02  0.0300
  3.00     17     -467.17     -1.30     -1.21     -0.09   0.02  0.0300
  3.00     17     -467.11     -1.37     -1.25     -0.12   0.02  0.0300
  3.00     17     -467.16     -1.42     -1.30     -0.12   0.02  0.0300
  3.00     17     -467.22     -1.48     -1.38     -0.10   0.02  0.0300
  3.00     18     -467.22     -1.52     -1.43     -0.09   0.02  0.0300
  3.00     18     -467.09     -1.57     -1.44     -0.12   0.02  0.0300
  3.00     18     -467.12     -1.66     -1.52     -0.14   0.02  0.0300
  3.00     18     -467.19     -1.74     -1.60     -0.14   0.02  0.0300
  3.00     18     -467.15     -1.74     -1.64     -0.10   0.02  0.0300
  3.00     18     -467.02     -1.71     -1.62     -0.10   0.02  0.0300
  3.00     18     -466.93     -1.72     -1.63     -0.09   0.02  0.0300
  3.00     18     -466.87     -1.71     -1.62     -0.09   0.02  0.0300
  3.00     18     -466.88     -1.69     -1.58     -0.11   0.02  0.0300
  3.00     18     -466.95     -1.68     -1.55     -0.12   0.02  0.0300
  3.00     19     -466.99     -1.66     -1.53     -0.13   0.02  0.0300
  3.00     19     -466.94     -1.68     -1.53     -0.15   0.02  0.0300
  3.00     19     -466.95     -1.72     -1.56     -0.16   0.02  0.0300
  3.00     19     -466.95     -1.75     -1.58     -0.17   0.02  0.0300
  3.00     19     -466.99     -1.79     -1.63     -0.16   0.02  0.0300
  3.00     19     -467.01     -1.84     -1.68     -0.16   0.02  0.0300
  3.00     19     -466.99     -1.92     -1.73     -0.18   0.02  0.0300
  3.00     19     -467.04     -1.96     -1.78     -0.18   0.02  0.0300
  3.00     19     -467.09     -1.95     -1.77     -0.18   0.02  0.0300
  3.00     19     -467.09     -1.88     -1.71     -0.17   0.02  0.0300
  3.00     20     -467.11     -1.76     -1.60     -0.16   0.03  0.0300
  3.00     20     -467.18     -1.65     -1.50     -0.15   0.02  0.0300
  3.00     20     -467.14     -1.54     -1.41     -0.13   0.02  0.0300
  3.00     20     -467.13     -1.45     -1.34     -0.11   0.02  0.0300
  3.00     20     -467.07     -1.42     -1.33     -0.09   0.02  0.0300
  3.00     20     -467.11     -1.44     -1.35     -0.09   0.02  0.0300
  3.00     20     -467.21     -1.43     -1.33     -0.10   0.02  0.0300
  3.00     20     -467.28     -1.42     -1.30     -0.12   0.02  0.0300
  3.00     20     -467.25     -1.41     -1.27     -0.14   0.02  0.0300
  3.00     20     -467.33     -1.38     -1.23     -0.15   0.02  0.0300
  3.00     21     -467.37     -1.38     -1.22     -0.17   0.02  0.0300
  3.00     21     -467.34     -1.36     -1.19     -0.17   0.02  0.0300
  3.00     21     -467.35     -1.35     -1.16     -0.18   0.02  0.0300
  3.00     21     -467.31     -1.35     -1.17     -0.18   0.02  0.0300
  3.00     21     -467.15     -1.36     -1.20     -0.16   0.02  0.0300
  3.00     21     -467.11     -1.42     -1.28     -0.14   0.02  0.0300
  3.00     21     -467.12     -1.45     -1.33     -0.12   0.02  0.0300
  3.00     21     -467.12     -1.49     -1.38     -0.11   0.02  0.0300
  3.00     21     -467.10     -1.54     -1.43     -0.11   0.02  0.0300
  3.00     21     -467.17     -1.49     -1.38     -0.11   0.02  0.0300
  3.00     22     -467.13     -1.51     -1.38     -0.13   0.02  0.0300
  3.00     22     -467.15     -1.49     -1.36     -0.12   0.02  0.0300
  3.00     22     -467.08     -1.41     -1.29     -0.12   0.02  0.0300
  3.00     22     -467.08     -1.40     -1.26     -0.14   0.02  0.0300
  3.00     22     -467.07     -1.34     -1.20     -0.14   0.02  0.0300
  3.00     22     -467.06     -1.29     -1.17     -0.12   0.02  0.0300
  3.00     22     -467.12     -1.26     -1.12     -0.14   0.02  0.0300
  3.00     22     -467.04     -1.27     -1.12     -0.15   0.02  0.0300
  3.00     22     -466.97     -1.27     -1.11     -0.16   0.02  0.0300
  3.00     22     -466.93     -1.25     -1.05     -0.20   0.02  0.0300
  3.00     23     -466.93     -1.23     -1.00     -0.23   0.02  0.0300
  3.00     23     -466.91     -1.17     -0.93     -0.24   0.02  0.0300
  3.00     23     -466.93     -1.06     -0.83     -0.22   0.02  0.0300
  3.00     23     -466.91     -0.98     -0.76     -0.22   0.02  0.0300
  3.00     23     -466.97     -0.85     -0.64     -0.21   0.02  0.0300
  3.00     23     -467.02     -0.71     -0.51     -0.20   0.02  0.0300
  3.00     23     -467.04     -0.60     -0.39     -0.20   0.02  0.0300
  3.00     23     -467.03     -0.52     -0.32     -0.20   0.02  0.0300
  3.00     23     -467.04     -0.47     -0.26     -0.21   0.02  0.0300
  3.00     23     -467.13     -0.39     -0.19     -0.20   0.02  0.0300
  3.00     24     -467.14     -0.35     -0.15     -0.21   0.02  0.0300
  3.00     24     -467.15     -0.40     -0.19     -0.21   0.02  0.0300
  3.00     24     -467.18     -0.46     -0.26     -0.20   0.02  0.0300
  3.00     24     -467.23     -0.51     -0.32     -0.19   0.02  0.0300
  3.00     24     -467.29     -0.53     -0.35     -0.17   0.02  0.0300
  3.00     24     -467.33     -0.52     -0.34     -0.18   0.02  0.0300
  3.00     24     -467.33     -0.49     -0.27     -0.21   0.02  0.0300
  3.00     24     -467.38     -0.40     -0.17     -0.23   0.02  0.0300
  3.00     24     -467.42     -0.30     -0.07     -0.23   0.02  0.0300
  3.00     24     -467.44     -0.24      0.01     -0.25   0.02  0.0300
  3.00     25     -467.41     -0.26     -0.00     -0.26   0.02  0.0300
  3.00     25     -467.41     -0.28     -0.01     -0.27   0.02  0.0300
  3.00     25     -467.43     -0.26      0.01     -0.27   0.02  0.0300
  3.00     25     -467.54     -0.19      0.09     -0.28   0.02  0.0300
  3.00     25     -467.60     -0.13      0.14     -0.27   0.02  0.0300
  3.00     25     -467.67     -0.05      0.23     -0.29   0.02  0.0300
  3.00     25     -467.72      0.03      0.32     -0.30   0.02  0.0300
  3.00     25     -467.74      0.07      0.37     -0.30   0.02  0.0300
  3.00     25     -467.70      0.10      0.38     -0.28   0.02  0.0300
  3.00     25     -467.73      0.11      0.38     -0.27   0.02  0.0300
  3.00     26     -467.68      0.14      0.42     -0.28   0.02  0.0300
  3.00     26     -467.67      0.14      0.42     -0.28   0.02  0.0300
  3.00     26     -467.70      0.14      0.41     -0.27   0.02  0.0300
  3.00     26     -467.73      0.17      0.43     -0.26   0.02  0.0300
  3.00     26     -467.74      0.16      0.41     -0.25   0.02  0.0300
  3.00     26     -467.77      0.15      0.39     -0.24   0.02  0.0300
  3.00     26     -467.78      0.14      0.38     -0.24   0.02  0.0300
  3.00     26     -467.75      0.12      0.36     -0.24   0.02  0.0300
  3.00     26     -467.69      0.15      0.38     -0.22   0.02  0.0300
  3.00     26     -467.62      0.19      0.42     -0.22   0.02  0.0300
  3.00     27     -467.58      0.21      0.44     -0.23   0.02  0.0300
  3.00     27     -467.58      0.17      0.41     -0.24   0.02  0.0300
  3.00     27     -467.62      0.14      0.38     -0.24   0.02  0.0300
  3.00     27     -467.72      0.12      0.38     -0.26   0.02  0.0300
  3.00     27     -467.71      0.12      0.41     -0.29   0.02  0.0300
  3.00     27     -467.65      0.11      0.42     -0.30   0.02  0.0300
  3.00     27     -467.62      0.12      0.42     -0.30   0.02  0.0300
  3.00     27     -467.64      0.13      0.42     -0.30   0.02  0.0300
  3.00     27     -467.68      0.14      0.44     -0.30   0.02  0.0300
  3.00     27     -467.72      0.17      0.47     -0.30   0.02  0.0300
  3.00     28     -467.76      0.21      0.50     -0.29   0.02  0.0300
  3.00     28     -467.80      0.23      0.51     -0.27   0.02  0.0300
  3.00     28     -467.75      0.27      0.52     -0.25   0.02  0.0300
  3.00     28     -467.74      0.31      0.55     -0.24   0.02  0.0300
  3.00     28     -467.71      0.33      0.57     -0.24   0.02  0.0300
  3.00     28     -467.75      0.38      0.61     -0.23   0.02  0.0300
  3.00     28     -467.76      0.38      0.61     -0.23   0.02  0.0300
  3.00     28     -467.82      0.33      0.58     -0.25   0.02  0.0300
  3.00     28     -467.88      0.32      0.59     -0.27   0.02  0.0300
  3.00     28     -467.89      0.32      0.61     -0.29   0.02  0.0300
  3.00     29     -467.93      0.31      0.61     -0.31   0.02  0.0300
  3.00     29     -467.97      0.29      0.62     -0.33   0.02  0.0300
  3.00     29     -467.96      0.25      0.59     -0.35   0.02  0.0300
  3.00     29     -467.96      0.22      0.56     -0.35   0.02  0.0300
  3.00     29     -467.98      0.17      0.50     -0.33   0.02  0.0300
  3.00     29     -468.03      0.15      0.48     -0.33   0.02  0.0300
  3.00     29     -468.11      0.14      0.47     -0.33   0.02  0.0300
  3.00     29     -468.11      0.16      0.49     -0.33   0.02  0.0300
  3.00     29     -468.05      0.17      0.51     -0.34   0.02  0.0300
  3.00     29     -468.00      0.19      0.54     -0.35   0.02  0.0300
  3.00     30     -467.97      0.22      0.56     -0.34   0.02  0.0300
  3.00     30     -467.97      0.22      0.54     -0.32   0.02  0.0300
  3.00     30     -468.00      0.22      0.52     -0.30   0.02  0.0300
  3.00     30     -468.04      0.25      0.52     -0.28   0.02  0.0300
  3.00     30     -468.09      0.28      0.54     -0.26   0.02  0.0300
  3.00     30     -468.11      0.35      0.61     -0.26   0.02  0.0300
  3.00     30     -468.12      0.38      0.65     -0.27   0.02  0.0300
  3.00     30     -468.14      0.40      0.67     -0.27   0.02  0.0300
  3.00     30     -468.12      0.41      0.67     -0.27   0.02  0.0300
  3.00     30     -468.14      0.39      0.67     -0.28   0.02  0.0300
  3.00     31     -468.15      0.37      0.66     -0.29   0.02  0.0300
