  1.01      0     -438.44     74.60     67.96      6.65   0.91  0.0300
  1.01      0     -443.73     71.83     66.00      5.83   0.92  0.0300
  1.01      0     -446.15     72.58     64.74      7.84   0.92  0.0300
  1.01      0     -446.74     71.69     63.46      8.23   0.89  0.0300
  1.01      0     -450.45     71.61     63.43      8.18   0.89  0.0300
  1.01      0     -453.25     70.93     62.51      8.42   0.87  0.0300
  1.01      0     -457.52     72.06     63.43      8.63   0.89  0.0300
  1.01      0     -462.20     72.54     63.98      8.56   0.90  0.0300
  1.01      0     -466.20     71.15     62.51      8.65   0.90  0.0300
  1.01      1     -469.19     71.77     62.81      8.96   0.91  0.0300
  1.01      1     -471.04     72.77     63.76      9.01   0.92  0.0300
  1.01      1     -473.32     73.31     63.99      9.32   0.93  0.0300
  1.01      1     -474.71     72.91     63.27      9.64   0.92  0.0300
  1.01      1     -476.96     72.33     62.53      9.80   0.92  0.0300
  1.01      1     -478.77     72.22     62.36      9.86   0.92  0.0300
  1.01      1     -479.07     72.01     62.08      9.93   0.91  0.0300
  1.01      1     -480.31     71.12     60.98     10.14   0.90  0.0300
  1.01      1     -481.16     70.36     59.98     10.39   0.89  0.0300
  1.01      1     -481.88     70.62     60.29     10.33   0.89  0.0300
  1.01      2     -482.26     70.31     59.72     10.59   0.89  0.0300
  1.01      2     -483.14     70.57     60.07     10.49   0.90  0.0300
  1.01      2     -483.63     71.00     60.38     10.61   0.90  0.0300
  1.01      2     -483.67     70.80     60.00     10.80   0.89  0.0300
  1.01      2     -484.21     69.91     58.98     10.93   0.88  0.0300
  1.01      2     -484.64     69.36     58.46     10.90   0.88  0.0300
  1.01      2     -485.17     68.88     57.82     11.06   0.87  0.0300
  1.01      2     -485.21     68.33     57.25     11.07   0.86  0.0300
  1.01      2     -485.82     68.17     57.08     11.10   0.86  0.0300
  1.01      2     -485.79     68.15     56.93     11.22   0.86  0.0300
  1.01      3     -485.71     68.08     56.66     11.42   0.86  0.0300
  1.01      3     -485.98     67.78     56.25     11.53   0.85  0.0300
  1.01      3     -486.11     67.25     55.60     11.65   0.83  0.0300
  1.01      3     -486.34     66.82     55.00     11.82   0.83  0.0300
  1.01      3     -486.47     66.90     55.05     11.85   0.83  0.0300
  1.01      3     -486.68     66.81     54.95     11.86   0.83  0.0300
  1.01      3     -486.60     66.89     55.08     11.81   0.82  0.0300
  1.01      3     -487.21     66.40     54.49     11.91   0.83  0.0300
  1.01      3     -486.83     66.94     55.19     11.75   0.83  0.0300
  1.01      3     -487.48     66.38     54.45     11.93   0.84  0.0300
  1.01      3     -486.95     67.00     55.29     11.71   0.83  0.0300
  1.01      3     -487.66     66.63     54.70     11.93   0.84  0.0300
  1.01      3     -486.92     66.82     55.08     11.74   0.83  0.0300
  1.01      3     -487.52     67.00     55.04     11.96   0.85  0.0300
  1.01      3     -487.06     66.93     55.24     11.69   0.84  0.0300
  1.01      3     -487.79     67.53     55.65     11.87   0.86  0.0300
  1.01      4     -487.19     67.14     55.52     11.62   0.84  0.0300
  1.01      3     -488.00     67.23     55.34     11.89   0.86  0.0300
  1.01      3     -488.20     66.83     55.07     11.77   0.86  0.0300
  1.01      3     -488.23     66.74     55.01     11.73   0.86  0.0300
  1.01      4     -488.26     66.36     54.61     11.75   0.86  0.0300
  1.01      4     -488.32     65.89     54.18     11.72   0.86  0.0300
  1.01      4     -488.09     65.37     53.64     11.73   0.85  0.0300
  1.01      4     -488.09     65.22     53.51     11.71   0.83  0.0300
  1.01      4     -488.24     65.38     53.64     11.74   0.84  0.0300
  1.01      4     -488.46     65.47     53.73     11.74   0.84  0.0300
  1.01      4     -488.65     65.98     54.35     11.64   0.84  0.0300
  1.01      4     -489.00     66.08     54.44     11.64   0.85  0.0300
  1.01      4     -489.12     66.12     54.46     11.66   0.85  0.0300
  1.01      4     -489.07     66.42     54.75     11.67   0.85  0.0300
  1.01      5     -489.15     66.42     54.78     11.63   0.86  0.0300
  1.01      5     -489.24     66.10     54.37     11.73   0.86  0.0300
  1.01      5     -489.24     66.09     54.40     11.70   0.86  0.0300
  1.01      5     -489.33     66.19     54.52     11.67   0.87  0.0300
  1.01      5     -489.35     65.89     54.19     11.70   0.87  0.0300
  1.01      5     -489.54     65.86     54.19     11.67   0.87  0.0300
  1.01      5     -489.73     65.94     54.39     11.55   0.87  0.0300
  1.01      5     -489.51     66.42     54.95     11.47   0.88  0.0300
  1.01      5     -489.51     66.73     55.41     11.32   0.88  0.0300
  1.01      5     -489.41     66.98     55.68     11.30   0.88  0.0300
  1.01      6     -489.46     67.25     55.92     11.33   0.89  0.0300
  1.01      6     -489.65     67.69     56.34     11.35   0.90  0.0300
  1.01      6     -489.76     68.08     56.75     11.33   0.90  0.0300
  1.01      6     -489.79     68.38     57.13     11.25   0.91  0.0300
  1.01      6     -489.83     68.70     57.46     11.24   0.91  0.0300
  1.01      6     -489.78     69.18     57.94     11.24   0.91  0.0300
  1.01      6     -489.90     69.58     58.37     11.20   0.92  0.0300
  1.01      6     -489.72     70.01     58.81     11.20   0.92  0.0300
  1.01      6     -489.81     70.32     59.09     11.23   0.92  0.0300
  1.01      6     -489.93     70.48     59.26     11.22   0.92  0.0300
  1.01      7     -490.00     70.75     59.53     11.22   0.92  0.0300
  1.01      7     -490.08     71.06     59.79     11.27   0.92  0.0300
  1.01      7     -490.21     71.42     60.11     11.31   0.93  0.0300
  1.01      7     -490.33     71.74     60.33     11.41   0.93  0.0300
  1.01      7     -490.43     71.89     60.41     11.48   0.93  0.0300
  1.01      7     -490.81     72.11     60.50     11.61   0.93  0.0300
  1.01      7     -490.97     72.35     60.72     11.63   0.93  0.0300
  1.01      7     -491.17     72.65     61.03     11.62   0.93  0.0300
  1.01      7     -491.14     72.84     61.16     11.68   0.93  0.0300
  1.01      7     -491.07     72.96     61.23     11.73   0.93  0.0300
  1.01      8     -490.73     73.15     61.32     11.84   0.93  0.0300
  1.01      8     -490.66     73.31     61.38     11.94   0.93  0.0300
  1.01      8     -490.79     73.57     61.58     11.99   0.93  0.0300
  1.01      8     -490.93     73.82     61.75     12.07   0.94  0.0300
  1.01      8     -490.89     74.05     61.92     12.13   0.94  0.0300
  1.01      8     -490.83     74.38     62.27     12.11   0.94  0.0300
  1.01      8     -490.69     74.56     62.40     12.16   0.94  0.0300
  1.01      8     -490.63     74.69     62.51     12.17   0.94  0.0300
  1.01      8     -490.69     74.83     62.62     12.21   0.94  0.0300
  1.01      8     -490.80     74.96     62.73     12.23   0.94  0.0300
  1.01      9     -490.81     75.05     62.74     12.32   0.94  0.0300
  1.01      9     -490.92     75.05     62.66     12.39   0.94  0.0300
  1.01      9     -490.85     75.12     62.64     12.48   0.94  0.0300
  1.01      9     -490.94     75.12     62.62     12.51   0.94  0.0300
  1.01      9     -490.84     75.21     62.71     12.50   0.94  0.0300
  1.01      9     -491.00     75.26     62.76     12.50   0.94  0.0300
  1.01      9     -491.04     75.28     62.80     12.48   0.94  0.0300
  1.01      9     -490.96     75.33     62.94     12.39   0.94  0.0300
  1.01      9     -490.94     75.33     62.93     12.41   0.94  0.0300
  1.01      9     -490.99     75.28     62.80     12.48   0.95  0.0300
  1.01     10     -491.11     75.23     62.66     12.57   0.95  0.0300
  1.01     10     -491.14     75.18     62.53     12.65   0.95  0.0300
  1.01     10     -491.18     75.09     62.41     12.68   0.95  0.0300
  1.01     10     -490.98     74.98     62.30     12.68   0.95  0.0300
  1.01     10     -490.83     74.79     62.08     12.72   0.95  0.0300
  1.01     10     -490.76     74.55     61.82     12.73   0.95  0.0300
  1.01     10     -490.65     74.44     61.65     12.79   0.95  0.0300
  1.01     10     -490.56     74.32     61.50     12.82   0.95  0.0300
  1.01     10     -490.60     74.25     61.39     12.86   0.95  0.0300
  1.01     10     -490.58     74.25     61.34     12.91   0.95  0.0300
  1.01     11     -490.68     74.21     61.24     12.98   0.95  0.0300
  1.01     11     -490.60     74.24     61.22     13.03   0.95  0.0300
  1.01     11     -490.57     74.30     61.21     13.08   0.95  0.0300
  1.01     11     -490.46     74.35     61.21     13.15   0.95  0.0300
  1.01     11     -490.39     74.38     61.13     13.24   0.95  0.0300
  1.01     11     -490.31     74.37     61.06     13.32   0.95  0.0300
  1.01     11     -490.23     74.40     61.04     13.36   0.95  0.0300
  1.01     11     -490.36     74.50     61.13     13.36   0.95  0.0300
  1.01     11     -490.29     74.58     61.23     13.35   0.95  0.0300
  1.01     11     -490.19     74.64     61.31     13.33   0.95  0.0300
  1.01     12     -490.14     74.71     61.36     13.35   0.96  0.0300
  1.01     12     -490.06     74.73     61.39     13.34   0.96  0.0300
  1.01     12     -490.09     74.83     61.52     13.31   0.96  0.0300
  1.01     12     -490.03     74.98     61.65     13.33   0.96  0.0300
  1.01     12     -490.05     75.07     61.78     13.29   0.96  0.0300
  1.01     12     -490.09     75.15     61.91     13.24   0.96  0.0300
  1.01     12     -490.01     75.18     62.01     13.17   0.96  0.0300
  1.01     12     -489.98     75.18     62.04     13.15   0.96  0.0300
  1.01     12     -489.86     75.29     62.14     13.16   0.96  0.0300
  1.01     12     -489.87     75.39     62.21     13.17   0.96  0.0300
  1.01     13     -489.96     75.50     62.33     13.17   0.96  0.0300
  1.01     13     -489.85     75.66     62.48     13.18   0.96  0.0300
  1.01     13     -489.88     75.78     62.63     13.14   0.96  0.0300
  1.01     13     -489.86     75.86     62.72     13.14   0.96  0.0300
  1.01     13     -490.00     75.95     62.77     13.18   0.96  0.0300
  1.01     13     -490.07     76.08     62.84     13.23   0.96  0.0300
  1.01     13     -490.07     76.14     62.90     13.25   0.96  0.0300
  1.01     13     -490.09     76.16     62.91     13.25   0.96  0.0300
  1.01     13     -490.11     76.19     62.93     13.26   0.96  0.0300
  1.01     13     -490.13     76.17     62.92     13.25   0.96  0.0300
  1.01     14     -490.11     76.06     62.81     13.25   0.96  0.0300
  1.01     14     -490.20     76.00     62.77     13.23   0.96  0.0300
  1.01     14     -490.20     76.07     62.91     13.17   0.96  0.0300
  1.01     14     -490.23     76.20     63.09     13.11   0.96  0.0300
  1.01     14     -490.36     76.25     63.17     13.08   0.97  0.0300
  1.01     14     -490.57     76.25     63.19     13.06   0.97  0.0300
  1.01     14     -490.68     76.26     63.27     12.99   0.98  0.0300
  1.01     14     -490.75     76.23     63.25     12.98   0.98  0.0300
  1.01     14     -490.81     76.15     63.15     13.00   0.98  0.0300
  1.01     14     -490.95     76.07     63.10     12.97   0.98  0.0300
  1.01     15     -490.98     76.00     63.05     12.95   0.98  0.0300
  1.01     15     -491.01     75.96     63.02     12.94   0.98  0.0300
  1.01     15     -491.04     75.97     63.08     12.89   0.98  0.0300
  1.01     15     -491.13     76.08     63.21     12.87   0.98  0.0300
  1.01     15     -491.15     76.16     63.34     12.82   0.98  0.0300
  1.01     15     -491.21     76.19     63.44     12.75   0.98  0.0300
  1.01     15     -491.32     76.18     63.48     12.70   0.98  0.0300
  1.01     15     -491.43     76.09     63.43     12.66   0.98  0.0300
  1.01     15     -491.63     76.09     63.46     12.63   0.98  0.0300
  1.01     15     -491.67     76.10     63.49     12.61   0.98  0.0300
  1.01     16     -491.70     76.15     63.54     12.60   0.98  0.0300
  1.01     16     -491.71     76.19     63.61     12.58   0.99  0.0300
  1.01     16     -491.67     76.17     63.59     12.58   0.99  0.0300
  1.01     16     -491.68     76.16     63.60     12.56   0.99  0.0300
  1.01     16     -491.69     76.18     63.62     12.55   0.99  0.0300
  1.01     16     -491.63     76.16     63.61     12.56   0.99  0.0300
  1.01     16     -491.67     76.23     63.66     12.57   0.99  0.0300
  1.01     16     -491.75     76.32     63.74     12.58   0.99  0.0300
  1.01     16     -491.79     76.37     63.82     12.54   0.99  0.0300
  1.01     16     -491.80     76.40     63.88     12.51   0.99  0.0300
  1.01     17     -491.86     76.42     63.93     12.49   0.99  0.0300
  1.01     17     -492.01     76.43     63.98     12.45   0.99  0.0300
  1.01     17     -492.06     76.44     64.06     12.39   0.99  0.0300
  1.01     17     -492.13     76.47     64.16     12.31   0.99  0.0300
  1.01     17     -492.38     76.50     64.24     12.26   0.99  0.0300
  1.01     17     -492.52     76.53     64.28     12.24   0.99  0.0300
  1.01     17     -492.56     76.54     64.33     12.21   0.99  0.0300
  1.01     17     -492.53     76.56     64.41     12.14   0.99  0.0300
  1.01     17     -492.55     76.58     64.48     12.10   0.99  0.0300
  1.01     17     -492.49     76.56     64.50     12.06   0.99  0.0300
  1.01     18     -492.42     76.55     64.50     12.05   0.99  0.0300
  1.01     18     -492.40     76.52     64.51     12.01   0.99  0.0300
  1.01     18     -492.28     76.54     64.52     12.02   0.99  0.0300
  1.01     18     -492.27     76.55     64.53     12.02   0.99  0.0300
  1.01     18     -492.27     76.57     64.54     12.03   0.99  0.0300
  1.01     18     -492.31     76.57     64.54     12.03   0.98  0.0300
  1.01     18     -492.25     76.53     64.47     12.06   0.98  0.0300
  1.01     18     -492.31     76.50     64.39     12.11   0.98  0.0300
  1.01     18     -492.25     76.46     64.32     12.14   0.98  0.0300
  1.01     18     -492.16     76.39     64.23     12.15   0.98  0.0300
  1.01     19     -492.14     76.34     64.17     12.17   0.98  0.0300
  1.01     19     -492.19     76.33     64.18     12.15   0.98  0.0300
  1.01     19     -492.21     76.35     64.20     12.14   0.98  0.0300
  1.01     19     -492.21     76.37     64.22     12.15   0.98  0.0300
  1.01     19     -492.12     76.33     64.18     12.15   0.98  0.0300
  1.01     19     -492.02     76.30     64.15     12.15   0.98  0.0300
  1.01     19     -491.86     76.26     64.10     12.16   0.98  0.0300
  1.01     19     -491.86     76.27     64.12     12.15   0.98  0.0300
  1.01     19     -491.88     76.30     64.15     12.15   0.98  0.0300
  1.01     19     -491.88     76.25     64.10     12.14   0.98  0.0300
  1.01     20     -491.93     76.14     63.99     12.15   0.98  0.0300
  1.01     20     -491.89     76.00     63.83     12.16   0.98  0.0300
  1.01     20     -491.92     75.89     63.68     12.21   0.98  0.0300
  1.01     20     -491.86     75.81     63.56     12.25   0.98  0.0300
  1.01     20     -491.86     75.75     63.44     12.31   0.98  0.0300
  1.01     20     -491.86     75.68     63.32     12.35   0.98  0.0300
  1.01     20     -491.88     75.58     63.21     12.37   0.98  0.0300
  1.01     20     -491.89     75.55     63.20     12.35   0.98  0.0300
  1.01     20     -491.81     75.52     63.19     12.33   0.98  0.0300
  1.01     20     -491.82     75.52     63.18     12.34   0.98  0.0300
  1.01     21     -491.92     75.52     63.20     12.32   0.98  0.0300
  1.01     21     -492.01     75.51     63.19     12.32   0.98  0.0300
  1.01     21     -491.97     75.51     63.18     12.34   0.98  0.0300
  1.01     21     -491.94     75.49     63.17     12.32   0.98  0.0300
  1.01     21     -491.99     75.47     63.16     12.32   0.98  0.0300
  1.01     21     -492.04     75.48     63.15     12.33   0.98  0.0300
  1.01     21     -492.01     75.49     63.17     12.32   0.99  0.0300
  1.01     21     -492.02     75.46     63.18     12.29   0.99  0.0300
  1.01     21     -492.00     75.46     63.18     12.28   0.99  0.0300
  1.01     21     -492.01     75.44     63.16     12.28   0.99  0.0300
  1.01     22     -491.95     75.42     63.17     12.25   0.99  0.0300
  1.01     22     -491.87     75.37     63.14     12.23   0.98  0.0300
  1.01     22     -491.85     75.29     63.08     12.21   0.98  0.0300
  1.01     22     -491.84     75.19     63.00     12.19   0.98  0.0300
  1.01     22     -491.86     75.08     62.92     12.17   0.98  0.0300
  1.01     22     -491.87     74.97     62.83     12.14   0.98  0.0300
  1.01     22     -491.92     74.86     62.72     12.14   0.98  0.0300
  1.01     22     -491.97     74.78     62.61     12.17   0.98  0.0300
  1.01     22     -492.01     74.68     62.51     12.16   0.98  0.0300
  1.01     22     -492.00     74.57     62.46     12.10   0.98  0.0300
  1.01     23     -492.07     74.50     62.43     12.07   0.98  0.0300
  1.01     23     -492.03     74.40     62.36     12.05   0.98  0.0300
  1.01     23     -492.04     74.27     62.21     12.06   0.98  0.0300
  1.01     23     -492.12     74.15     62.09     12.06   0.98  0.0300
  1.01     23     -492.18     74.05     62.01     12.04   0.98  0.0300
  1.01     23     -492.19     73.99     61.95     12.04   0.98  0.0300
  1.01     23     -492.16     73.92     61.88     12.04   0.97  0.0300
  1.01     23     -492.17     73.84     61.80     12.04   0.97  0.0300
  1.01     23     -492.13     73.77     61.72     12.04   0.96  0.0300
  1.01     23     -492.08     73.66     61.63     12.03   0.96  0.0300
  1.01     24     -492.08     73.55     61.53     12.02   0.96  0.0300
  1.01     24     -492.02     73.43     61.44     11.99   0.95  0.0300
  1.01     24     -492.02     73.33     61.34     11.99   0.95  0.0300
  1.01     24     -492.02     73.23     61.25     11.98   0.95  0.0300
  1.01     24     -492.00     73.18     61.18     12.00   0.94  0.0300
  1.01     24     -491.97     73.13     61.13     12.00   0.94  0.0300
  1.01     24     -491.95     73.10     61.09     12.02   0.94  0.0300
  1.01     24     -491.95     73.10     61.09     12.02   0.94  0.0300
  1.01     24     -491.99     73.10     61.09     12.01   0.94  0.0300
  1.01     24     -491.98     73.09     61.08     12.01   0.94  0.0300
  1.01     25     -491.94     73.06     61.06     12.00   0.94  0.0300
  1.01     25     -491.91     73.05     61.03     12.02   0.94  0.0300
  1.01     25     -491.92     73.04     60.97     12.06   0.94  0.0300
  1.01     25     -491.95     73.00     60.91     12.09   0.94  0.0300
  1.01     25     -491.95     72.96     60.84     12.12   0.94  0.0300
  1.01     25     -491.94     72.92     60.78     12.14   0.94  0.0300
  1.01     25     -491.91     72.91     60.73     12.18   0.94  0.0300
  1.01     25     -491.99     72.89     60.71     12.18   0.94  0.0300
  1.01     25     -492.07     72.89     60.71     12.18   0.94  0.0300
  1.01     25     -492.08     72.89     60.72     12.17   0.94  0.0300
  1.01     26     -492.11     72.88     60.72     12.16   0.94  0.0300
  1.01     26     -492.13     72.86     60.69     12.17   0.93  0.0300
  1.01     26     -492.14     72.80     60.63     12.16   0.93  0.0300
  1.01     26     -492.17     72.75     60.57     12.18   0.93  0.0300
  1.01     26     -492.15     72.69     60.51     12.18   0.92  0.0300
  1.01     26     -492.14     72.64     60.46     12.17   0.92  0.0300
  1.01     26     -492.20     72.63     60.47     12.16   0.92  0.0300
  1.01     26     -492.24     72.62     60.45     12.17   0.92  0.0300
  1.01     26     -492.30     72.61     60.43     12.19   0.92  0.0300
  1.01     26     -492.26     72.56     60.38     12.18   0.92  0.0300
  1.01     27     -492.21     72.50     60.33     12.17   0.92  0.0300
  1.01     27     -492.20     72.53     60.34     12.19   0.92  0.0300
  1.01     27     -492.21     72.54     60.35     12.19   0.92  0.0300
  1.01     27     -492.23     72.58     60.39     12.19   0.92  0.0300
  1.01     27     -492.24     72.61     60.42     12.19   0.92  0.0300
  1.01     27     -492.25     72.63     60.43     12.19   0.92  0.0300
  1.01     27     -492.29     72.64     60.46     12.17   0.92  0.0300
  1.01     27     -492.31     72.62     60.47     12.16   0.92  0.0300
  1.01     27     -492.32     72.61     60.45     12.16   0.92  0.0300
  1.01     27     -492.30     72.63     60.47     12.16   0.92  0.0300
  1.01     28     -492.31     72.63     60.47     12.15   0.92  0.0300
  1.01     28     -492.34     72.60     60.45     12.15   0.93  0.0300
  1.01     28     -492.35     72.56     60.42     12.15   0.92  0.0300
  1.01     28     -492.37     72.52     60.39     12.14   0.92  0.0300
  1.01     28     -492.40     72.46     60.33     12.13   0.92  0.0300
  1.01     28     -492.43     72.40     60.26     12.13   0.92  0.0300
  1.01     28     -492.43     72.35     60.24     12.12   0.92  0.0300
  1.01     28     -492.47     72.34     60.21     12.13   0.92  0.0300
  1.01     28     -492.42     72.29     60.16     12.13   0.91  0.0300
  1.01     28     -492.42     72.23     60.10     12.13   0.91  0.0300
  1.01     29     -492.41     72.18     60.05     12.14   0.91  0.0300
  1.01     29     -492.41     72.16     60.03     12.13   0.90  0.0300
  1.01     29     -492.39     72.14     60.02     12.13   0.90  0.0300
  1.01     29     -492.43     72.10     60.00     12.10   0.90  0.0300
  1.01     29     -492.43     72.05     59.94     12.11   0.90  0.0300
  1.01     29     -492.40     71.95     59.84     12.11   0.90  0.0300
  1.01     29     -492.39     71.87     59.76     12.11   0.90  0.0300
  1.01     29     -492.34     71.79     59.70     12.10   0.90  0.0300
  1.01     29     -492.34     71.71     59.60     12.10   0.90  0.0300
  1.01     29     -492.34     71.65     59.56     12.10   0.90  0.0300
  1.01     30     -492.32     71.59     59.51     12.09   0.89  0.0300
  1.01     30     -492.32     71.52     59.44     12.08   0.89  0.0300
  1.01     30     -492.32     71.43     59.34     12.10   0.89  0.0300
  1.01     30     -492.40     71.34     59.22     12.12   0.89  0.0300
  1.01     30     -492.43     71.24     59.13     12.11   0.88  0.0300
  1.01     30     -492.42     71.16     59.05     12.11   0.88  0.0300
  1.01     30     -492.43     71.09     58.96     12.13   0.88  0.0300
  1.01     30     -492.40     71.02     58.88     12.14   0.88  0.0300
  1.01     30     -492.39     70.93     58.79     12.15   0.88  0.0300
  1.01     30     -492.40     70.85     58.71     12.14   0.88  0.0300
  1.01     31     -492.37     70.73     58.61     12.12   0.88  0.0300
