  1.03      0     -434.33     33.53     28.03      5.51   0.17  0.0300
  1.03      0     -433.68     31.05     25.47      5.58   0.16  0.0300
  1.03      0     -436.40     30.27     24.55      5.71   0.14  0.0300
  1.03      0     -438.29     31.73     24.97      6.76   0.15  0.0300
  1.03      0     -445.20     34.00     27.49      6.51   0.19  0.0300
  1.03      0     -450.21     35.11     28.74      6.37   0.22  0.0300
  1.03      0     -454.36     35.25     28.93      6.33   0.23  0.0300
  1.03      0     -458.10     34.61     28.19      6.42   0.22  0.0300
  1.03      0     -461.34     32.88     26.35      6.53   0.21  0.0300
  1.03      1     -462.30     33.58     26.82      6.76   0.23  0.0300
  1.03      1     -465.21     32.98     26.00      6.98   0.23  0.0300
  1.03      1     -468.03     34.41     27.47      6.94   0.26  0.0300
  1.03      1     -471.03     34.67     28.00      6.68   0.27  0.0300
  1.03      1     -473.33     35.92     29.54      6.38   0.30  0.0300
  1.03      1     -474.74     36.76     30.50      6.26   0.32  0.0300
  1.03      1     -475.01     36.38     30.05      6.33   0.32  0.0300
  1.03      1     -475.14     36.30     29.88      6.42   0.31  0.0300
  1.03      1     -475.40     35.77     29.30      6.47   0.30  0.0300
  1.03      1     -476.06     35.38     28.78      6.59   0.30  0.0300
  1.03      2     -476.85     35.34     28.64      6.70   0.30  0.0300
  1.03      2     -478.14     35.62     28.98      6.64   0.30  0.0300
  1.03      2     -478.88     35.68     29.05      6.64   0.30  0.0300
  1.03      2     -479.68     36.26     29.80      6.46   0.33  0.0300
  1.03      2     -480.07     36.35     29.83      6.52   0.32  0.0300
  1.03      2     -480.76     36.46     30.15      6.31   0.32  0.0300
  1.03      2     -481.56     36.42     30.12      6.31   0.33  0.0300
  1.03      2     -481.94     36.49     30.24      6.26   0.33  0.0300
  1.03      2     -482.77     36.75     30.59      6.16   0.35  0.0300
  1.03      2     -483.05     37.11     30.75      6.36   0.35  0.0300
  1.03      3     -483.31     37.28     30.91      6.37   0.35  0.0300
  1.03      3     -484.19     37.30     31.02      6.29   0.34  0.0300
  1.03      3     -484.29     37.25     30.95      6.30   0.34  0.0300
  1.03      3     -484.62     36.92     30.51      6.41   0.33  0.0300
  1.03      3     -484.83     36.63     30.18      6.45   0.33  0.0300
  1.03      3     -484.95     37.12     30.69      6.43   0.33  0.0300
  1.03      3     -485.09     36.29     29.83      6.46   0.33  0.0300
  1.03      3     -485.39     36.99     30.62      6.38   0.34  0.0300
  1.03      3     -485.43     35.89     29.40      6.49   0.32  0.0300
  1.03      3     -485.63     37.03     30.57      6.46   0.35  0.0300
  1.03      3     -485.70     36.10     29.63      6.47   0.33  0.0300
  1.03      3     -486.17     37.35     30.92      6.43   0.35  0.0300
  1.03      3     -485.81     36.35     29.91      6.44   0.33  0.0300
  1.03      3     -486.75     37.42     31.10      6.33   0.36  0.0300
  1.03      3     -486.11     36.37     29.92      6.45   0.33  0.0300
  1.03      3     -487.17     37.16     30.73      6.43   0.35  0.0300
  1.03      4     -486.22     36.19     29.68      6.51   0.33  0.0300
  1.03      3     -487.37     36.78     30.27      6.50   0.34  0.0300
  1.03      3     -487.85     36.31     29.73      6.58   0.34  0.0300
  1.03      3     -488.08     35.96     29.29      6.67   0.33  0.0300
  1.03      4     -488.49     35.85     29.27      6.58   0.34  0.0300
  1.03      4     -488.65     35.93     29.44      6.49   0.34  0.0300
  1.03      4     -488.99     35.77     29.31      6.46   0.33  0.0300
  1.03      4     -489.49     35.65     29.18      6.47   0.33  0.0300
  1.03      4     -489.57     35.39     28.91      6.48   0.33  0.0300
  1.03      4     -489.48     34.98     28.38      6.60   0.32  0.0300
  1.03      4     -489.76     34.80     28.01      6.79   0.32  0.0300
  1.03      4     -489.67     34.52     27.70      6.82   0.31  0.0300
  1.03      4     -489.90     34.79     27.95      6.84   0.32  0.0300
  1.03      4     -489.88     34.53     27.56      6.96   0.31  0.0300
  1.03      5     -490.22     34.20     27.18      7.02   0.32  0.0300
  1.03      5     -490.50     34.07     26.93      7.14   0.33  0.0300
  1.03      5     -490.80     34.20     26.98      7.22   0.33  0.0300
  1.03      5     -490.85     34.39     27.19      7.20   0.35  0.0300
  1.03      5     -490.89     34.67     27.60      7.08   0.36  0.0300
  1.03      5     -491.08     35.20     28.16      7.05   0.37  0.0300
  1.03      5     -491.55     35.58     28.58      7.00   0.38  0.0300
  1.03      5     -491.88     35.80     28.86      6.94   0.39  0.0300
  1.03      5     -491.95     35.97     29.01      6.96   0.40  0.0300
  1.03      5     -492.09     35.85     28.98      6.87   0.41  0.0300
  1.03      6     -492.13     35.76     28.95      6.81   0.41  0.0300
  1.03      6     -492.21     35.47     28.69      6.78   0.41  0.0300
  1.03      6     -492.07     35.23     28.37      6.85   0.41  0.0300
  1.03      6     -492.04     35.16     28.28      6.88   0.41  0.0300
  1.03      6     -492.01     35.04     28.18      6.86   0.40  0.0300
  1.03      6     -492.05     35.10     28.20      6.90   0.39  0.0300
  1.03      6     -492.11     35.10     28.18      6.93   0.39  0.0300
  1.03      6     -492.04     35.11     28.12      6.99   0.38  0.0300
  1.03      6     -492.11     35.20     28.16      7.04   0.38  0.0300
  1.03      6     -492.14     35.30     28.15      7.15   0.37  0.0300
  1.03      7     -492.09     35.37     28.21      7.16   0.37  0.0300
  1.03      7     -492.09     35.50     28.30      7.20   0.36  0.0300
  1.03      7     -492.11     35.66     28.50      7.16   0.36  0.0300
  1.03      7     -492.02     35.87     28.76      7.11   0.35  0.0300
  1.03      7     -491.87     36.03     29.05      6.98   0.35  0.0300
  1.03      7     -491.94     36.29     29.30      6.99   0.34  0.0300
  1.03      7     -492.16     36.42     29.50      6.92   0.34  0.0300
  1.03      7     -492.44     36.62     29.69      6.93   0.33  0.0300
  1.03      7     -492.48     36.77     29.85      6.92   0.33  0.0300
  1.03      7     -492.49     36.91     29.97      6.94   0.32  0.0300
  1.03      8     -492.46     36.98     30.08      6.90   0.32  0.0300
  1.03      8     -492.61     37.02     30.16      6.86   0.32  0.0300
  1.03      8     -493.11     37.10     30.26      6.84   0.31  0.0300
  1.03      8     -493.28     37.18     30.40      6.78   0.31  0.0300
  1.03      8     -493.24     37.34     30.57      6.77   0.30  0.0300
  1.03      8     -493.21     37.43     30.70      6.72   0.30  0.0300
  1.03      8     -493.37     37.43     30.77      6.66   0.30  0.0300
  1.03      8     -493.62     37.41     30.82      6.59   0.30  0.0300
  1.03      8     -493.85     37.36     30.82      6.54   0.31  0.0300
  1.03      8     -493.89     37.37     30.88      6.49   0.31  0.0300
  1.03      9     -494.15     37.41     30.92      6.49   0.31  0.0300
  1.03      9     -494.05     37.45     31.00      6.45   0.31  0.0300
  1.03      9     -494.01     37.54     31.08      6.46   0.31  0.0300
  1.03      9     -494.03     37.68     31.17      6.51   0.30  0.0300
  1.03      9     -493.99     37.80     31.28      6.51   0.30  0.0300
  1.03      9     -494.03     37.96     31.48      6.48   0.30  0.0300
  1.03      9     -493.98     38.13     31.68      6.46   0.30  0.0300
  1.03      9     -494.09     38.36     31.97      6.39   0.30  0.0300
  1.03      9     -494.30     38.52     32.15      6.37   0.30  0.0300
  1.03      9     -494.36     38.54     32.20      6.34   0.29  0.0300
  1.03     10     -494.40     38.56     32.29      6.27   0.29  0.0300
  1.03     10     -494.29     38.56     32.37      6.19   0.29  0.0300
  1.03     10     -494.21     38.55     32.38      6.16   0.29  0.0300
  1.03     10     -494.13     38.54     32.42      6.13   0.28  0.0300
  1.03     10     -494.15     38.53     32.37      6.16   0.28  0.0300
  1.03     10     -494.21     38.45     32.27      6.18   0.28  0.0300
  1.03     10     -494.21     38.40     32.21      6.18   0.27  0.0300
  1.03     10     -494.16     38.31     32.07      6.24   0.27  0.0300
  1.03     10     -494.06     38.20     31.87      6.32   0.27  0.0300
  1.03     10     -494.07     38.02     31.59      6.43   0.28  0.0300
  1.03     11     -494.20     37.92     31.40      6.52   0.27  0.0300
  1.03     11     -494.16     37.81     31.22      6.60   0.27  0.0300
  1.03     11     -494.13     37.68     31.00      6.68   0.28  0.0300
  1.03     11     -494.08     37.47     30.77      6.70   0.28  0.0300
  1.03     11     -494.10     37.29     30.59      6.70   0.28  0.0300
  1.03     11     -493.99     37.33     30.59      6.74   0.27  0.0300
  1.03     11     -493.90     37.42     30.71      6.71   0.27  0.0300
  1.03     11     -494.01     37.42     30.75      6.67   0.28  0.0300
  1.03     11     -494.07     37.50     30.82      6.69   0.28  0.0300
  1.03     11     -494.13     37.60     30.83      6.77   0.27  0.0300
  1.03     12     -493.98     37.64     30.86      6.78   0.27  0.0300
  1.03     12     -493.89     37.68     30.90      6.77   0.27  0.0300
  1.03     12     -493.86     37.73     30.92      6.81   0.27  0.0300
  1.03     12     -493.83     37.74     30.93      6.81   0.27  0.0300
  1.03     12     -493.96     37.75     30.94      6.81   0.26  0.0300
  1.03     12     -493.99     37.77     30.94      6.83   0.26  0.0300
  1.03     12     -493.97     37.80     30.95      6.85   0.26  0.0300
  1.03     12     -493.95     37.84     30.97      6.87   0.26  0.0300
  1.03     12     -493.98     37.87     30.99      6.88   0.25  0.0300
  1.03     12     -494.00     37.90     30.98      6.92   0.25  0.0300
  1.03     13     -494.10     37.91     30.95      6.96   0.25  0.0300
  1.03     13     -494.10     37.84     30.84      7.00   0.25  0.0300
  1.03     13     -494.28     37.75     30.73      7.02   0.25  0.0300
  1.03     13     -494.39     37.71     30.68      7.04   0.25  0.0300
  1.03     13     -494.49     37.70     30.68      7.02   0.25  0.0300
  1.03     13     -494.48     37.65     30.62      7.03   0.24  0.0300
  1.03     13     -494.48     37.73     30.73      7.01   0.24  0.0300
  1.03     13     -494.46     37.77     30.79      6.98   0.24  0.0300
  1.03     13     -494.50     37.76     30.80      6.96   0.24  0.0300
  1.03     13     -494.45     37.68     30.74      6.94   0.24  0.0300
  1.03     14     -494.37     37.63     30.70      6.93   0.24  0.0300
  1.03     14     -494.27     37.61     30.68      6.93   0.23  0.0300
  1.03     14     -494.18     37.65     30.72      6.93   0.23  0.0300
  1.03     14     -494.32     37.61     30.72      6.90   0.23  0.0300
  1.03     14     -494.49     37.51     30.62      6.89   0.24  0.0300
  1.03     14     -494.59     37.49     30.59      6.91   0.23  0.0300
  1.03     14     -494.63     37.40     30.49      6.91   0.23  0.0300
  1.03     14     -494.74     37.31     30.40      6.91   0.23  0.0300
  1.03     14     -494.76     37.21     30.30      6.90   0.23  0.0300
  1.03     14     -494.69     37.12     30.21      6.91   0.23  0.0300
  1.03     15     -494.74     36.98     30.12      6.86   0.23  0.0300
  1.03     15     -494.80     36.87     30.01      6.86   0.23  0.0300
  1.03     15     -494.94     36.71     29.89      6.82   0.24  0.0300
  1.03     15     -494.93     36.49     29.71      6.78   0.24  0.0300
  1.03     15     -494.98     36.32     29.55      6.77   0.25  0.0300
  1.03     15     -495.20     36.22     29.43      6.79   0.25  0.0300
  1.03     15     -495.29     36.09     29.31      6.78   0.26  0.0300
  1.03     15     -495.27     35.98     29.20      6.78   0.26  0.0300
  1.03     15     -495.28     35.90     29.12      6.78   0.26  0.0300
  1.03     15     -495.38     35.79     29.00      6.79   0.26  0.0300
  1.03     16     -495.36     35.68     28.88      6.80   0.25  0.0300
  1.03     16     -495.30     35.60     28.78      6.82   0.25  0.0300
  1.03     16     -495.22     35.56     28.74      6.82   0.25  0.0300
  1.03     16     -495.20     35.54     28.72      6.82   0.25  0.0300
  1.03     16     -495.15     35.48     28.68      6.79   0.25  0.0300
  1.03     16     -495.13     35.42     28.68      6.75   0.25  0.0300
  1.03     16     -495.09     35.41     28.70      6.71   0.25  0.0300
  1.03     16     -495.12     35.49     28.80      6.69   0.24  0.0300
  1.03     16     -495.18     35.55     28.91      6.64   0.25  0.0300
  1.03     16     -495.24     35.66     29.05      6.61   0.24  0.0300
  1.03     17     -495.30     35.79     29.20      6.59   0.24  0.0300
  1.03     17     -495.42     35.91     29.35      6.56   0.24  0.0300
  1.03     17     -495.49     36.02     29.48      6.54   0.24  0.0300
  1.03     17     -495.51     36.07     29.56      6.51   0.25  0.0300
  1.03     17     -495.57     36.13     29.64      6.49   0.25  0.0300
  1.03     17     -495.70     36.18     29.73      6.45   0.26  0.0300
  1.03     17     -495.73     36.22     29.79      6.42   0.26  0.0300
  1.03     17     -495.74     36.22     29.82      6.40   0.26  0.0300
  1.03     17     -495.74     36.30     29.92      6.38   0.27  0.0300
  1.03     17     -495.82     36.39     30.04      6.36   0.27  0.0300
  1.03     18     -495.83     36.47     30.15      6.32   0.27  0.0300
  1.03     18     -495.88     36.53     30.25      6.27   0.27  0.0300
  1.03     18     -495.81     36.54     30.32      6.22   0.27  0.0300
  1.03     18     -495.78     36.56     30.34      6.22   0.27  0.0300
  1.03     18     -495.71     36.59     30.38      6.21   0.27  0.0300
  1.03     18     -495.64     36.63     30.43      6.20   0.27  0.0300
  1.03     18     -495.57     36.67     30.49      6.18   0.26  0.0300
  1.03     18     -495.63     36.68     30.53      6.15   0.26  0.0300
  1.03     18     -495.67     36.71     30.60      6.11   0.26  0.0300
  1.03     18     -495.76     36.76     30.66      6.10   0.26  0.0300
  1.03     19     -495.83     36.84     30.73      6.11   0.26  0.0300
  1.03     19     -495.74     36.92     30.81      6.10   0.26  0.0300
  1.03     19     -495.62     37.00     30.90      6.10   0.26  0.0300
  1.03     19     -495.52     37.03     30.92      6.10   0.27  0.0300
  1.03     19     -495.47     37.03     30.93      6.10   0.27  0.0300
  1.03     19     -495.46     37.09     30.96      6.13   0.27  0.0300
  1.03     19     -495.36     37.19     31.05      6.14   0.27  0.0300
  1.03     19     -495.40     37.24     31.11      6.14   0.27  0.0300
  1.03     19     -495.45     37.32     31.19      6.13   0.27  0.0300
  1.03     19     -495.47     37.42     31.29      6.13   0.27  0.0300
  1.03     20     -495.53     37.45     31.33      6.13   0.28  0.0300
  1.03     20     -495.54     37.45     31.33      6.12   0.28  0.0300
  1.03     20     -495.58     37.45     31.37      6.08   0.28  0.0300
  1.03     20     -495.65     37.49     31.42      6.07   0.29  0.0300
  1.03     20     -495.73     37.54     31.48      6.06   0.29  0.0300
  1.03     20     -495.89     37.61     31.57      6.04   0.29  0.0300
  1.03     20     -496.03     37.66     31.66      6.00   0.30  0.0300
  1.03     20     -496.08     37.77     31.80      5.97   0.30  0.0300
  1.03     20     -496.14     37.90     31.97      5.93   0.30  0.0300
  1.03     20     -496.14     38.03     32.13      5.90   0.31  0.0300
  1.03     21     -496.22     38.12     32.25      5.87   0.31  0.0300
  1.03     21     -496.24     38.18     32.32      5.86   0.31  0.0300
  1.03     21     -496.27     38.26     32.42      5.84   0.32  0.0300
  1.03     21     -496.31     38.33     32.50      5.83   0.32  0.0300
  1.03     21     -496.35     38.35     32.52      5.83   0.32  0.0300
  1.03     21     -496.39     38.40     32.58      5.82   0.33  0.0300
  1.03     21     -496.36     38.50     32.69      5.81   0.33  0.0300
  1.03     21     -496.42     38.52     32.74      5.78   0.33  0.0300
  1.03     21     -496.45     38.55     32.80      5.75   0.34  0.0300
  1.03     21     -496.47     38.56     32.85      5.71   0.34  0.0300
  1.03     22     -496.46     38.58     32.90      5.68   0.34  0.0300
  1.03     22     -496.49     38.59     32.96      5.64   0.34  0.0300
  1.03     22     -496.44     38.66     33.04      5.62   0.35  0.0300
  1.03     22     -496.37     38.74     33.11      5.62   0.35  0.0300
  1.03     22     -496.30     38.81     33.19      5.62   0.35  0.0300
  1.03     22     -496.23     38.87     33.23      5.64   0.36  0.0300
  1.03     22     -496.27     38.91     33.28      5.63   0.36  0.0300
  1.03     22     -496.28     38.91     33.29      5.62   0.36  0.0300
  1.03     22     -496.34     38.90     33.28      5.62   0.37  0.0300
  1.03     22     -496.40     38.89     33.26      5.63   0.37  0.0300
  1.03     23     -496.43     38.90     33.28      5.62   0.37  0.0300
  1.03     23     -496.50     38.93     33.30      5.63   0.37  0.0300
  1.03     23     -496.54     38.97     33.34      5.63   0.38  0.0300
  1.03     23     -496.51     38.99     33.36      5.64   0.38  0.0300
  1.03     23     -496.52     39.00     33.38      5.62   0.38  0.0300
  1.03     23     -496.48     39.02     33.45      5.58   0.37  0.0300
  1.03     23     -496.48     39.10     33.54      5.56   0.37  0.0300
  1.03     23     -496.43     39.17     33.62      5.55   0.37  0.0300
  1.03     23     -496.41     39.21     33.66      5.54   0.38  0.0300
  1.03     23     -496.38     39.28     33.71      5.56   0.38  0.0300
  1.03     24     -496.40     39.32     33.76      5.56   0.38  0.0300
  1.03     24     -496.39     39.37     33.80      5.57   0.38  0.0300
  1.03     24     -496.34     39.41     33.85      5.56   0.39  0.0300
  1.03     24     -496.30     39.43     33.88      5.55   0.39  0.0300
  1.03     24     -496.25     39.43     33.88      5.55   0.39  0.0300
  1.03     24     -496.18     39.46     33.89      5.56   0.39  0.0300
  1.03     24     -496.08     39.50     33.90      5.60   0.39  0.0300
  1.03     24     -496.02     39.53     33.90      5.63   0.39  0.0300
  1.03     24     -495.97     39.56     33.89      5.67   0.39  0.0300
  1.03     24     -496.00     39.60     33.89      5.71   0.39  0.0300
  1.03     25     -496.01     39.62     33.89      5.73   0.38  0.0300
  1.03     25     -496.00     39.58     33.87      5.72   0.39  0.0300
  1.03     25     -496.01     39.58     33.85      5.73   0.38  0.0300
  1.03     25     -496.01     39.62     33.85      5.77   0.38  0.0300
  1.03     25     -495.97     39.63     33.85      5.78   0.39  0.0300
  1.03     25     -495.92     39.66     33.85      5.81   0.39  0.0300
  1.03     25     -495.96     39.68     33.85      5.84   0.39  0.0300
  1.03     25     -495.99     39.71     33.85      5.87   0.39  0.0300
  1.03     25     -495.96     39.75     33.84      5.91   0.39  0.0300
  1.03     25     -495.93     39.78     33.83      5.95   0.39  0.0300
  1.03     26     -495.94     39.76     33.78      5.98   0.39  0.0300
  1.03     26     -495.84     39.75     33.71      6.04   0.39  0.0300
  1.03     26     -495.77     39.74     33.66      6.09   0.39  0.0300
  1.03     26     -495.78     39.73     33.61      6.12   0.39  0.0300
  1.03     26     -495.73     39.72     33.57      6.15   0.39  0.0300
  1.03     26     -495.63     39.71     33.51      6.20   0.39  0.0300
  1.03     26     -495.55     39.71     33.47      6.24   0.39  0.0300
  1.03     26     -495.52     39.71     33.43      6.28   0.39  0.0300
  1.03     26     -495.41     39.68     33.36      6.32   0.39  0.0300
  1.03     26     -495.34     39.65     33.29      6.36   0.39  0.0300
  1.03     27     -495.34     39.63     33.25      6.38   0.39  0.0300
  1.03     27     -495.42     39.62     33.23      6.38   0.39  0.0300
  1.03     27     -495.49     39.61     33.24      6.38   0.39  0.0300
  1.03     27     -495.47     39.60     33.23      6.37   0.40  0.0300
  1.03     27     -495.44     39.59     33.21      6.39   0.40  0.0300
  1.03     27     -495.48     39.55     33.15      6.40   0.40  0.0300
  1.03     27     -495.48     39.51     33.09      6.43   0.40  0.0300
  1.03     27     -495.50     39.52     33.08      6.43   0.40  0.0300
  1.03     27     -495.52     39.55     33.10      6.45   0.40  0.0300
  1.03     27     -495.53     39.59     33.12      6.47   0.40  0.0300
  1.03     28     -495.51     39.63     33.15      6.48   0.40  0.0300
  1.03     28     -495.54     39.66     33.18      6.48   0.40  0.0300
  1.03     28     -495.60     39.63     33.12      6.51   0.39  0.0300
  1.03     28     -495.64     39.55     33.02      6.52   0.39  0.0300
  1.03     28     -495.66     39.49     32.95      6.55   0.39  0.0300
  1.03     28     -495.66     39.45     32.88      6.57   0.39  0.0300
  1.03     28     -495.63     39.39     32.81      6.58   0.39  0.0300
  1.03     28     -495.65     39.33     32.72      6.61   0.39  0.0300
  1.03     28     -495.65     39.30     32.69      6.61   0.39  0.0300
  1.03     28     -495.70     39.26     32.66      6.60   0.38  0.0300
  1.03     29     -495.71     39.23     32.63      6.60   0.38  0.0300
  1.03     29     -495.71     39.19     32.59      6.60   0.38  0.0300
  1.03     29     -495.72     39.12     32.50      6.63   0.38  0.0300
  1.03     29     -495.74     39.07     32.43      6.64   0.38  0.0300
  1.03     29     -495.75     39.00     32.36      6.64   0.38  0.0300
  1.03     29     -495.73     38.97     32.34      6.63   0.38  0.0300
  1.03     29     -495.73     38.91     32.27      6.63   0.38  0.0300
  1.03     29     -495.72     38.85     32.21      6.63   0.38  0.0300
  1.03     29     -495.66     38.81     32.19      6.62   0.38  0.0300
  1.03     29     -495.61     38.78     32.18      6.60   0.38  0.0300
  1.03     30     -495.55     38.69     32.10      6.59   0.38  0.0300
  1.03     30     -495.54     38.61     32.02      6.58   0.38  0.0300
  1.03     30     -495.54     38.59     32.00      6.59   0.38  0.0300
  1.03     30     -495.50     38.58     32.00      6.58   0.38  0.0300
  1.03     30     -495.45     38.60     32.02      6.58   0.38  0.0300
  1.03     30     -495.49     38.61     32.03      6.58   0.38  0.0300
  1.03     30     -495.52     38.64     32.06      6.58   0.39  0.0300
  1.03     30     -495.54     38.66     32.08      6.58   0.39  0.0300
  1.03     30     -495.54     38.71     32.13      6.58   0.39  0.0300
  1.03     30     -495.53     38.76     32.17      6.59   0.39  0.0300
  1.03     31     -495.49     38.79     32.18      6.61   0.38  0.0300
