  1.05      0     -434.78     36.63     32.74      3.90   0.17  0.0300
  1.05      0     -421.08     32.23     26.80      5.42   0.16  0.0300
  1.05      0     -419.41     28.07     23.23      4.84   0.14  0.0300
  1.05      0     -418.42     27.55     23.42      4.13   0.14  0.0300
  1.05      0     -421.37     30.40     26.90      3.50   0.19  0.0300
  1.05      0     -423.90     32.59     29.84      2.75   0.22  0.0300
  1.05      0     -428.60     33.27     30.13      3.15   0.23  0.0300
  1.05      0     -430.41     34.50     30.92      3.58   0.25  0.0300
  1.05      0     -430.92     34.63     31.05      3.58   0.25  0.0300
  1.05      1     -431.96     34.72     31.37      3.35   0.25  0.0300
  1.05      1     -434.99     34.63     31.02      3.61   0.25  0.0300
  1.05      1     -439.56     34.70     31.02      3.69   0.25  0.0300
  1.05      1     -443.58     34.10     30.11      3.99   0.24  0.0300
  1.05      1     -447.34     33.70     29.41      4.29   0.24  0.0300
  1.05      1     -450.25     33.55     29.08      4.46   0.24  0.0300
  1.05      1     -453.00     33.11     28.75      4.35   0.25  0.0300
  1.05      1     -455.04     32.17     27.92      4.25   0.25  0.0300
  1.05      1     -456.77     31.27     27.20      4.08   0.23  0.0300
  1.05      1     -458.57     30.58     26.30      4.28   0.23  0.0300
  1.05      2     -461.05     29.78     25.44      4.34   0.22  0.0300
  1.05      2     -462.85     29.74     25.37      4.37   0.23  0.0300
  1.05      2     -464.30     30.11     25.74      4.38   0.24  0.0300
  1.05      2     -465.87     30.42     26.21      4.21   0.24  0.0300
  1.05      2     -467.15     30.32     26.09      4.23   0.25  0.0300
  1.05      2     -468.46     30.00     25.76      4.24   0.24  0.0300
  1.05      2     -469.56     29.78     25.59      4.19   0.24  0.0300
  1.05      2     -470.39     29.75     25.56      4.19   0.23  0.0300
  1.05      2     -471.37     29.21     24.94      4.28   0.23  0.0300
  1.05      2     -472.01     29.25     24.98      4.27   0.23  0.0300
  1.05      3     -472.86     29.36     25.05      4.32   0.22  0.0300
  1.05      3     -473.90     29.21     24.97      4.24   0.22  0.0300
  1.05      3     -474.52     29.04     24.67      4.37   0.23  0.0300
  1.05      3     -475.07     28.96     24.60      4.36   0.22  0.0300
  1.05      3     -475.85     29.00     24.63      4.37   0.22  0.0300
  1.05      3     -476.01     29.01     24.64      4.37   0.23  0.0300
  1.05      3     -476.23     28.63     24.22      4.41   0.22  0.0300
  1.05      3     -476.64     29.11     24.72      4.39   0.23  0.0300
  1.05      3     -476.98     28.50     24.14      4.37   0.22  0.0300
  1.05      3     -477.11     28.77     24.33      4.44   0.22  0.0300
  1.05      3     -477.63     28.18     23.77      4.41   0.21  0.0300
  1.05      3     -477.66     28.59     24.25      4.33   0.22  0.0300
  1.05      3     -478.27     28.20     23.85      4.36   0.21  0.0300
  1.05      3     -477.91     28.71     24.33      4.38   0.22  0.0300
  1.05      3     -478.62     27.94     23.52      4.42   0.20  0.0300
  1.05      3     -478.77     28.97     24.56      4.41   0.22  0.0300
  1.05      4     -478.75     27.57     23.06      4.51   0.20  0.0300
  1.05      3     -479.57     28.95     24.50      4.46   0.23  0.0300
  1.05      3     -479.85     28.64     24.28      4.36   0.22  0.0300
  1.05      3     -479.97     27.91     23.52      4.39   0.22  0.0300
  1.05      4     -480.19     28.04     23.58      4.46   0.21  0.0300
  1.05      4     -480.63     27.92     23.49      4.43   0.21  0.0300
  1.05      4     -481.08     27.47     23.11      4.36   0.21  0.0300
  1.05      4     -481.13     27.01     22.72      4.30   0.20  0.0300
  1.05      4     -481.83     26.87     22.61      4.26   0.20  0.0300
  1.05      4     -482.12     26.67     22.36      4.30   0.19  0.0300
  1.05      4     -482.24     26.48     22.19      4.28   0.19  0.0300
  1.05      4     -482.35     26.53     22.27      4.26   0.19  0.0300
  1.05      4     -482.84     26.58     22.32      4.26   0.19  0.0300
  1.05      4     -483.36     26.04     21.79      4.24   0.18  0.0300
  1.05      5     -483.63     25.66     21.44      4.22   0.18  0.0300
  1.05      5     -483.84     25.36     21.22      4.14   0.18  0.0300
  1.05      5     -484.14     25.43     21.33      4.10   0.17  0.0300
  1.05      5     -484.58     25.49     21.46      4.02   0.17  0.0300
  1.05      5     -484.89     25.20     21.18      4.02   0.17  0.0300
  1.05      5     -485.25     24.95     20.92      4.04   0.17  0.0300
  1.05      5     -485.50     24.83     20.80      4.03   0.17  0.0300
  1.05      5     -485.91     24.64     20.70      3.94   0.16  0.0300
  1.05      5     -486.20     24.49     20.64      3.85   0.16  0.0300
  1.05      5     -486.36     24.26     20.45      3.82   0.16  0.0300
  1.05      6     -486.53     24.00     20.28      3.72   0.15  0.0300
  1.05      6     -486.64     23.87     20.22      3.65   0.15  0.0300
  1.05      6     -486.87     23.67     20.14      3.52   0.15  0.0300
  1.05      6     -487.44     23.54     20.18      3.36   0.15  0.0300
  1.05      6     -487.63     23.33     20.02      3.31   0.14  0.0300
  1.05      6     -487.79     23.15     19.84      3.31   0.14  0.0300
  1.05      6     -487.91     23.16     19.81      3.35   0.14  0.0300
  1.05      6     -487.81     23.19     19.82      3.37   0.14  0.0300
  1.05      6     -487.96     23.07     19.73      3.35   0.14  0.0300
  1.05      6     -488.17     22.98     19.65      3.33   0.14  0.0300
  1.05      7     -488.43     23.12     19.85      3.27   0.14  0.0300
  1.05      7     -488.76     23.36     20.15      3.21   0.14  0.0300
  1.05      7     -489.02     23.54     20.41      3.13   0.13  0.0300
  1.05      7     -489.26     23.69     20.60      3.09   0.13  0.0300
  1.05      7     -489.64     23.83     20.73      3.10   0.13  0.0300
  1.05      7     -489.90     24.02     20.97      3.05   0.13  0.0300
  1.05      7     -490.08     24.04     21.07      2.97   0.13  0.0300
  1.05      7     -490.12     24.16     21.37      2.79   0.13  0.0300
  1.05      7     -490.36     24.23     21.54      2.68   0.13  0.0300
  1.05      7     -490.48     24.24     21.62      2.62   0.13  0.0300
  1.05      8     -490.78     24.29     21.71      2.58   0.13  0.0300
  1.05      8     -491.02     24.34     21.85      2.49   0.12  0.0300
  1.05      8     -491.12     24.42     22.05      2.37   0.12  0.0300
  1.05      8     -491.31     24.40     22.13      2.27   0.12  0.0300
  1.05      8     -491.59     24.31     22.12      2.19   0.12  0.0300
  1.05      8     -491.68     24.16     22.02      2.14   0.12  0.0300
  1.05      8     -491.78     23.97     21.87      2.11   0.12  0.0300
  1.05      8     -491.92     23.90     21.80      2.10   0.12  0.0300
  1.05      8     -492.03     23.82     21.75      2.07   0.12  0.0300
  1.05      8     -492.03     23.80     21.70      2.10   0.12  0.0300
  1.05      9     -492.27     23.87     21.80      2.06   0.12  0.0300
  1.05      9     -492.32     23.96     21.93      2.03   0.12  0.0300
  1.05      9     -492.37     24.04     22.02      2.02   0.11  0.0300
  1.05      9     -492.45     24.08     22.09      2.00   0.11  0.0300
  1.05      9     -492.64     24.08     22.15      1.93   0.11  0.0300
  1.05      9     -492.76     24.05     22.16      1.89   0.11  0.0300
  1.05      9     -492.86     24.05     22.26      1.79   0.11  0.0300
  1.05      9     -493.01     24.13     22.38      1.75   0.11  0.0300
  1.05      9     -493.00     24.29     22.49      1.80   0.11  0.0300
  1.05      9     -493.09     24.43     22.60      1.83   0.11  0.0300
  1.05     10     -493.29     24.48     22.66      1.82   0.10  0.0300
  1.05     10     -493.41     24.51     22.70      1.81   0.10  0.0300
  1.05     10     -493.60     24.54     22.71      1.84   0.10  0.0300
  1.05     10     -493.79     24.59     22.75      1.84   0.10  0.0300
  1.05     10     -493.81     24.57     22.75      1.83   0.10  0.0300
  1.05     10     -493.70     24.43     22.63      1.80   0.10  0.0300
  1.05     10     -493.70     24.44     22.61      1.83   0.10  0.0300
  1.05     10     -493.69     24.56     22.61      1.95   0.10  0.0300
  1.05     10     -493.59     24.63     22.60      2.03   0.10  0.0300
  1.05     10     -493.66     24.71     22.61      2.10   0.10  0.0300
  1.05     11     -493.61     24.69     22.59      2.09   0.10  0.0300
  1.05     11     -493.77     24.59     22.48      2.11   0.09  0.0300
  1.05     11     -493.76     24.58     22.40      2.17   0.09  0.0300
  1.05     11     -493.72     24.59     22.38      2.21   0.09  0.0300
  1.05     11     -493.75     24.64     22.45      2.19   0.09  0.0300
  1.05     11     -493.85     24.75     22.57      2.18   0.09  0.0300
  1.05     11     -494.04     24.82     22.69      2.13   0.09  0.0300
  1.05     11     -494.22     24.88     22.79      2.10   0.09  0.0300
  1.05     11     -494.28     24.93     22.84      2.09   0.09  0.0300
  1.05     11     -494.25     24.84     22.70      2.14   0.09  0.0300
  1.05     12     -494.42     24.77     22.57      2.20   0.09  0.0300
  1.05     12     -494.41     24.76     22.55      2.21   0.09  0.0300
  1.05     12     -494.34     24.71     22.48      2.23   0.09  0.0300
  1.05     12     -494.23     24.64     22.43      2.20   0.08  0.0300
  1.05     12     -494.26     24.60     22.43      2.17   0.08  0.0300
  1.05     12     -494.35     24.52     22.37      2.15   0.08  0.0300
  1.05     12     -494.46     24.39     22.24      2.15   0.08  0.0300
  1.05     12     -494.62     24.22     22.09      2.13   0.08  0.0300
  1.05     12     -494.76     23.95     21.86      2.09   0.09  0.0300
  1.05     12     -494.77     23.76     21.70      2.07   0.09  0.0300
  1.05     13     -494.84     23.68     21.63      2.05   0.09  0.0300
  1.05     13     -494.96     23.61     21.55      2.06   0.08  0.0300
  1.05     13     -494.99     23.46     21.47      1.99   0.08  0.0300
  1.05     13     -494.97     23.43     21.49      1.94   0.08  0.0300
  1.05     13     -495.00     23.44     21.58      1.86   0.08  0.0300
  1.05     13     -495.04     23.38     21.60      1.78   0.08  0.0300
  1.05     13     -495.10     23.24     21.53      1.71   0.08  0.0300
  1.05     13     -495.13     23.05     21.41      1.64   0.08  0.0300
  1.05     13     -495.21     22.89     21.29      1.60   0.08  0.0300
  1.05     13     -495.35     22.70     21.14      1.55   0.08  0.0300
  1.05     14     -495.44     22.46     20.94      1.52   0.09  0.0300
  1.05     14     -495.49     22.28     20.75      1.53   0.09  0.0300
  1.05     14     -495.62     22.01     20.51      1.50   0.09  0.0300
  1.05     14     -495.84     21.76     20.25      1.51   0.10  0.0300
  1.05     14     -495.91     21.54     20.01      1.53   0.10  0.0300
  1.05     14     -495.95     21.37     19.83      1.54   0.10  0.0300
  1.05     14     -496.14     21.18     19.61      1.57   0.10  0.0300
  1.05     14     -496.21     20.92     19.35      1.57   0.10  0.0300
  1.05     14     -496.25     20.72     19.13      1.59   0.10  0.0300
  1.05     14     -496.39     20.57     18.96      1.61   0.10  0.0300
  1.05     15     -496.66     20.42     18.78      1.64   0.10  0.0300
  1.05     15     -496.83     20.34     18.66      1.68   0.10  0.0300
  1.05     15     -496.93     20.28     18.57      1.71   0.10  0.0300
  1.05     15     -496.90     20.24     18.52      1.72   0.10  0.0300
  1.05     15     -496.87     20.21     18.46      1.75   0.10  0.0300
  1.05     15     -496.90     20.17     18.39      1.78   0.09  0.0300
  1.05     15     -496.94     20.18     18.35      1.83   0.09  0.0300
  1.05     15     -496.93     20.18     18.31      1.87   0.09  0.0300
  1.05     15     -497.06     20.24     18.33      1.91   0.09  0.0300
  1.05     15     -497.11     20.19     18.25      1.94   0.09  0.0300
  1.05     16     -497.16     20.12     18.17      1.94   0.09  0.0300
  1.05     16     -497.19     19.99     18.10      1.90   0.09  0.0300
  1.05     16     -497.25     19.94     18.08      1.86   0.09  0.0300
  1.05     16     -497.18     19.85     17.99      1.86   0.09  0.0300
  1.05     16     -497.19     19.72     17.88      1.84   0.09  0.0300
  1.05     16     -497.23     19.63     17.82      1.81   0.09  0.0300
  1.05     16     -497.21     19.52     17.73      1.79   0.09  0.0300
  1.05     16     -497.11     19.45     17.69      1.76   0.09  0.0300
  1.05     16     -497.13     19.38     17.65      1.73   0.09  0.0300
  1.05     16     -497.16     19.28     17.55      1.74   0.09  0.0300
  1.05     17     -497.25     19.20     17.45      1.75   0.09  0.0300
  1.05     17     -497.26     19.15     17.38      1.78   0.09  0.0300
  1.05     17     -497.30     19.11     17.31      1.80   0.09  0.0300
  1.05     17     -497.32     19.03     17.24      1.80   0.08  0.0300
  1.05     17     -497.29     18.94     17.17      1.77   0.08  0.0300
  1.05     17     -497.21     18.82     17.08      1.74   0.08  0.0300
  1.05     17     -497.16     18.71     16.98      1.74   0.08  0.0300
  1.05     17     -497.21     18.64     16.91      1.73   0.08  0.0300
  1.05     17     -497.19     18.63     16.89      1.75   0.08  0.0300
  1.05     17     -497.14     18.68     16.92      1.77   0.08  0.0300
  1.05     18     -497.12     18.68     16.94      1.74   0.08  0.0300
  1.05     18     -497.22     18.68     16.97      1.72   0.08  0.0300
  1.05     18     -497.21     18.72     17.03      1.69   0.08  0.0300
  1.05     18     -497.10     18.79     17.12      1.67   0.08  0.0300
  1.05     18     -496.96     18.84     17.21      1.63   0.08  0.0300
  1.05     18     -496.93     18.86     17.25      1.61   0.08  0.0300
  1.05     18     -496.86     18.85     17.25      1.60   0.08  0.0300
  1.05     18     -496.82     18.86     17.27      1.59   0.08  0.0300
  1.05     18     -496.85     18.84     17.24      1.60   0.08  0.0300
  1.05     18     -496.85     18.77     17.18      1.59   0.08  0.0300
  1.05     19     -496.86     18.67     17.10      1.57   0.08  0.0300
  1.05     19     -496.94     18.57     17.03      1.54   0.08  0.0300
  1.05     19     -497.05     18.34     16.84      1.50   0.08  0.0300
  1.05     19     -497.12     18.16     16.66      1.51   0.08  0.0300
  1.05     19     -497.13     18.06     16.54      1.52   0.08  0.0300
  1.05     19     -497.11     17.95     16.43      1.52   0.08  0.0300
  1.05     19     -497.06     17.90     16.38      1.53   0.08  0.0300
  1.05     19     -497.07     17.87     16.34      1.53   0.08  0.0300
  1.05     19     -497.10     17.87     16.36      1.51   0.08  0.0300
  1.05     19     -497.11     17.86     16.37      1.49   0.08  0.0300
  1.05     20     -497.12     17.80     16.30      1.50   0.08  0.0300
  1.05     20     -497.13     17.76     16.27      1.49   0.08  0.0300
  1.05     20     -497.15     17.78     16.28      1.50   0.08  0.0300
  1.05     20     -497.16     17.78     16.28      1.50   0.08  0.0300
  1.05     20     -497.14     17.79     16.31      1.48   0.08  0.0300
  1.05     20     -497.11     17.83     16.37      1.45   0.08  0.0300
  1.05     20     -497.15     17.86     16.41      1.45   0.08  0.0300
  1.05     20     -497.13     17.89     16.43      1.46   0.08  0.0300
  1.05     20     -497.08     17.89     16.44      1.46   0.08  0.0300
  1.05     20     -497.04     17.87     16.41      1.46   0.08  0.0300
  1.05     21     -497.01     17.85     16.40      1.45   0.08  0.0300
  1.05     21     -497.05     17.86     16.40      1.46   0.08  0.0300
  1.05     21     -497.14     17.89     16.41      1.47   0.08  0.0300
  1.05     21     -497.18     17.89     16.42      1.47   0.08  0.0300
  1.05     21     -497.18     17.88     16.40      1.48   0.08  0.0300
  1.05     21     -497.23     17.87     16.37      1.50   0.07  0.0300
  1.05     21     -497.20     17.85     16.35      1.50   0.07  0.0300
  1.05     21     -497.22     17.78     16.30      1.48   0.07  0.0300
  1.05     21     -497.19     17.70     16.25      1.45   0.07  0.0300
  1.05     21     -497.26     17.63     16.18      1.45   0.07  0.0300
  1.05     22     -497.27     17.61     16.13      1.48   0.07  0.0300
  1.05     22     -497.25     17.56     16.11      1.46   0.07  0.0300
  1.05     22     -497.27     17.50     16.05      1.44   0.07  0.0300
  1.05     22     -497.27     17.42     15.98      1.44   0.07  0.0300
  1.05     22     -497.34     17.33     15.88      1.45   0.07  0.0300
  1.05     22     -497.36     17.23     15.76      1.47   0.07  0.0300
  1.05     22     -497.33     17.12     15.63      1.49   0.07  0.0300
  1.05     22     -497.27     17.02     15.52      1.50   0.07  0.0300
  1.05     22     -497.17     16.89     15.36      1.53   0.07  0.0300
  1.05     22     -497.13     16.78     15.23      1.55   0.07  0.0300
  1.05     23     -497.18     16.64     15.09      1.56   0.07  0.0300
  1.05     23     -497.26     16.47     14.92      1.55   0.07  0.0300
  1.05     23     -497.36     16.31     14.76      1.55   0.07  0.0300
  1.05     23     -497.36     16.15     14.59      1.57   0.07  0.0300
  1.05     23     -497.37     16.02     14.42      1.60   0.07  0.0300
  1.05     23     -497.45     15.86     14.23      1.63   0.07  0.0300
  1.05     23     -497.49     15.67     14.02      1.65   0.07  0.0300
  1.05     23     -497.58     15.58     13.91      1.67   0.07  0.0300
  1.05     23     -497.63     15.52     13.87      1.66   0.07  0.0300
  1.05     23     -497.67     15.47     13.83      1.64   0.07  0.0300
  1.05     24     -497.72     15.47     13.84      1.64   0.07  0.0300
  1.05     24     -497.65     15.47     13.85      1.62   0.07  0.0300
  1.05     24     -497.64     15.47     13.88      1.59   0.07  0.0300
  1.05     24     -497.66     15.43     13.85      1.58   0.07  0.0300
  1.05     24     -497.66     15.40     13.80      1.60   0.07  0.0300
  1.05     24     -497.70     15.29     13.70      1.59   0.07  0.0300
  1.05     24     -497.74     15.19     13.60      1.59   0.07  0.0300
  1.05     24     -497.79     15.07     13.49      1.59   0.07  0.0300
  1.05     24     -497.82     14.97     13.38      1.59   0.06  0.0300
  1.05     24     -497.82     14.88     13.28      1.60   0.06  0.0300
  1.05     25     -497.78     14.78     13.19      1.60   0.06  0.0300
  1.05     25     -497.73     14.64     13.05      1.59   0.06  0.0300
  1.05     25     -497.72     14.52     12.93      1.59   0.06  0.0300
  1.05     25     -497.69     14.45     12.86      1.59   0.06  0.0300
  1.05     25     -497.68     14.39     12.80      1.59   0.06  0.0300
  1.05     25     -497.75     14.38     12.79      1.58   0.06  0.0300
  1.05     25     -497.81     14.35     12.75      1.60   0.06  0.0300
  1.05     25     -497.83     14.30     12.70      1.60   0.06  0.0300
  1.05     25     -497.87     14.25     12.63      1.61   0.06  0.0300
  1.05     25     -497.90     14.18     12.57      1.61   0.06  0.0300
  1.05     26     -497.86     14.11     12.49      1.62   0.06  0.0300
  1.05     26     -497.88     14.01     12.39      1.61   0.06  0.0300
  1.05     26     -497.89     13.98     12.35      1.63   0.06  0.0300
  1.05     26     -497.89     13.96     12.30      1.66   0.06  0.0300
  1.05     26     -497.88     13.96     12.27      1.69   0.06  0.0300
  1.05     26     -497.82     14.01     12.29      1.72   0.06  0.0300
  1.05     26     -497.77     14.02     12.28      1.75   0.06  0.0300
  1.05     26     -497.75     14.04     12.29      1.75   0.06  0.0300
  1.05     26     -497.71     14.07     12.32      1.75   0.06  0.0300
  1.05     26     -497.70     14.11     12.34      1.77   0.06  0.0300
  1.05     27     -497.63     14.15     12.38      1.77   0.06  0.0300
  1.05     27     -497.64     14.19     12.41      1.78   0.06  0.0300
  1.05     27     -497.63     14.22     12.45      1.77   0.06  0.0300
  1.05     27     -497.67     14.22     12.46      1.75   0.06  0.0300
  1.05     27     -497.70     14.17     12.42      1.75   0.06  0.0300
  1.05     27     -497.75     14.11     12.36      1.75   0.06  0.0300
  1.05     27     -497.76     14.07     12.33      1.75   0.06  0.0300
  1.05     27     -497.73     14.06     12.31      1.75   0.06  0.0300
  1.05     27     -497.73     14.03     12.26      1.78   0.06  0.0300
  1.05     27     -497.75     14.04     12.23      1.81   0.06  0.0300
  1.05     28     -497.72     14.00     12.17      1.84   0.06  0.0300
  1.05     28     -497.75     13.94     12.07      1.87   0.06  0.0300
  1.05     28     -497.80     13.85     11.97      1.88   0.06  0.0300
  1.05     28     -497.76     13.84     11.93      1.90   0.06  0.0300
  1.05     28     -497.82     13.85     11.95      1.90   0.06  0.0300
  1.05     28     -497.84     13.87     11.95      1.91   0.06  0.0300
  1.05     28     -497.85     13.89     11.95      1.93   0.06  0.0300
  1.05     28     -497.84     13.92     11.99      1.92   0.06  0.0300
  1.05     28     -497.81     13.92     11.97      1.95   0.06  0.0300
  1.05     28     -497.78     13.90     11.96      1.94   0.06  0.0300
  1.05     29     -497.74     13.86     11.93      1.93   0.06  0.0300
  1.05     29     -497.74     13.82     11.89      1.93   0.06  0.0300
  1.05     29     -497.81     13.77     11.84      1.93   0.06  0.0300
  1.05     29     -497.82     13.76     11.80      1.96   0.06  0.0300
  1.05     29     -497.88     13.76     11.77      1.99   0.06  0.0300
  1.05     29     -497.95     13.73     11.72      2.02   0.06  0.0300
  1.05     29     -498.04     13.68     11.64      2.04   0.06  0.0300
  1.05     29     -498.07     13.61     11.55      2.06   0.06  0.0300
  1.05     29     -498.07     13.54     11.46      2.09   0.06  0.0300
  1.05     29     -498.04     13.47     11.36      2.11   0.06  0.0300
  1.05     30     -498.01     13.39     11.27      2.12   0.06  0.0300
  1.05     30     -497.99     13.30     11.19      2.11   0.06  0.0300
  1.05     30     -498.04     13.21     11.10      2.11   0.06  0.0300
  1.05     30     -498.05     13.12     11.01      2.11   0.06  0.0300
  1.05     30     -498.01     13.02     10.93      2.09   0.06  0.0300
  1.05     30     -498.02     12.95     10.86      2.09   0.06  0.0300
  1.05     30     -498.07     12.88     10.79      2.09   0.06  0.0300
  1.05     30     -498.11     12.79     10.70      2.09   0.06  0.0300
  1.05     30     -498.12     12.75     10.64      2.11   0.06  0.0300
  1.05     30     -498.10     12.65     10.52      2.13   0.06  0.0300
  1.05     31     -498.11     12.51     10.37      2.15   0.06  0.0300
