  1.08      0     -431.68     23.64     24.87     -1.23   0.10  0.0300
  1.08      0     -433.26     22.40     22.97     -0.57   0.06  0.0300
  1.08      0     -436.67     21.52     20.64      0.88   0.07  0.0300
  1.08      0     -438.01     21.95     20.64      1.32   0.06  0.0300
  1.08      0     -442.23     21.30     20.26      1.03   0.07  0.0300
  1.08      0     -442.84     22.03     20.51      1.52   0.07  0.0300
  1.08      0     -445.63     22.83     21.38      1.45   0.09  0.0300
  1.08      0     -447.42     21.52     20.42      1.09   0.09  0.0300
  1.08      0     -449.21     21.16     20.04      1.12   0.09  0.0300
  1.08      1     -451.64     20.37     19.42      0.96   0.09  0.0300
  1.08      1     -452.39     20.80     19.97      0.83   0.10  0.0300
  1.08      1     -453.86     20.72     20.03      0.69   0.11  0.0300
  1.08      1     -455.77     21.03     20.16      0.87   0.11  0.0300
  1.08      1     -459.69     21.07     19.99      1.08   0.12  0.0300
  1.08      1     -462.67     21.13     19.86      1.27   0.13  0.0300
  1.08      1     -465.13     21.10     19.87      1.24   0.13  0.0300
  1.08      1     -466.47     21.38     19.86      1.52   0.13  0.0300
  1.08      1     -467.93     20.96     19.48      1.48   0.13  0.0300
  1.08      1     -468.79     20.99     19.65      1.34   0.13  0.0300
  1.08      2     -469.13     21.11     19.85      1.25   0.13  0.0300
  1.08      2     -469.48     20.75     19.64      1.11   0.12  0.0300
  1.08      2     -470.79     20.26     19.20      1.06   0.12  0.0300
  1.08      2     -471.87     19.88     18.78      1.09   0.12  0.0300
  1.08      2     -473.10     19.94     18.87      1.07   0.12  0.0300
  1.08      2     -474.17     20.43     19.27      1.16   0.12  0.0300
  1.08      2     -474.77     19.91     18.64      1.28   0.12  0.0300
  1.08      2     -475.48     20.17     18.87      1.29   0.12  0.0300
  1.08      2     -476.41     19.97     18.71      1.25   0.12  0.0300
  1.08      2     -477.51     19.65     18.33      1.32   0.12  0.0300
  1.08      3     -477.90     19.73     18.48      1.25   0.12  0.0300
  1.08      3     -478.45     19.96     18.65      1.31   0.11  0.0300
  1.08      3     -478.87     19.67     18.23      1.44   0.12  0.0300
  1.08      3     -479.16     19.61     18.08      1.53   0.12  0.0300
  1.08      3     -479.44     19.62     18.09      1.53   0.12  0.0300
  1.08      3     -479.94     19.65     18.22      1.43   0.12  0.0300
  1.08      3     -479.89     19.26     17.74      1.52   0.12  0.0300
  1.08      3     -480.49     19.77     18.33      1.44   0.13  0.0300
  1.08      3     -480.07     18.90     17.36      1.54   0.11  0.0300
  1.08      3     -481.18     19.63     18.22      1.41   0.12  0.0300
  1.08      3     -480.53     18.70     17.01      1.68   0.11  0.0300
  1.08      3     -481.55     19.64     18.30      1.34   0.12  0.0300
  1.08      3     -480.84     18.45     16.61      1.84   0.12  0.0300
  1.08      3     -482.09     19.80     18.44      1.36   0.12  0.0300
  1.08      3     -481.24     18.49     16.64      1.85   0.11  0.0300
  1.08      3     -482.34     19.83     18.45      1.38   0.12  0.0300
  1.08      4     -481.49     18.50     16.62      1.88   0.12  0.0300
  1.08      3     -482.84     20.10     18.69      1.41   0.12  0.0300
  1.08      3     -483.02     20.10     18.58      1.52   0.12  0.0300
  1.08      3     -483.50     20.28     18.81      1.47   0.11  0.0300
  1.08      4     -483.99     20.38     18.94      1.44   0.12  0.0300
  1.08      4     -484.18     20.34     18.91      1.42   0.12  0.0300
  1.08      4     -484.54     20.36     19.05      1.31   0.12  0.0300
  1.08      4     -484.70     20.58     19.23      1.35   0.12  0.0300
  1.08      4     -484.98     20.66     19.30      1.36   0.11  0.0300
  1.08      4     -485.09     20.48     19.08      1.40   0.11  0.0300
  1.08      4     -485.46     20.64     19.26      1.38   0.13  0.0300
  1.08      4     -485.91     21.17     19.77      1.40   0.13  0.0300
  1.08      4     -486.16     21.74     20.32      1.42   0.13  0.0300
  1.08      4     -486.68     21.92     20.45      1.47   0.13  0.0300
  1.08      5     -486.80     22.09     20.66      1.43   0.13  0.0300
  1.08      5     -486.93     22.33     20.95      1.37   0.13  0.0300
  1.08      5     -487.17     22.40     21.02      1.39   0.13  0.0300
  1.08      5     -487.49     22.32     20.87      1.45   0.13  0.0300
  1.08      5     -487.71     22.11     20.74      1.38   0.14  0.0300
  1.08      5     -487.91     22.06     20.71      1.34   0.15  0.0300
  1.08      5     -488.19     22.09     20.72      1.37   0.15  0.0300
  1.08      5     -488.59     21.71     20.32      1.38   0.14  0.0300
  1.08      5     -488.97     21.60     20.32      1.28   0.14  0.0300
  1.08      5     -489.06     21.59     20.27      1.33   0.14  0.0300
  1.08      6     -489.02     21.48     20.13      1.34   0.14  0.0300
  1.08      6     -488.97     21.64     20.27      1.37   0.13  0.0300
  1.08      6     -488.91     21.85     20.54      1.32   0.13  0.0300
  1.08      6     -488.97     21.80     20.52      1.28   0.13  0.0300
  1.08      6     -489.21     21.79     20.54      1.25   0.13  0.0300
  1.08      6     -489.26     21.75     20.55      1.19   0.13  0.0300
  1.08      6     -489.46     21.68     20.53      1.16   0.12  0.0300
  1.08      6     -489.50     21.58     20.47      1.11   0.12  0.0300
  1.08      6     -489.75     21.53     20.47      1.07   0.12  0.0300
  1.08      6     -489.84     21.50     20.49      1.00   0.12  0.0300
  1.08      7     -490.04     21.35     20.37      0.98   0.12  0.0300
  1.08      7     -490.03     21.34     20.36      0.98   0.12  0.0300
  1.08      7     -489.92     21.37     20.36      1.01   0.11  0.0300
  1.08      7     -489.90     21.23     20.19      1.04   0.11  0.0300
  1.08      7     -490.17     20.99     19.98      1.01   0.11  0.0300
  1.08      7     -490.46     20.81     19.84      0.96   0.11  0.0300
  1.08      7     -490.35     20.77     19.84      0.93   0.11  0.0300
  1.08      7     -490.64     20.94     20.02      0.92   0.11  0.0300
  1.08      7     -490.75     21.04     20.11      0.92   0.11  0.0300
  1.08      7     -490.78     21.25     20.38      0.87   0.12  0.0300
  1.08      8     -491.00     21.54     20.70      0.84   0.12  0.0300
  1.08      8     -491.24     21.70     20.79      0.91   0.12  0.0300
  1.08      8     -491.36     21.61     20.64      0.97   0.12  0.0300
  1.08      8     -491.52     21.39     20.41      0.98   0.12  0.0300
  1.08      8     -491.54     21.21     20.17      1.04   0.12  0.0300
  1.08      8     -491.64     21.00     19.92      1.08   0.11  0.0300
  1.08      8     -491.61     20.84     19.69      1.15   0.11  0.0300
  1.08      8     -491.61     20.81     19.65      1.16   0.11  0.0300
  1.08      8     -491.85     20.75     19.57      1.19   0.11  0.0300
  1.08      8     -491.86     20.63     19.41      1.22   0.11  0.0300
  1.08      9     -491.84     20.50     19.24      1.26   0.11  0.0300
  1.08      9     -491.89     20.41     19.09      1.32   0.11  0.0300
  1.08      9     -492.06     20.42     18.99      1.43   0.11  0.0300
  1.08      9     -492.19     20.37     18.90      1.48   0.10  0.0300
  1.08      9     -492.23     20.35     18.87      1.48   0.10  0.0300
  1.08      9     -492.33     20.37     18.88      1.49   0.10  0.0300
  1.08      9     -492.32     20.37     18.91      1.46   0.10  0.0300
  1.08      9     -492.59     20.37     18.90      1.48   0.10  0.0300
  1.08      9     -492.76     20.45     18.89      1.56   0.10  0.0300
  1.08      9     -492.75     20.62     19.04      1.58   0.10  0.0300
  1.08     10     -492.81     20.72     19.18      1.54   0.10  0.0300
  1.08     10     -492.91     20.73     19.19      1.54   0.10  0.0300
  1.08     10     -493.08     20.71     19.16      1.55   0.10  0.0300
  1.08     10     -493.15     20.69     19.14      1.55   0.09  0.0300
  1.08     10     -493.14     20.66     19.12      1.55   0.09  0.0300
  1.08     10     -493.08     20.60     19.08      1.52   0.09  0.0300
  1.08     10     -493.06     20.58     19.11      1.48   0.09  0.0300
  1.08     10     -493.04     20.66     19.22      1.43   0.10  0.0300
  1.08     10     -493.13     20.64     19.25      1.39   0.09  0.0300
  1.08     10     -493.30     20.59     19.27      1.32   0.09  0.0300
  1.08     11     -493.32     20.55     19.21      1.34   0.09  0.0300
  1.08     11     -493.42     20.53     19.14      1.39   0.09  0.0300
  1.08     11     -493.57     20.51     19.09      1.42   0.09  0.0300
  1.08     11     -493.51     20.52     19.12      1.40   0.09  0.0300
  1.08     11     -493.51     20.42     19.04      1.38   0.09  0.0300
  1.08     11     -493.59     20.27     18.95      1.32   0.09  0.0300
  1.08     11     -493.64     20.13     18.84      1.30   0.09  0.0300
  1.08     11     -493.65     20.11     18.79      1.32   0.09  0.0300
  1.08     11     -493.81     20.05     18.77      1.28   0.09  0.0300
  1.08     11     -493.82     19.97     18.71      1.25   0.10  0.0300
  1.08     12     -493.77     19.84     18.64      1.20   0.10  0.0300
  1.08     12     -493.64     19.71     18.52      1.19   0.10  0.0300
  1.08     12     -493.58     19.59     18.39      1.20   0.10  0.0300
  1.08     12     -493.57     19.48     18.24      1.25   0.10  0.0300
  1.08     12     -493.62     19.50     18.25      1.25   0.10  0.0300
  1.08     12     -493.63     19.52     18.28      1.25   0.10  0.0300
  1.08     12     -493.64     19.66     18.42      1.24   0.11  0.0300
  1.08     12     -493.73     19.78     18.49      1.29   0.11  0.0300
  1.08     12     -493.83     19.86     18.52      1.34   0.11  0.0300
  1.08     12     -493.94     19.90     18.53      1.37   0.10  0.0300
  1.08     13     -493.95     19.86     18.51      1.36   0.10  0.0300
  1.08     13     -494.04     19.85     18.49      1.36   0.10  0.0300
  1.08     13     -494.12     19.85     18.46      1.39   0.10  0.0300
  1.08     13     -494.13     19.79     18.35      1.44   0.10  0.0300
  1.08     13     -494.26     19.69     18.24      1.45   0.10  0.0300
  1.08     13     -494.35     19.58     18.15      1.43   0.10  0.0300
  1.08     13     -494.39     19.46     18.02      1.44   0.10  0.0300
  1.08     13     -494.43     19.39     17.92      1.47   0.10  0.0300
  1.08     13     -494.42     19.40     17.91      1.49   0.10  0.0300
  1.08     13     -494.43     19.40     17.89      1.51   0.10  0.0300
  1.08     14     -494.33     19.38     17.88      1.50   0.10  0.0300
  1.08     14     -494.34     19.30     17.85      1.46   0.10  0.0300
  1.08     14     -494.27     19.16     17.76      1.39   0.09  0.0300
  1.08     14     -494.22     18.99     17.68      1.31   0.09  0.0300
  1.08     14     -494.25     18.84     17.59      1.25   0.09  0.0300
  1.08     14     -494.35     18.74     17.51      1.23   0.09  0.0300
  1.08     14     -494.41     18.66     17.43      1.23   0.09  0.0300
  1.08     14     -494.47     18.58     17.35      1.24   0.09  0.0300
  1.08     14     -494.53     18.57     17.27      1.29   0.09  0.0300
  1.08     14     -494.52     18.58     17.29      1.29   0.09  0.0300
  1.08     15     -494.53     18.48     17.24      1.25   0.09  0.0300
  1.08     15     -494.46     18.43     17.20      1.23   0.09  0.0300
  1.08     15     -494.50     18.47     17.23      1.24   0.09  0.0300
  1.08     15     -494.61     18.54     17.30      1.24   0.09  0.0300
  1.08     15     -494.60     18.56     17.31      1.25   0.09  0.0300
  1.08     15     -494.60     18.60     17.31      1.30   0.09  0.0300
  1.08     15     -494.57     18.60     17.29      1.31   0.09  0.0300
  1.08     15     -494.68     18.64     17.28      1.36   0.09  0.0300
  1.08     15     -494.71     18.69     17.28      1.41   0.09  0.0300
  1.08     15     -494.68     18.74     17.31      1.43   0.09  0.0300
  1.08     16     -494.82     18.78     17.34      1.44   0.09  0.0300
  1.08     16     -494.85     18.82     17.37      1.45   0.09  0.0300
  1.08     16     -494.87     18.90     17.46      1.44   0.08  0.0300
  1.08     16     -494.86     18.99     17.57      1.43   0.08  0.0300
  1.08     16     -494.81     19.12     17.70      1.42   0.08  0.0300
  1.08     16     -494.84     19.28     17.83      1.45   0.08  0.0300
  1.08     16     -494.92     19.44     17.98      1.45   0.08  0.0300
  1.08     16     -494.97     19.58     18.09      1.50   0.08  0.0300
  1.08     16     -495.07     19.65     18.14      1.51   0.08  0.0300
  1.08     16     -495.09     19.68     18.16      1.52   0.08  0.0300
  1.08     17     -495.08     19.68     18.12      1.55   0.08  0.0300
  1.08     17     -495.13     19.63     18.08      1.55   0.08  0.0300
  1.08     17     -495.14     19.65     18.09      1.56   0.09  0.0300
  1.08     17     -495.17     19.67     18.08      1.59   0.09  0.0300
  1.08     17     -495.23     19.66     18.09      1.57   0.09  0.0300
  1.08     17     -495.23     19.64     18.09      1.55   0.09  0.0300
  1.08     17     -495.31     19.57     18.00      1.56   0.09  0.0300
  1.08     17     -495.48     19.47     17.89      1.58   0.09  0.0300
  1.08     17     -495.60     19.40     17.81      1.60   0.09  0.0300
  1.08     17     -495.79     19.33     17.72      1.61   0.10  0.0300
  1.08     18     -495.82     19.31     17.65      1.66   0.10  0.0300
  1.08     18     -495.81     19.29     17.59      1.70   0.10  0.0300
  1.08     18     -495.82     19.22     17.52      1.70   0.09  0.0300
  1.08     18     -495.81     19.21     17.53      1.68   0.10  0.0300
  1.08     18     -495.77     19.22     17.55      1.68   0.10  0.0300
  1.08     18     -495.73     19.31     17.63      1.68   0.10  0.0300
  1.08     18     -495.78     19.32     17.66      1.66   0.10  0.0300
  1.08     18     -495.91     19.32     17.69      1.64   0.11  0.0300
  1.08     18     -495.89     19.39     17.77      1.62   0.11  0.0300
  1.08     18     -495.82     19.49     17.85      1.64   0.12  0.0300
  1.08     19     -495.87     19.52     17.89      1.63   0.12  0.0300
  1.08     19     -495.96     19.57     17.94      1.64   0.12  0.0300
  1.08     19     -496.01     19.58     17.94      1.64   0.12  0.0300
  1.08     19     -496.03     19.58     17.97      1.60   0.12  0.0300
  1.08     19     -496.09     19.58     17.96      1.62   0.12  0.0300
  1.08     19     -496.06     19.61     17.97      1.64   0.12  0.0300
  1.08     19     -496.02     19.56     17.94      1.62   0.12  0.0300
  1.08     19     -495.98     19.57     17.96      1.61   0.13  0.0300
  1.08     19     -496.09     19.65     18.04      1.61   0.13  0.0300
  1.08     19     -496.11     19.75     18.13      1.63   0.13  0.0300
  1.08     20     -496.14     19.84     18.23      1.62   0.13  0.0300
  1.08     20     -496.14     19.94     18.34      1.60   0.13  0.0300
  1.08     20     -496.04     19.99     18.38      1.61   0.13  0.0300
  1.08     20     -495.97     20.03     18.40      1.63   0.12  0.0300
  1.08     20     -495.92     20.02     18.42      1.60   0.12  0.0300
  1.08     20     -495.83     20.02     18.44      1.58   0.12  0.0300
  1.08     20     -495.84     20.05     18.49      1.56   0.12  0.0300
  1.08     20     -495.85     20.06     18.53      1.52   0.12  0.0300
  1.08     20     -495.85     20.13     18.61      1.52   0.12  0.0300
  1.08     20     -495.89     20.24     18.71      1.53   0.12  0.0300
  1.08     21     -495.89     20.33     18.81      1.52   0.12  0.0300
  1.08     21     -495.82     20.35     18.81      1.54   0.12  0.0300
  1.08     21     -495.84     20.39     18.82      1.57   0.12  0.0300
  1.08     21     -495.83     20.44     18.86      1.58   0.12  0.0300
  1.08     21     -495.88     20.44     18.86      1.58   0.12  0.0300
  1.08     21     -495.97     20.42     18.83      1.59   0.12  0.0300
  1.08     21     -496.04     20.36     18.78      1.59   0.12  0.0300
  1.08     21     -496.06     20.38     18.79      1.59   0.12  0.0300
  1.08     21     -496.05     20.40     18.80      1.60   0.12  0.0300
  1.08     21     -496.07     20.34     18.74      1.60   0.12  0.0300
  1.08     22     -495.99     20.26     18.66      1.60   0.12  0.0300
  1.08     22     -495.95     20.22     18.59      1.63   0.12  0.0300
  1.08     22     -495.96     20.20     18.58      1.62   0.12  0.0300
  1.08     22     -495.92     20.18     18.57      1.61   0.12  0.0300
  1.08     22     -495.88     20.15     18.56      1.59   0.12  0.0300
  1.08     22     -495.93     20.15     18.56      1.59   0.12  0.0300
  1.08     22     -495.89     20.18     18.57      1.61   0.11  0.0300
  1.08     22     -495.87     20.21     18.58      1.63   0.11  0.0300
  1.08     22     -495.90     20.22     18.57      1.65   0.11  0.0300
  1.08     22     -495.88     20.22     18.53      1.69   0.11  0.0300
  1.08     23     -495.88     20.25     18.53      1.71   0.11  0.0300
  1.08     23     -495.93     20.30     18.59      1.70   0.11  0.0300
  1.08     23     -495.94     20.32     18.66      1.66   0.11  0.0300
  1.08     23     -495.94     20.30     18.68      1.62   0.11  0.0300
  1.08     23     -495.89     20.27     18.68      1.59   0.11  0.0300
  1.08     23     -495.83     20.28     18.72      1.56   0.11  0.0300
  1.08     23     -495.76     20.29     18.74      1.55   0.11  0.0300
  1.08     23     -495.75     20.27     18.73      1.53   0.11  0.0300
  1.08     23     -495.71     20.29     18.73      1.56   0.11  0.0300
  1.08     23     -495.67     20.28     18.69      1.59   0.11  0.0300
  1.08     24     -495.67     20.19     18.59      1.60   0.11  0.0300
  1.08     24     -495.69     20.08     18.46      1.62   0.12  0.0300
  1.08     24     -495.74     20.04     18.41      1.64   0.12  0.0300
  1.08     24     -495.75     20.00     18.37      1.64   0.12  0.0300
  1.08     24     -495.78     20.00     18.36      1.64   0.12  0.0300
  1.08     24     -495.77     20.01     18.37      1.64   0.11  0.0300
  1.08     24     -495.79     20.02     18.35      1.66   0.11  0.0300
  1.08     24     -495.83     20.00     18.32      1.68   0.11  0.0300
  1.08     24     -495.93     19.97     18.31      1.67   0.11  0.0300
  1.08     24     -496.00     19.95     18.30      1.65   0.11  0.0300
  1.08     25     -495.94     19.94     18.29      1.65   0.11  0.0300
  1.08     25     -495.89     19.94     18.26      1.68   0.11  0.0300
  1.08     25     -495.88     19.93     18.23      1.70   0.11  0.0300
  1.08     25     -495.86     19.90     18.21      1.69   0.11  0.0300
  1.08     25     -495.84     19.88     18.18      1.70   0.11  0.0300
  1.08     25     -495.84     19.89     18.19      1.70   0.11  0.0300
  1.08     25     -495.81     19.91     18.21      1.70   0.11  0.0300
  1.08     25     -495.81     19.91     18.22      1.69   0.11  0.0300
  1.08     25     -495.80     19.90     18.22      1.68   0.11  0.0300
  1.08     25     -495.76     19.88     18.19      1.69   0.11  0.0300
  1.08     26     -495.78     19.84     18.15      1.69   0.11  0.0300
  1.08     26     -495.81     19.79     18.10      1.69   0.11  0.0300
  1.08     26     -495.86     19.70     18.05      1.65   0.11  0.0300
  1.08     26     -495.88     19.60     17.96      1.63   0.11  0.0300
  1.08     26     -495.93     19.54     17.94      1.60   0.11  0.0300
  1.08     26     -495.98     19.51     17.90      1.61   0.11  0.0300
  1.08     26     -495.99     19.50     17.86      1.65   0.11  0.0300
  1.08     26     -495.98     19.49     17.81      1.67   0.11  0.0300
  1.08     26     -496.01     19.44     17.78      1.66   0.11  0.0300
  1.08     26     -496.03     19.42     17.76      1.66   0.11  0.0300
  1.08     27     -496.01     19.42     17.74      1.68   0.11  0.0300
  1.08     27     -495.97     19.44     17.75      1.69   0.10  0.0300
  1.08     27     -495.96     19.46     17.77      1.69   0.10  0.0300
  1.08     27     -495.98     19.46     17.76      1.70   0.10  0.0300
  1.08     27     -495.98     19.45     17.75      1.70   0.10  0.0300
  1.08     27     -495.96     19.46     17.75      1.72   0.10  0.0300
  1.08     27     -495.96     19.42     17.72      1.70   0.10  0.0300
  1.08     27     -495.98     19.41     17.70      1.71   0.10  0.0300
  1.08     27     -496.01     19.40     17.70      1.69   0.10  0.0300
  1.08     27     -495.97     19.41     17.72      1.69   0.10  0.0300
  1.08     28     -495.93     19.43     17.74      1.70   0.10  0.0300
  1.08     28     -496.00     19.46     17.75      1.71   0.10  0.0300
  1.08     28     -496.08     19.49     17.77      1.72   0.10  0.0300
  1.08     28     -496.07     19.47     17.74      1.73   0.10  0.0300
  1.08     28     -496.03     19.43     17.70      1.73   0.10  0.0300
  1.08     28     -496.01     19.39     17.65      1.74   0.10  0.0300
  1.08     28     -496.04     19.36     17.60      1.75   0.10  0.0300
  1.08     28     -496.04     19.37     17.60      1.77   0.10  0.0300
  1.08     28     -496.06     19.39     17.62      1.78   0.10  0.0300
  1.08     28     -496.07     19.43     17.64      1.79   0.10  0.0300
  1.08     29     -496.09     19.46     17.69      1.77   0.10  0.0300
  1.08     29     -496.08     19.48     17.73      1.76   0.10  0.0300
  1.08     29     -496.07     19.49     17.74      1.74   0.10  0.0300
  1.08     29     -496.09     19.49     17.76      1.74   0.10  0.0300
  1.08     29     -496.10     19.47     17.72      1.75   0.10  0.0300
  1.08     29     -496.12     19.42     17.66      1.76   0.10  0.0300
  1.08     29     -496.13     19.38     17.61      1.77   0.10  0.0300
  1.08     29     -496.13     19.37     17.57      1.79   0.10  0.0300
  1.08     29     -496.19     19.37     17.55      1.82   0.10  0.0300
  1.08     29     -496.23     19.38     17.55      1.83   0.10  0.0300
  1.08     30     -496.22     19.38     17.54      1.83   0.09  0.0300
  1.08     30     -496.22     19.36     17.54      1.82   0.09  0.0300
  1.08     30     -496.25     19.35     17.54      1.81   0.09  0.0300
  1.08     30     -496.27     19.37     17.56      1.81   0.09  0.0300
  1.08     30     -496.27     19.39     17.57      1.82   0.09  0.0300
  1.08     30     -496.29     19.40     17.59      1.81   0.09  0.0300
  1.08     30     -496.26     19.39     17.59      1.79   0.09  0.0300
  1.08     30     -496.27     19.38     17.60      1.78   0.09  0.0300
  1.08     30     -496.30     19.40     17.64      1.76   0.09  0.0300
  1.08     30     -496.36     19.42     17.67      1.76   0.09  0.0300
  1.08     31     -496.30     19.45     17.70      1.75   0.09  0.0300
