  1.10      0     -475.62     19.17     19.51     -0.35   0.08  0.0300
  1.10      0     -477.20     18.96     20.40     -1.44   0.14  0.0300
  1.10      0     -479.16     18.41     20.47     -2.06   0.13  0.0300
  1.10      0     -477.92     16.42     17.72     -1.30   0.11  0.0300
  1.10      0     -483.33     16.23     17.14     -0.91   0.10  0.0300
  1.10      0     -482.12     16.06     17.18     -1.13   0.10  0.0300
  1.10      0     -481.05     17.10     17.87     -0.77   0.12  0.0300
  1.10      0     -482.26     17.36     17.76     -0.40   0.12  0.0300
  1.10      0     -485.46     16.99     17.50     -0.51   0.12  0.0300
  1.10      1     -485.98     17.41     17.83     -0.42   0.13  0.0300
  1.10      1     -486.07     17.41     18.02     -0.60   0.13  0.0300
  1.10      1     -486.11     17.51     18.28     -0.78   0.13  0.0300
  1.10      1     -487.09     17.28     17.94     -0.65   0.13  0.0300
  1.10      1     -486.94     17.08     17.60     -0.52   0.13  0.0300
  1.10      1     -487.45     16.97     17.50     -0.53   0.12  0.0300
  1.10      1     -488.37     17.01     17.71     -0.69   0.12  0.0300
  1.10      1     -488.58     17.53     18.27     -0.73   0.14  0.0300
  1.10      1     -488.98     17.90     18.54     -0.64   0.15  0.0300
  1.10      1     -490.26     18.00     18.64     -0.64   0.15  0.0300
  1.10      2     -490.33     18.22     18.90     -0.68   0.16  0.0300
  1.10      2     -490.32     18.19     18.80     -0.60   0.15  0.0300
  1.10      2     -490.61     17.67     18.38     -0.72   0.15  0.0300
  1.10      2     -490.83     17.09     17.67     -0.58   0.15  0.0300
  1.10      2     -490.29     17.03     17.58     -0.54   0.14  0.0300
  1.10      2     -490.88     16.76     17.32     -0.57   0.14  0.0300
  1.10      2     -490.58     16.52     17.08     -0.55   0.14  0.0300
  1.10      2     -490.64     16.42     16.85     -0.42   0.14  0.0300
  1.10      2     -491.26     16.74     17.21     -0.47   0.14  0.0300
  1.10      2     -491.65     16.85     17.17     -0.32   0.14  0.0300
  1.10      3     -491.67     16.91     17.19     -0.28   0.14  0.0300
  1.10      3     -491.86     16.43     16.70     -0.27   0.14  0.0300
  1.10      3     -491.99     16.39     16.69     -0.30   0.13  0.0300
  1.10      3     -492.21     16.46     16.84     -0.37   0.13  0.0300
  1.10      3     -492.18     16.45     16.89     -0.44   0.13  0.0300
  1.10      3     -492.24     16.45     17.00     -0.54   0.14  0.0300
  1.10      3     -492.52     15.96     16.41     -0.45   0.13  0.0300
  1.10      3     -492.63     16.34     16.84     -0.50   0.13  0.0300
  1.10      3     -492.85     15.47     15.87     -0.39   0.13  0.0300
  1.10      3     -492.61     16.02     16.47     -0.45   0.13  0.0300
  1.10      3     -492.68     15.08     15.47     -0.39   0.12  0.0300
  1.10      3     -492.78     15.87     16.39     -0.53   0.13  0.0300
  1.10      3     -492.98     15.08     15.47     -0.39   0.13  0.0300
  1.10      3     -492.93     15.68     16.12     -0.45   0.13  0.0300
  1.10      3     -493.28     14.75     15.18     -0.43   0.13  0.0300
  1.10      3     -493.01     15.39     15.84     -0.45   0.13  0.0300
  1.10      4     -493.37     14.67     15.17     -0.50   0.12  0.0300
  1.10      3     -493.20     15.46     15.92     -0.45   0.12  0.0300
  1.10      3     -493.25     15.51     15.97     -0.46   0.12  0.0300
  1.10      3     -493.49     15.42     15.89     -0.46   0.12  0.0300
  1.10      4     -493.50     15.60     16.05     -0.46   0.12  0.0300
  1.10      4     -493.30     15.84     16.18     -0.34   0.12  0.0300
  1.10      4     -493.30     16.01     16.40     -0.39   0.13  0.0300
  1.10      4     -493.27     15.93     16.37     -0.44   0.13  0.0300
  1.10      4     -493.50     16.11     16.54     -0.43   0.13  0.0300
  1.10      4     -493.76     16.31     16.75     -0.44   0.12  0.0300
  1.10      4     -493.83     16.45     16.87     -0.42   0.12  0.0300
  1.10      4     -493.72     16.38     16.76     -0.37   0.12  0.0300
  1.10      4     -493.67     16.38     16.73     -0.35   0.12  0.0300
  1.10      4     -493.47     16.31     16.58     -0.28   0.11  0.0300
  1.10      5     -493.66     16.27     16.58     -0.31   0.11  0.0300
  1.10      5     -493.75     15.99     16.30     -0.30   0.12  0.0300
  1.10      5     -493.93     15.74     16.03     -0.29   0.11  0.0300
  1.10      5     -493.99     15.71     15.97     -0.26   0.11  0.0300
  1.10      5     -494.03     15.80     16.02     -0.21   0.11  0.0300
  1.10      5     -494.14     16.19     16.42     -0.24   0.11  0.0300
  1.10      5     -494.14     16.60     16.82     -0.22   0.11  0.0300
  1.10      5     -494.21     17.02     17.27     -0.25   0.11  0.0300
  1.10      5     -494.22     17.21     17.47     -0.26   0.10  0.0300
  1.10      5     -494.27     17.19     17.38     -0.20   0.10  0.0300
  1.10      6     -494.34     17.35     17.50     -0.15   0.10  0.0300
  1.10      6     -494.57     17.63     17.83     -0.20   0.10  0.0300
  1.10      6     -494.64     17.73     17.93     -0.20   0.10  0.0300
  1.10      6     -494.44     17.97     18.16     -0.19   0.10  0.0300
  1.10      6     -494.27     18.20     18.33     -0.14   0.10  0.0300
  1.10      6     -494.16     18.12     18.21     -0.09   0.10  0.0300
  1.10      6     -494.20     18.20     18.35     -0.15   0.11  0.0300
  1.10      6     -494.21     18.54     18.74     -0.20   0.11  0.0300
  1.10      6     -494.38     18.91     19.07     -0.16   0.11  0.0300
  1.10      6     -494.25     18.96     19.04     -0.08   0.10  0.0300
  1.10      7     -494.07     18.73     18.80     -0.07   0.10  0.0300
  1.10      7     -493.89     18.53     18.46      0.07   0.10  0.0300
  1.10      7     -493.89     18.38     18.19      0.20   0.10  0.0300
  1.10      7     -493.81     18.17     17.87      0.30   0.10  0.0300
  1.10      7     -493.64     17.92     17.51      0.41   0.10  0.0300
  1.10      7     -493.72     17.46     17.04      0.42   0.11  0.0300
  1.10      7     -493.82     17.02     16.56      0.46   0.12  0.0300
  1.10      7     -493.84     16.61     16.06      0.55   0.12  0.0300
  1.10      7     -493.79     16.27     15.71      0.56   0.12  0.0300
  1.10      7     -494.07     16.03     15.44      0.59   0.12  0.0300
  1.10      8     -494.25     15.82     15.18      0.64   0.12  0.0300
  1.10      8     -494.48     15.71     15.00      0.72   0.12  0.0300
  1.10      8     -494.75     15.73     14.94      0.79   0.11  0.0300
  1.10      8     -494.88     15.63     14.83      0.80   0.11  0.0300
  1.10      8     -495.12     15.55     14.72      0.82   0.11  0.0300
  1.10      8     -495.16     15.40     14.57      0.83   0.11  0.0300
  1.10      8     -495.24     15.20     14.41      0.79   0.11  0.0300
  1.10      8     -495.34     15.09     14.25      0.84   0.11  0.0300
  1.10      8     -495.48     15.01     14.05      0.95   0.11  0.0300
  1.10      8     -495.56     14.85     13.91      0.94   0.11  0.0300
  1.10      9     -495.65     14.59     13.74      0.84   0.10  0.0300
  1.10      9     -495.58     14.29     13.47      0.81   0.10  0.0300
  1.10      9     -495.49     14.10     13.26      0.84   0.10  0.0300
  1.10      9     -495.50     14.10     13.26      0.83   0.10  0.0300
  1.10      9     -495.33     14.07     13.22      0.85   0.10  0.0300
  1.10      9     -495.44     13.95     13.08      0.87   0.10  0.0300
  1.10      9     -495.49     13.71     12.80      0.91   0.10  0.0300
  1.10      9     -495.65     13.42     12.50      0.91   0.10  0.0300
  1.10      9     -495.69     13.23     12.25      0.98   0.10  0.0300
  1.10      9     -495.68     12.93     11.94      0.99   0.09  0.0300
  1.10     10     -495.79     12.54     11.60      0.93   0.09  0.0300
  1.10     10     -495.88     12.37     11.47      0.89   0.09  0.0300
  1.10     10     -495.73     12.22     11.35      0.87   0.09  0.0300
  1.10     10     -495.66     12.27     11.36      0.90   0.09  0.0300
  1.10     10     -495.62     12.31     11.42      0.89   0.09  0.0300
  1.10     10     -495.58     12.37     11.47      0.90   0.09  0.0300
  1.10     10     -495.56     12.48     11.65      0.83   0.09  0.0300
  1.10     10     -495.52     12.58     11.80      0.78   0.09  0.0300
  1.10     10     -495.42     12.71     11.98      0.73   0.09  0.0300
  1.10     10     -495.33     12.84     12.08      0.76   0.09  0.0300
  1.10     11     -495.24     12.86     12.09      0.77   0.09  0.0300
  1.10     11     -495.29     12.79     11.98      0.81   0.08  0.0300
  1.10     11     -495.33     12.78     11.95      0.83   0.08  0.0300
  1.10     11     -495.31     12.77     11.93      0.84   0.08  0.0300
  1.10     11     -495.34     12.79     11.90      0.89   0.08  0.0300
  1.10     11     -495.42     12.73     11.89      0.85   0.08  0.0300
  1.10     11     -495.58     12.74     11.95      0.79   0.08  0.0300
  1.10     11     -495.77     12.79     12.04      0.75   0.08  0.0300
  1.10     11     -495.88     12.86     12.13      0.73   0.08  0.0300
  1.10     11     -495.83     12.93     12.17      0.77   0.08  0.0300
  1.10     12     -496.04     12.95     12.20      0.74   0.08  0.0300
  1.10     12     -496.15     12.95     12.24      0.72   0.08  0.0300
  1.10     12     -496.34     12.84     12.12      0.72   0.08  0.0300
  1.10     12     -496.59     12.68     11.96      0.71   0.08  0.0300
  1.10     12     -496.56     12.60     11.92      0.68   0.08  0.0300
  1.10     12     -496.51     12.57     11.89      0.68   0.07  0.0300
  1.10     12     -496.52     12.48     11.84      0.64   0.07  0.0300
  1.10     12     -496.50     12.46     11.92      0.54   0.07  0.0300
  1.10     12     -496.41     12.46     12.02      0.44   0.07  0.0300
  1.10     12     -496.40     12.58     12.19      0.39   0.07  0.0300
  1.10     13     -496.37     12.71     12.35      0.36   0.07  0.0300
  1.10     13     -496.28     12.88     12.49      0.39   0.07  0.0300
  1.10     13     -496.29     13.03     12.61      0.42   0.07  0.0300
  1.10     13     -496.24     13.06     12.65      0.40   0.07  0.0300
  1.10     13     -496.37     12.99     12.67      0.33   0.07  0.0300
  1.10     13     -496.45     13.00     12.70      0.30   0.07  0.0300
  1.10     13     -496.54     13.06     12.77      0.28   0.07  0.0300
  1.10     13     -496.63     13.11     12.86      0.25   0.07  0.0300
  1.10     13     -496.71     13.11     12.89      0.22   0.07  0.0300
  1.10     13     -496.83     13.14     12.93      0.21   0.07  0.0300
  1.10     14     -496.82     13.25     13.04      0.21   0.07  0.0300
  1.10     14     -496.78     13.34     13.15      0.19   0.08  0.0300
  1.10     14     -496.66     13.56     13.36      0.21   0.08  0.0300
  1.10     14     -496.58     13.79     13.54      0.25   0.08  0.0300
  1.10     14     -496.61     13.98     13.74      0.23   0.08  0.0300
  1.10     14     -496.55     14.15     13.88      0.27   0.08  0.0300
  1.10     14     -496.43     14.29     13.99      0.30   0.08  0.0300
  1.10     14     -496.32     14.40     14.09      0.31   0.08  0.0300
  1.10     14     -496.23     14.58     14.24      0.33   0.08  0.0300
  1.10     14     -496.30     14.71     14.36      0.35   0.08  0.0300
  1.10     15     -496.34     14.77     14.43      0.34   0.09  0.0300
  1.10     15     -496.38     14.84     14.49      0.35   0.09  0.0300
  1.10     15     -496.46     14.93     14.61      0.32   0.09  0.0300
  1.10     15     -496.52     15.13     14.87      0.26   0.09  0.0300
  1.10     15     -496.57     15.37     15.10      0.26   0.09  0.0300
  1.10     15     -496.53     15.48     15.23      0.26   0.09  0.0300
  1.10     15     -496.46     15.52     15.25      0.28   0.09  0.0300
  1.10     15     -496.49     15.56     15.28      0.28   0.09  0.0300
  1.10     15     -496.51     15.58     15.29      0.29   0.09  0.0300
  1.10     15     -496.55     15.64     15.34      0.29   0.09  0.0300
  1.10     16     -496.61     15.74     15.44      0.30   0.09  0.0300
  1.10     16     -496.69     15.81     15.55      0.26   0.09  0.0300
  1.10     16     -496.72     15.88     15.66      0.22   0.09  0.0300
  1.10     16     -496.83     15.98     15.77      0.21   0.09  0.0300
  1.10     16     -496.82     16.07     15.87      0.20   0.09  0.0300
  1.10     16     -496.87     16.15     15.97      0.18   0.09  0.0300
  1.10     16     -496.91     16.18     16.04      0.14   0.09  0.0300
  1.10     16     -496.98     16.28     16.13      0.15   0.09  0.0300
  1.10     16     -496.94     16.40     16.23      0.17   0.09  0.0300
  1.10     16     -496.92     16.50     16.33      0.17   0.09  0.0300
  1.10     17     -496.97     16.63     16.49      0.14   0.09  0.0300
  1.10     17     -496.94     16.73     16.61      0.12   0.09  0.0300
  1.10     17     -496.92     16.77     16.71      0.07   0.09  0.0300
  1.10     17     -496.89     16.81     16.80      0.01   0.08  0.0300
  1.10     17     -496.87     16.90     16.89      0.00   0.08  0.0300
  1.10     17     -496.94     17.00     17.02     -0.02   0.08  0.0300
  1.10     17     -496.93     17.11     17.13     -0.02   0.08  0.0300
  1.10     17     -496.89     17.23     17.27     -0.03   0.08  0.0300
  1.10     17     -496.85     17.36     17.39     -0.02   0.08  0.0300
  1.10     17     -496.92     17.51     17.48      0.03   0.08  0.0300
  1.10     18     -497.05     17.62     17.53      0.10   0.08  0.0300
  1.10     18     -497.19     17.70     17.58      0.11   0.08  0.0300
  1.10     18     -497.17     17.79     17.64      0.15   0.08  0.0300
  1.10     18     -497.23     17.84     17.67      0.17   0.08  0.0300
  1.10     18     -497.17     17.91     17.72      0.19   0.08  0.0300
  1.10     18     -497.10     17.93     17.77      0.16   0.08  0.0300
  1.10     18     -497.10     17.92     17.77      0.14   0.08  0.0300
  1.10     18     -497.18     17.91     17.79      0.12   0.08  0.0300
  1.10     18     -497.24     17.81     17.70      0.11   0.08  0.0300
  1.10     18     -497.24     17.74     17.63      0.11   0.08  0.0300
  1.10     19     -497.23     17.73     17.64      0.09   0.08  0.0300
  1.10     19     -497.24     17.73     17.65      0.08   0.08  0.0300
  1.10     19     -497.22     17.78     17.70      0.08   0.08  0.0300
  1.10     19     -497.21     17.81     17.72      0.08   0.08  0.0300
  1.10     19     -497.15     17.87     17.77      0.09   0.08  0.0300
  1.10     19     -497.22     17.92     17.80      0.13   0.08  0.0300
  1.10     19     -497.20     17.98     17.83      0.16   0.08  0.0300
  1.10     19     -497.20     18.01     17.83      0.18   0.08  0.0300
  1.10     19     -497.28     18.04     17.84      0.20   0.07  0.0300
  1.10     19     -497.21     18.12     17.93      0.19   0.07  0.0300
  1.10     20     -497.15     18.13     17.93      0.20   0.07  0.0300
  1.10     20     -497.12     18.06     17.84      0.22   0.07  0.0300
  1.10     20     -497.11     18.04     17.79      0.25   0.07  0.0300
  1.10     20     -497.08     18.04     17.76      0.27   0.07  0.0300
  1.10     20     -497.00     18.02     17.73      0.28   0.07  0.0300
  1.10     20     -496.98     17.98     17.67      0.31   0.07  0.0300
  1.10     20     -496.96     17.96     17.65      0.31   0.07  0.0300
  1.10     20     -496.84     17.91     17.63      0.28   0.07  0.0300
  1.10     20     -496.73     17.84     17.56      0.28   0.07  0.0300
  1.10     20     -496.65     17.80     17.48      0.32   0.07  0.0300
  1.10     21     -496.73     17.68     17.32      0.35   0.07  0.0300
  1.10     21     -496.67     17.54     17.14      0.40   0.07  0.0300
  1.10     21     -496.58     17.45     17.01      0.44   0.07  0.0300
  1.10     21     -496.48     17.45     16.97      0.47   0.07  0.0300
  1.10     21     -496.44     17.56     17.09      0.46   0.07  0.0300
  1.10     21     -496.51     17.69     17.24      0.45   0.07  0.0300
  1.10     21     -496.49     17.81     17.35      0.46   0.08  0.0300
  1.10     21     -496.44     17.91     17.44      0.47   0.08  0.0300
  1.10     21     -496.45     18.04     17.55      0.50   0.08  0.0300
  1.10     21     -496.52     18.16     17.64      0.52   0.08  0.0300
  1.10     22     -496.56     18.27     17.74      0.53   0.09  0.0300
  1.10     22     -496.52     18.41     17.87      0.54   0.09  0.0300
  1.10     22     -496.53     18.52     17.99      0.53   0.10  0.0300
  1.10     22     -496.51     18.62     18.09      0.53   0.10  0.0300
  1.10     22     -496.55     18.67     18.15      0.51   0.10  0.0300
  1.10     22     -496.63     18.69     18.20      0.50   0.10  0.0300
  1.10     22     -496.64     18.68     18.19      0.49   0.10  0.0300
  1.10     22     -496.67     18.70     18.20      0.50   0.11  0.0300
  1.10     22     -496.76     18.75     18.26      0.49   0.11  0.0300
  1.10     22     -496.78     18.83     18.36      0.47   0.12  0.0300
  1.10     23     -496.75     18.91     18.48      0.43   0.12  0.0300
  1.10     23     -496.75     19.02     18.64      0.38   0.12  0.0300
  1.10     23     -496.77     19.16     18.82      0.34   0.12  0.0300
  1.10     23     -496.79     19.26     18.96      0.30   0.13  0.0300
  1.10     23     -496.81     19.37     19.08      0.29   0.13  0.0300
  1.10     23     -496.81     19.47     19.18      0.29   0.13  0.0300
  1.10     23     -496.84     19.53     19.24      0.29   0.13  0.0300
  1.10     23     -496.93     19.62     19.32      0.30   0.13  0.0300
  1.10     23     -496.96     19.71     19.39      0.32   0.13  0.0300
  1.10     23     -497.01     19.80     19.47      0.32   0.13  0.0300
  1.10     24     -496.99     19.86     19.55      0.31   0.13  0.0300
  1.10     24     -496.95     19.88     19.57      0.31   0.13  0.0300
  1.10     24     -496.97     19.87     19.54      0.33   0.13  0.0300
  1.10     24     -496.98     19.84     19.51      0.33   0.13  0.0300
  1.10     24     -496.91     19.85     19.51      0.33   0.13  0.0300
  1.10     24     -496.86     19.89     19.57      0.32   0.13  0.0300
  1.10     24     -496.81     19.91     19.58      0.33   0.13  0.0300
  1.10     24     -496.82     19.94     19.62      0.33   0.13  0.0300
  1.10     24     -496.81     19.99     19.67      0.32   0.13  0.0300
  1.10     24     -496.87     20.05     19.73      0.33   0.13  0.0300
  1.10     25     -496.88     20.09     19.74      0.34   0.13  0.0300
  1.10     25     -496.83     20.09     19.73      0.36   0.13  0.0300
  1.10     25     -496.78     20.08     19.73      0.35   0.13  0.0300
  1.10     25     -496.73     20.07     19.73      0.33   0.13  0.0300
  1.10     25     -496.68     20.05     19.73      0.31   0.13  0.0300
  1.10     25     -496.68     20.05     19.73      0.32   0.13  0.0300
  1.10     25     -496.66     20.01     19.68      0.33   0.13  0.0300
  1.10     25     -496.64     19.98     19.63      0.36   0.12  0.0300
  1.10     25     -496.62     19.96     19.57      0.39   0.12  0.0300
  1.10     25     -496.60     19.93     19.53      0.40   0.12  0.0300
  1.10     26     -496.55     19.93     19.52      0.41   0.12  0.0300
  1.10     26     -496.51     19.94     19.54      0.41   0.12  0.0300
  1.10     26     -496.53     19.94     19.55      0.39   0.12  0.0300
  1.10     26     -496.52     20.01     19.62      0.40   0.12  0.0300
  1.10     26     -496.53     20.11     19.69      0.42   0.12  0.0300
  1.10     26     -496.52     20.17     19.74      0.43   0.12  0.0300
  1.10     26     -496.59     20.22     19.79      0.42   0.13  0.0300
  1.10     26     -496.60     20.26     19.83      0.43   0.13  0.0300
  1.10     26     -496.59     20.32     19.88      0.45   0.13  0.0300
  1.10     26     -496.59     20.42     19.97      0.45   0.14  0.0300
  1.10     27     -496.65     20.51     20.06      0.46   0.14  0.0300
  1.10     27     -496.70     20.64     20.18      0.46   0.14  0.0300
  1.10     27     -496.70     20.69     20.21      0.49   0.14  0.0300
  1.10     27     -496.70     20.73     20.20      0.52   0.14  0.0300
  1.10     27     -496.62     20.76     20.21      0.55   0.14  0.0300
  1.10     27     -496.64     20.73     20.22      0.52   0.14  0.0300
  1.10     27     -496.68     20.74     20.23      0.51   0.14  0.0300
  1.10     27     -496.63     20.74     20.22      0.52   0.14  0.0300
  1.10     27     -496.61     20.77     20.23      0.54   0.14  0.0300
  1.10     27     -496.57     20.79     20.24      0.55   0.14  0.0300
  1.10     28     -496.48     20.82     20.27      0.55   0.14  0.0300
  1.10     28     -496.50     20.84     20.28      0.57   0.14  0.0300
  1.10     28     -496.50     20.84     20.24      0.60   0.14  0.0300
  1.10     28     -496.54     20.82     20.20      0.62   0.14  0.0300
  1.10     28     -496.50     20.79     20.15      0.64   0.14  0.0300
  1.10     28     -496.48     20.78     20.12      0.66   0.14  0.0300
  1.10     28     -496.51     20.80     20.11      0.69   0.14  0.0300
  1.10     28     -496.45     20.84     20.12      0.71   0.14  0.0300
  1.10     28     -496.42     20.86     20.13      0.73   0.14  0.0300
  1.10     28     -496.40     20.85     20.11      0.74   0.14  0.0300
  1.10     29     -496.38     20.86     20.10      0.75   0.14  0.0300
  1.10     29     -496.36     20.87     20.11      0.76   0.14  0.0300
  1.10     29     -496.33     20.88     20.11      0.76   0.13  0.0300
  1.10     29     -496.33     20.94     20.18      0.75   0.14  0.0300
  1.10     29     -496.34     21.03     20.28      0.74   0.14  0.0300
  1.10     29     -496.36     21.12     20.39      0.73   0.14  0.0300
  1.10     29     -496.36     21.23     20.50      0.73   0.14  0.0300
  1.10     29     -496.40     21.34     20.61      0.72   0.14  0.0300
  1.10     29     -496.45     21.44     20.71      0.73   0.14  0.0300
  1.10     29     -496.44     21.52     20.79      0.73   0.14  0.0300
  1.10     30     -496.48     21.57     20.84      0.73   0.14  0.0300
  1.10     30     -496.48     21.60     20.91      0.70   0.15  0.0300
  1.10     30     -496.52     21.69     20.99      0.70   0.15  0.0300
  1.10     30     -496.58     21.78     21.09      0.70   0.15  0.0300
  1.10     30     -496.66     21.89     21.22      0.68   0.16  0.0300
  1.10     30     -496.69     22.00     21.31      0.68   0.16  0.0300
  1.10     30     -496.67     22.09     21.42      0.67   0.16  0.0300
  1.10     30     -496.61     22.19     21.54      0.66   0.15  0.0300
  1.10     30     -496.63     22.30     21.66      0.64   0.15  0.0300
  1.10     30     -496.68     22.41     21.79      0.63   0.15  0.0300
  1.10     31     -496.73     22.52     21.91      0.61   0.15  0.0300
