  1.20      0     -446.43     10.84     13.60     -2.76   0.03  0.0300
  1.20      0     -449.38      9.90     12.90     -2.99   0.03  0.0300
  1.20      0     -452.89      9.64     14.02     -4.38   0.04  0.0300
  1.20      0     -456.21     10.59     14.97     -4.39   0.06  0.0300
  1.20      0     -454.60      9.95     15.47     -5.51   0.07  0.0300
  1.20      0     -455.76      9.38     14.92     -5.54   0.06  0.0300
  1.20      0     -454.40      8.90     14.41     -5.52   0.05  0.0300
  1.20      0     -455.28      8.39     13.87     -5.48   0.05  0.0300
  1.20      0     -457.15      7.50     13.06     -5.56   0.04  0.0300
  1.20      1     -460.05      7.68     13.06     -5.38   0.05  0.0300
  1.20      1     -462.67      7.79     13.02     -5.23   0.05  0.0300
  1.20      1     -464.39      7.76     13.02     -5.26   0.05  0.0300
  1.20      1     -466.78      7.21     12.43     -5.22   0.05  0.0300
  1.20      1     -470.33      7.27     12.59     -5.32   0.05  0.0300
  1.20      1     -471.66      7.53     13.08     -5.55   0.05  0.0300
  1.20      1     -472.15      7.41     13.06     -5.65   0.05  0.0300
  1.20      1     -472.59      6.94     12.59     -5.65   0.05  0.0300
  1.20      1     -472.85      6.82     12.36     -5.54   0.06  0.0300
  1.20      1     -473.80      6.88     12.46     -5.59   0.05  0.0300
  1.20      2     -474.62      7.00     12.46     -5.46   0.05  0.0300
  1.20      2     -475.69      6.92     12.44     -5.52   0.05  0.0300
  1.20      2     -476.33      6.86     12.34     -5.48   0.05  0.0300
  1.20      2     -476.94      6.90     12.43     -5.53   0.05  0.0300
  1.20      2     -477.22      7.00     12.44     -5.44   0.06  0.0300
  1.20      2     -477.54      6.61     12.08     -5.47   0.05  0.0300
  1.20      2     -477.96      6.45     11.88     -5.42   0.05  0.0300
  1.20      2     -478.46      6.74     12.18     -5.45   0.05  0.0300
  1.20      2     -479.07      6.93     12.37     -5.44   0.06  0.0300
  1.20      2     -479.83      6.85     12.26     -5.41   0.06  0.0300
  1.20      3     -480.89      6.91     12.34     -5.43   0.06  0.0300
  1.20      3     -481.44      6.95     12.38     -5.42   0.06  0.0300
  1.20      3     -481.77      6.94     12.34     -5.40   0.06  0.0300
  1.20      3     -482.42      6.73     12.06     -5.33   0.06  0.0300
  1.20      3     -482.67      6.85     12.22     -5.36   0.06  0.0300
  1.20      3     -483.06      6.77     12.03     -5.26   0.06  0.0300
  1.20      3     -483.01      6.78     12.07     -5.29   0.06  0.0300
  1.20      3     -483.54      6.61     11.80     -5.20   0.06  0.0300
  1.20      3     -483.21      6.83     12.10     -5.27   0.06  0.0300
  1.20      3     -484.12      6.45     11.62     -5.17   0.06  0.0300
  1.20      3     -483.25      6.85     12.10     -5.24   0.06  0.0300
  1.20      3     -484.55      6.20     11.32     -5.13   0.06  0.0300
  1.20      3     -483.61      6.84     12.03     -5.19   0.06  0.0300
  1.20      3     -484.81      6.08     11.16     -5.08   0.05  0.0300
  1.20      3     -483.94      6.92     12.12     -5.20   0.06  0.0300
  1.20      3     -485.02      5.88     10.89     -5.01   0.05  0.0300
  1.20      4     -484.23      6.85     12.00     -5.16   0.06  0.0300
  1.20      3     -485.35      6.03     11.03     -5.00   0.05  0.0300
  1.20      3     -485.60      6.28     11.28     -5.00   0.05  0.0300
  1.20      3     -485.68      6.21     11.23     -5.02   0.05  0.0300
  1.20      4     -485.97      6.08     11.02     -4.95   0.05  0.0300
  1.20      4     -486.20      6.16     11.07     -4.91   0.05  0.0300
  1.20      4     -486.43      6.19     11.08     -4.88   0.05  0.0300
  1.20      4     -486.54      6.45     11.35     -4.90   0.05  0.0300
  1.20      4     -486.81      6.10     10.93     -4.83   0.05  0.0300
  1.20      4     -486.90      5.98     10.81     -4.84   0.05  0.0300
  1.20      4     -486.90      5.73     10.58     -4.85   0.05  0.0300
  1.20      4     -487.04      5.92     10.79     -4.87   0.05  0.0300
  1.20      4     -486.88      5.78     10.64     -4.86   0.05  0.0300
  1.20      4     -486.60      6.25     11.14     -4.89   0.05  0.0300
  1.20      5     -486.55      6.45     11.29     -4.85   0.05  0.0300
  1.20      5     -486.73      6.48     11.38     -4.90   0.05  0.0300
  1.20      5     -486.95      6.23     11.12     -4.89   0.05  0.0300
  1.20      5     -486.97      6.00     10.89     -4.88   0.05  0.0300
  1.20      5     -487.13      5.77     10.67     -4.90   0.05  0.0300
  1.20      5     -487.27      5.57     10.48     -4.90   0.04  0.0300
  1.20      5     -487.63      5.36     10.23     -4.87   0.04  0.0300
  1.20      5     -487.72      5.12      9.99     -4.87   0.04  0.0300
  1.20      5     -487.93      4.90      9.76     -4.85   0.04  0.0300
  1.20      5     -488.16      4.82      9.70     -4.88   0.04  0.0300
  1.20      6     -488.23      4.76      9.68     -4.92   0.04  0.0300
  1.20      6     -488.37      4.88      9.79     -4.91   0.04  0.0300
  1.20      6     -488.48      5.31     10.26     -4.95   0.04  0.0300
  1.20      6     -488.50      5.65     10.61     -4.96   0.05  0.0300
  1.20      6     -488.48      5.93     10.90     -4.96   0.05  0.0300
  1.20      6     -488.80      5.84     10.76     -4.92   0.05  0.0300
  1.20      6     -489.00      5.70     10.65     -4.94   0.05  0.0300
  1.20      6     -488.79      5.73     10.69     -4.96   0.05  0.0300
  1.20      6     -488.71      5.82     10.81     -4.99   0.05  0.0300
  1.20      6     -488.77      5.82     10.73     -4.91   0.04  0.0300
  1.20      7     -488.63      5.54     10.34     -4.80   0.04  0.0300
  1.20      7     -488.51      5.26     10.10     -4.84   0.04  0.0300
  1.20      7     -488.54      5.14     10.04     -4.89   0.04  0.0300
  1.20      7     -488.48      5.06      9.99     -4.93   0.04  0.0300
  1.20      7     -488.61      5.00      9.97     -4.98   0.04  0.0300
  1.20      7     -488.70      4.92      9.99     -5.07   0.04  0.0300
  1.20      7     -488.65      4.88     10.08     -5.20   0.04  0.0300
  1.20      7     -488.58      5.03     10.23     -5.20   0.04  0.0300
  1.20      7     -488.88      5.22     10.41     -5.18   0.04  0.0300
  1.20      7     -488.94      5.35     10.50     -5.15   0.04  0.0300
  1.20      8     -488.94      5.40     10.57     -5.17   0.04  0.0300
  1.20      8     -488.92      5.43     10.57     -5.13   0.04  0.0300
  1.20      8     -488.81      5.49     10.57     -5.09   0.04  0.0300
  1.20      8     -488.92      5.51     10.60     -5.09   0.04  0.0300
  1.20      8     -488.98      5.52     10.60     -5.09   0.04  0.0300
  1.20      8     -488.96      5.50     10.59     -5.09   0.04  0.0300
  1.20      8     -488.88      5.55     10.64     -5.09   0.04  0.0300
  1.20      8     -488.93      5.38     10.47     -5.09   0.04  0.0300
  1.20      8     -488.85      5.25     10.37     -5.11   0.03  0.0300
  1.20      8     -488.81      5.26     10.35     -5.09   0.04  0.0300
  1.20      9     -489.02      5.21     10.33     -5.12   0.04  0.0300
  1.20      9     -489.18      5.15     10.22     -5.07   0.04  0.0300
  1.20      9     -489.15      4.95     10.02     -5.07   0.04  0.0300
  1.20      9     -489.16      4.84      9.82     -4.97   0.04  0.0300
  1.20      9     -489.06      4.77      9.65     -4.88   0.04  0.0300
  1.20      9     -488.97      4.56      9.38     -4.82   0.05  0.0300
  1.20      9     -489.01      4.29      9.05     -4.76   0.05  0.0300
  1.20      9     -489.00      4.11      8.84     -4.73   0.05  0.0300
  1.20      9     -488.93      3.89      8.64     -4.75   0.05  0.0300
  1.20      9     -489.08      3.65      8.40     -4.74   0.05  0.0300
  1.20     10     -489.26      3.48      8.27     -4.79   0.05  0.0300
  1.20     10     -489.14      3.40      8.17     -4.76   0.05  0.0300
  1.20     10     -489.09      3.22      7.95     -4.73   0.05  0.0300
  1.20     10     -489.04      3.07      7.82     -4.76   0.05  0.0300
  1.20     10     -489.01      3.02      7.84     -4.82   0.05  0.0300
  1.20     10     -489.02      2.96      7.76     -4.81   0.05  0.0300
  1.20     10     -489.04      2.88      7.77     -4.89   0.05  0.0300
  1.20     10     -489.06      2.85      7.80     -4.94   0.05  0.0300
  1.20     10     -489.12      2.79      7.79     -5.00   0.05  0.0300
  1.20     10     -489.10      2.83      7.82     -4.99   0.05  0.0300
  1.20     11     -489.10      2.83      7.81     -4.98   0.05  0.0300
  1.20     11     -489.15      2.80      7.79     -4.99   0.05  0.0300
  1.20     11     -489.32      2.81      7.81     -5.00   0.05  0.0300
  1.20     11     -489.41      2.75      7.72     -4.97   0.04  0.0300
  1.20     11     -489.62      2.64      7.58     -4.94   0.04  0.0300
  1.20     11     -489.79      2.60      7.52     -4.91   0.04  0.0300
  1.20     11     -489.92      2.54      7.40     -4.86   0.04  0.0300
  1.20     11     -489.95      2.40      7.20     -4.80   0.04  0.0300
  1.20     11     -490.02      2.24      7.00     -4.77   0.04  0.0300
  1.20     11     -490.25      2.15      6.90     -4.76   0.04  0.0300
  1.20     12     -490.47      2.11      6.85     -4.74   0.04  0.0300
  1.20     12     -490.83      2.11      6.80     -4.69   0.04  0.0300
  1.20     12     -491.01      2.15      6.81     -4.66   0.04  0.0300
  1.20     12     -491.13      2.12      6.74     -4.63   0.04  0.0300
  1.20     12     -491.15      2.00      6.61     -4.60   0.04  0.0300
  1.20     12     -491.24      1.89      6.49     -4.60   0.04  0.0300
  1.20     12     -491.27      1.70      6.29     -4.59   0.04  0.0300
  1.20     12     -491.31      1.58      6.11     -4.53   0.04  0.0300
  1.20     12     -491.40      1.49      6.02     -4.53   0.04  0.0300
  1.20     12     -491.52      1.42      6.00     -4.57   0.04  0.0300
  1.20     13     -491.43      1.44      6.00     -4.56   0.04  0.0300
  1.20     13     -491.38      1.46      5.96     -4.50   0.04  0.0300
  1.20     13     -491.40      1.48      5.94     -4.46   0.04  0.0300
  1.20     13     -491.29      1.45      5.90     -4.44   0.04  0.0300
  1.20     13     -491.28      1.36      5.80     -4.44   0.04  0.0300
  1.20     13     -491.41      1.30      5.72     -4.42   0.04  0.0300
  1.20     13     -491.53      1.27      5.68     -4.41   0.04  0.0300
  1.20     13     -491.57      1.27      5.64     -4.38   0.04  0.0300
  1.20     13     -491.51      1.29      5.57     -4.28   0.04  0.0300
  1.20     13     -491.30      1.22      5.47     -4.25   0.04  0.0300
  1.20     14     -491.09      1.16      5.39     -4.23   0.04  0.0300
  1.20     14     -491.00      1.16      5.35     -4.20   0.04  0.0300
  1.20     14     -490.91      1.14      5.36     -4.21   0.04  0.0300
  1.20     14     -490.96      1.20      5.42     -4.22   0.04  0.0300
  1.20     14     -490.96      1.30      5.50     -4.20   0.04  0.0300
  1.20     14     -490.93      1.41      5.56     -4.15   0.03  0.0300
  1.20     14     -490.93      1.47      5.59     -4.12   0.03  0.0300
  1.20     14     -490.92      1.54      5.63     -4.09   0.03  0.0300
  1.20     14     -491.01      1.61      5.65     -4.04   0.03  0.0300
  1.20     14     -491.03      1.63      5.66     -4.03   0.03  0.0300
  1.20     15     -490.99      1.66      5.73     -4.06   0.03  0.0300
  1.20     15     -491.00      1.75      5.82     -4.08   0.03  0.0300
  1.20     15     -490.94      1.76      5.89     -4.13   0.03  0.0300
  1.20     15     -490.91      1.75      5.87     -4.12   0.03  0.0300
  1.20     15     -490.81      1.70      5.80     -4.10   0.03  0.0300
  1.20     15     -490.80      1.59      5.69     -4.10   0.03  0.0300
  1.20     15     -490.81      1.47      5.57     -4.09   0.03  0.0300
  1.20     15     -490.88      1.42      5.51     -4.09   0.03  0.0300
  1.20     15     -490.96      1.38      5.48     -4.10   0.03  0.0300
  1.20     15     -491.02      1.30      5.38     -4.08   0.03  0.0300
  1.20     16     -491.09      1.24      5.27     -4.03   0.03  0.0300
  1.20     16     -491.18      1.14      5.17     -4.03   0.03  0.0300
  1.20     16     -491.29      1.04      5.07     -4.03   0.03  0.0300
  1.20     16     -491.26      1.02      5.02     -4.00   0.03  0.0300
  1.20     16     -491.28      1.01      5.05     -4.03   0.03  0.0300
  1.20     16     -491.32      0.90      4.92     -4.02   0.03  0.0300
  1.20     16     -491.24      0.79      4.81     -4.02   0.03  0.0300
  1.20     16     -491.28      0.72      4.74     -4.02   0.03  0.0300
  1.20     16     -491.33      0.75      4.77     -4.02   0.03  0.0300
  1.20     16     -491.36      0.80      4.81     -4.01   0.03  0.0300
  1.20     17     -491.41      0.83      4.83     -4.00   0.03  0.0300
  1.20     17     -491.39      0.84      4.84     -4.00   0.03  0.0300
  1.20     17     -491.38      0.88      4.88     -4.00   0.03  0.0300
  1.20     17     -491.43      0.93      4.93     -4.01   0.03  0.0300
  1.20     17     -491.38      0.92      4.94     -4.02   0.03  0.0300
  1.20     17     -491.40      0.89      4.95     -4.06   0.03  0.0300
  1.20     17     -491.35      0.90      4.99     -4.09   0.03  0.0300
  1.20     17     -491.31      0.89      5.01     -4.12   0.03  0.0300
  1.20     17     -491.36      0.88      5.02     -4.15   0.03  0.0300
  1.20     17     -491.37      0.85      5.04     -4.19   0.03  0.0300
  1.20     18     -491.41      0.82      5.04     -4.22   0.03  0.0300
  1.20     18     -491.43      0.80      5.05     -4.25   0.03  0.0300
  1.20     18     -491.40      0.83      5.10     -4.27   0.03  0.0300
  1.20     18     -491.36      0.89      5.15     -4.26   0.03  0.0300
  1.20     18     -491.33      0.86      5.12     -4.26   0.03  0.0300
  1.20     18     -491.25      0.83      5.11     -4.28   0.03  0.0300
  1.20     18     -491.20      0.80      5.08     -4.28   0.03  0.0300
  1.20     18     -491.22      0.79      5.08     -4.29   0.03  0.0300
  1.20     18     -491.18      0.77      5.07     -4.30   0.03  0.0300
  1.20     18     -491.18      0.73      5.05     -4.33   0.03  0.0300
  1.20     19     -491.14      0.74      5.06     -4.32   0.03  0.0300
  1.20     19     -491.11      0.73      5.09     -4.36   0.03  0.0300
  1.20     19     -491.12      0.70      5.07     -4.37   0.03  0.0300
  1.20     19     -491.07      0.71      5.06     -4.35   0.03  0.0300
  1.20     19     -491.01      0.74      5.09     -4.34   0.03  0.0300
  1.20     19     -490.96      0.79      5.12     -4.33   0.03  0.0300
  1.20     19     -490.93      0.83      5.17     -4.34   0.03  0.0300
  1.20     19     -490.93      0.87      5.22     -4.35   0.03  0.0300
  1.20     19     -490.98      0.88      5.24     -4.36   0.03  0.0300
  1.20     19     -490.98      0.96      5.31     -4.35   0.03  0.0300
  1.20     20     -491.01      1.08      5.43     -4.35   0.03  0.0300
  1.20     20     -491.01      1.20      5.55     -4.35   0.03  0.0300
  1.20     20     -491.03      1.34      5.66     -4.32   0.03  0.0300
  1.20     20     -491.00      1.45      5.72     -4.27   0.03  0.0300
  1.20     20     -490.95      1.49      5.74     -4.25   0.03  0.0300
  1.20     20     -490.95      1.49      5.74     -4.25   0.03  0.0300
  1.20     20     -490.96      1.47      5.71     -4.24   0.02  0.0300
  1.20     20     -490.97      1.51      5.77     -4.26   0.02  0.0300
  1.20     20     -490.98      1.58      5.86     -4.28   0.02  0.0300
  1.20     20     -491.05      1.63      5.93     -4.30   0.02  0.0300
  1.20     21     -491.01      1.67      5.98     -4.31   0.02  0.0300
  1.20     21     -490.92      1.70      6.03     -4.33   0.02  0.0300
  1.20     21     -490.91      1.74      6.09     -4.35   0.02  0.0300
  1.20     21     -490.88      1.80      6.13     -4.34   0.02  0.0300
  1.20     21     -490.87      1.84      6.15     -4.30   0.02  0.0300
  1.20     21     -490.83      1.80      6.09     -4.28   0.02  0.0300
  1.20     21     -490.80      1.72      5.99     -4.27   0.02  0.0300
  1.20     21     -490.80      1.72      5.96     -4.24   0.02  0.0300
  1.20     21     -490.71      1.66      5.87     -4.21   0.02  0.0300
  1.20     21     -490.63      1.63      5.83     -4.19   0.02  0.0300
  1.20     22     -490.56      1.61      5.81     -4.20   0.02  0.0300
  1.20     22     -490.54      1.60      5.81     -4.21   0.02  0.0300
  1.20     22     -490.56      1.60      5.81     -4.21   0.02  0.0300
  1.20     22     -490.55      1.59      5.81     -4.22   0.02  0.0300
  1.20     22     -490.53      1.60      5.82     -4.22   0.02  0.0300
  1.20     22     -490.48      1.60      5.83     -4.23   0.02  0.0300
  1.20     22     -490.39      1.57      5.79     -4.23   0.02  0.0300
  1.20     22     -490.31      1.58      5.79     -4.20   0.02  0.0300
  1.20     22     -490.21      1.61      5.81     -4.20   0.02  0.0300
  1.20     22     -490.16      1.63      5.83     -4.20   0.02  0.0300
  1.20     23     -490.15      1.67      5.88     -4.21   0.02  0.0300
  1.20     23     -490.16      1.69      5.88     -4.20   0.02  0.0300
  1.20     23     -490.21      1.71      5.87     -4.15   0.02  0.0300
  1.20     23     -490.24      1.73      5.89     -4.16   0.02  0.0300
  1.20     23     -490.30      1.73      5.90     -4.17   0.02  0.0300
  1.20     23     -490.31      1.73      5.90     -4.17   0.02  0.0300
  1.20     23     -490.27      1.69      5.87     -4.18   0.02  0.0300
  1.20     23     -490.29      1.69      5.85     -4.16   0.02  0.0300
  1.20     23     -490.25      1.70      5.85     -4.14   0.02  0.0300
  1.20     23     -490.27      1.73      5.88     -4.16   0.02  0.0300
  1.20     24     -490.27      1.79      5.96     -4.17   0.02  0.0300
  1.20     24     -490.28      1.86      6.07     -4.20   0.02  0.0300
  1.20     24     -490.30      1.94      6.16     -4.22   0.02  0.0300
  1.20     24     -490.37      2.04      6.25     -4.21   0.02  0.0300
  1.20     24     -490.34      2.11      6.32     -4.21   0.02  0.0300
  1.20     24     -490.34      2.16      6.40     -4.24   0.02  0.0300
  1.20     24     -490.41      2.25      6.49     -4.24   0.02  0.0300
  1.20     24     -490.46      2.31      6.56     -4.25   0.02  0.0300
  1.20     24     -490.51      2.32      6.60     -4.28   0.02  0.0300
  1.20     24     -490.46      2.33      6.64     -4.32   0.02  0.0300
  1.20     25     -490.45      2.36      6.69     -4.33   0.02  0.0300
  1.20     25     -490.47      2.37      6.70     -4.33   0.02  0.0300
  1.20     25     -490.51      2.43      6.77     -4.34   0.02  0.0300
  1.20     25     -490.57      2.47      6.83     -4.36   0.02  0.0300
  1.20     25     -490.60      2.52      6.89     -4.37   0.02  0.0300
  1.20     25     -490.66      2.59      6.95     -4.36   0.02  0.0300
  1.20     25     -490.70      2.64      7.01     -4.37   0.02  0.0300
  1.20     25     -490.74      2.61      6.97     -4.36   0.02  0.0300
  1.20     25     -490.78      2.59      6.93     -4.34   0.02  0.0300
  1.20     25     -490.83      2.58      6.90     -4.32   0.02  0.0300
  1.20     26     -490.84      2.54      6.85     -4.31   0.02  0.0300
  1.20     26     -490.83      2.49      6.79     -4.30   0.02  0.0300
  1.20     26     -490.81      2.46      6.75     -4.30   0.02  0.0300
  1.20     26     -490.77      2.40      6.68     -4.28   0.02  0.0300
  1.20     26     -490.70      2.35      6.60     -4.25   0.02  0.0300
  1.20     26     -490.69      2.32      6.54     -4.22   0.02  0.0300
  1.20     26     -490.67      2.29      6.48     -4.18   0.02  0.0300
  1.20     26     -490.60      2.27      6.42     -4.15   0.02  0.0300
  1.20     26     -490.60      2.20      6.36     -4.15   0.02  0.0300
  1.20     26     -490.63      2.13      6.26     -4.13   0.02  0.0300
  1.20     27     -490.65      2.03      6.13     -4.10   0.02  0.0300
  1.20     27     -490.65      1.98      6.03     -4.05   0.02  0.0300
  1.20     27     -490.66      1.95      5.99     -4.03   0.02  0.0300
  1.20     27     -490.66      1.98      6.01     -4.03   0.02  0.0300
  1.20     27     -490.62      2.02      6.07     -4.04   0.02  0.0300
  1.20     27     -490.60      2.06      6.11     -4.05   0.02  0.0300
  1.20     27     -490.56      2.08      6.14     -4.06   0.02  0.0300
  1.20     27     -490.56      2.14      6.21     -4.07   0.02  0.0300
  1.20     27     -490.61      2.20      6.28     -4.09   0.02  0.0300
  1.20     27     -490.65      2.23      6.33     -4.11   0.02  0.0300
  1.20     28     -490.64      2.25      6.37     -4.12   0.02  0.0300
  1.20     28     -490.62      2.25      6.41     -4.16   0.02  0.0300
  1.20     28     -490.67      2.27      6.46     -4.18   0.02  0.0300
  1.20     28     -490.68      2.30      6.50     -4.19   0.02  0.0300
  1.20     28     -490.73      2.32      6.54     -4.22   0.02  0.0300
  1.20     28     -490.71      2.37      6.59     -4.22   0.02  0.0300
  1.20     28     -490.69      2.44      6.67     -4.23   0.02  0.0300
  1.20     28     -490.68      2.50      6.73     -4.23   0.02  0.0300
  1.20     28     -490.66      2.53      6.77     -4.24   0.02  0.0300
  1.20     28     -490.69      2.53      6.79     -4.26   0.02  0.0300
  1.20     29     -490.78      2.55      6.81     -4.26   0.02  0.0300
  1.20     29     -490.79      2.60      6.86     -4.25   0.02  0.0300
  1.20     29     -490.73      2.63      6.90     -4.27   0.02  0.0300
  1.20     29     -490.70      2.66      6.95     -4.29   0.02  0.0300
  1.20     29     -490.68      2.71      7.01     -4.30   0.02  0.0300
  1.20     29     -490.74      2.76      7.05     -4.30   0.02  0.0300
  1.20     29     -490.75      2.76      7.07     -4.31   0.02  0.0300
  1.20     29     -490.79      2.71      7.04     -4.32   0.02  0.0300
  1.20     29     -490.76      2.68      7.01     -4.33   0.02  0.0300
  1.20     29     -490.72      2.66      7.00     -4.35   0.02  0.0300
  1.20     30     -490.73      2.65      7.02     -4.37   0.02  0.0300
  1.20     30     -490.75      2.64      7.02     -4.38   0.02  0.0300
  1.20     30     -490.78      2.62      6.99     -4.37   0.02  0.0300
  1.20     30     -490.78      2.58      6.95     -4.37   0.02  0.0300
  1.20     30     -490.78      2.55      6.91     -4.35   0.02  0.0300
  1.20     30     -490.74      2.54      6.89     -4.35   0.02  0.0300
  1.20     30     -490.70      2.50      6.85     -4.35   0.02  0.0300
  1.20     30     -490.68      2.44      6.81     -4.36   0.02  0.0300
  1.20     30     -490.65      2.39      6.77     -4.38   0.02  0.0300
  1.20     30     -490.67      2.35      6.74     -4.38   0.02  0.0300
  1.20     31     -490.67      2.34      6.73     -4.40   0.02  0.0300
