  1.50      0     -469.46      5.07      2.18      2.89   0.00  0.0300
  1.50      0     -467.42      2.52      2.41      0.11   0.00  0.0300
  1.50      0     -469.62      0.88      0.85      0.03   0.01  0.0300
  1.50      0     -470.01      0.77      1.49     -0.71   0.01  0.0300
  1.50      0     -473.38      0.69      1.92     -1.23   0.01  0.0300
  1.50      0     -473.84      0.59      1.99     -1.40   0.01  0.0300
  1.50      0     -471.62     -0.25      1.98     -2.23   0.01  0.0300
  1.50      0     -473.11     -0.24      1.72     -1.96   0.01  0.0300
  1.50      0     -471.27     -0.05      2.08     -2.13   0.01  0.0300
  1.50      1     -471.24     -0.37      1.66     -2.03   0.01  0.0300
  1.50      1     -471.23     -0.45      1.63     -2.09   0.01  0.0300
  1.50      1     -471.71     -0.24      1.73     -1.97   0.01  0.0300
  1.50      1     -471.40     -0.26      1.58     -1.84   0.01  0.0300
  1.50      1     -472.90     -0.23      1.43     -1.67   0.01  0.0300
  1.50      1     -472.55     -0.21      1.46     -1.68   0.01  0.0300
  1.50      1     -472.46     -0.22      1.48     -1.70   0.01  0.0300
  1.50      1     -471.72     -0.59      1.04     -1.64   0.01  0.0300
  1.50      1     -471.59     -0.57      1.07     -1.64   0.01  0.0300
  1.50      1     -471.59     -0.65      0.89     -1.54   0.01  0.0300
  1.50      2     -471.58     -0.75      0.79     -1.54   0.01  0.0300
  1.50      2     -471.80     -0.68      0.88     -1.56   0.01  0.0300
  1.50      2     -472.02     -0.63      0.78     -1.42   0.01  0.0300
  1.50      2     -472.21     -0.41      1.00     -1.41   0.01  0.0300
  1.50      2     -472.83     -0.41      0.93     -1.34   0.01  0.0300
  1.50      2     -472.89     -0.39      0.97     -1.36   0.01  0.0300
  1.50      2     -473.32     -0.65      0.67     -1.32   0.01  0.0300
  1.50      2     -473.10     -0.65      0.68     -1.33   0.01  0.0300
  1.50      2     -473.16     -0.54      0.76     -1.30   0.01  0.0300
  1.50      2     -473.21     -0.48      0.80     -1.28   0.01  0.0300
  1.50      3     -473.40     -0.51      0.74     -1.25   0.01  0.0300
  1.50      3     -473.21     -0.19      1.09     -1.28   0.01  0.0300
  1.50      3     -473.55     -0.18      1.13     -1.30   0.01  0.0300
  1.50      3     -473.68     -0.25      1.03     -1.28   0.01  0.0300
  1.50      3     -473.97     -0.07      1.24     -1.31   0.01  0.0300
  1.50      3     -474.06     -0.23      1.02     -1.25   0.01  0.0300
  1.50      3     -474.08      0.00      1.31     -1.31   0.01  0.0300
  1.50      3     -473.87     -0.24      1.01     -1.26   0.01  0.0300
  1.50      3     -474.45      0.04      1.29     -1.25   0.01  0.0300
  1.50      3     -474.21      0.06      1.33     -1.27   0.01  0.0300
  1.50      3     -474.54     -0.09      1.13     -1.21   0.01  0.0300
  1.50      3     -474.23      0.00      1.21     -1.21   0.01  0.0300
  1.50      3     -474.79     -0.09      1.12     -1.21   0.01  0.0300
  1.50      3     -474.09     -0.20      1.00     -1.19   0.01  0.0300
  1.50      3     -474.99      0.08      1.25     -1.17   0.01  0.0300
  1.50      3     -474.29     -0.20      1.03     -1.23   0.01  0.0300
  1.50      4     -475.01      0.05      1.24     -1.20   0.01  0.0300
  1.50      3     -474.78     -0.11      1.08     -1.19   0.02  0.0300
  1.50      3     -475.03     -0.43      0.73     -1.17   0.02  0.0300
  1.50      3     -474.82     -0.42      0.77     -1.19   0.01  0.0300
  1.50      4     -474.82     -0.59      0.63     -1.22   0.01  0.0300
  1.50      4     -474.68     -0.77      0.40     -1.17   0.01  0.0300
  1.50      4     -474.95     -0.75      0.43     -1.18   0.01  0.0300
  1.50      4     -475.08     -0.60      0.59     -1.18   0.01  0.0300
  1.50      4     -475.22     -0.77      0.40     -1.17   0.01  0.0300
  1.50      4     -475.24     -0.53      0.61     -1.14   0.01  0.0300
  1.50      4     -475.45     -0.33      0.85     -1.18   0.01  0.0300
  1.50      4     -475.27     -0.46      0.68     -1.14   0.01  0.0300
  1.50      4     -475.26     -0.57      0.59     -1.16   0.01  0.0300
  1.50      4     -475.34     -0.89      0.27     -1.16   0.02  0.0300
  1.50      5     -475.22     -0.86      0.31     -1.17   0.02  0.0300
  1.50      5     -475.34     -0.78      0.40     -1.18   0.02  0.0300
  1.50      5     -475.29     -0.86      0.34     -1.20   0.02  0.0300
  1.50      5     -475.30     -0.87      0.33     -1.20   0.02  0.0300
  1.50      5     -475.39     -1.35     -0.14     -1.20   0.02  0.0300
  1.50      5     -475.38     -1.41     -0.11     -1.30   0.02  0.0300
  1.50      5     -475.06     -1.27      0.06     -1.33   0.02  0.0300
  1.50      5     -475.15     -1.28      0.02     -1.29   0.01  0.0300
  1.50      5     -475.12     -1.45     -0.19     -1.27   0.02  0.0300
  1.50      5     -475.07     -1.48     -0.10     -1.38   0.02  0.0300
  1.50      6     -475.27     -1.44     -0.02     -1.42   0.02  0.0300
  1.50      6     -475.46     -1.28      0.16     -1.44   0.02  0.0300
  1.50      6     -475.62     -1.04      0.39     -1.43   0.02  0.0300
  1.50      6     -475.91     -0.90      0.56     -1.46   0.01  0.0300
  1.50      6     -476.05     -0.85      0.55     -1.40   0.01  0.0300
  1.50      6     -476.34     -0.92      0.52     -1.44   0.01  0.0300
  1.50      6     -476.72     -0.97      0.47     -1.44   0.01  0.0300
  1.50      6     -477.01     -0.90      0.57     -1.47   0.01  0.0300
  1.50      6     -476.98     -0.95      0.53     -1.48   0.01  0.0300
  1.50      6     -476.83     -0.89      0.59     -1.48   0.01  0.0300
  1.50      7     -476.97     -0.66      0.82     -1.48   0.01  0.0300
  1.50      7     -477.03     -0.41      1.05     -1.46   0.01  0.0300
  1.50      7     -477.13     -0.05      1.35     -1.40   0.01  0.0300
  1.50      7     -477.22      0.23      1.57     -1.34   0.01  0.0300
  1.50      7     -477.52      0.27      1.60     -1.33   0.01  0.0300
  1.50      7     -477.69      0.38      1.69     -1.31   0.01  0.0300
  1.50      7     -477.69      0.51      1.81     -1.30   0.01  0.0300
  1.50      7     -477.88      0.58      1.93     -1.35   0.01  0.0300
  1.50      7     -477.94      0.68      2.11     -1.43   0.01  0.0300
  1.50      7     -477.87      0.85      2.30     -1.45   0.01  0.0300
  1.50      8     -477.96      1.07      2.52     -1.45   0.01  0.0300
  1.50      8     -477.98      1.16      2.64     -1.48   0.01  0.0300
  1.50      8     -478.00      1.29      2.74     -1.45   0.01  0.0300
  1.50      8     -478.03      1.24      2.68     -1.44   0.01  0.0300
  1.50      8     -478.11      1.15      2.54     -1.40   0.01  0.0300
  1.50      8     -478.16      0.96      2.28     -1.32   0.01  0.0300
  1.50      8     -478.02      0.89      2.12     -1.23   0.01  0.0300
  1.50      8     -477.83      0.98      2.17     -1.19   0.01  0.0300
  1.50      8     -477.67      1.03      2.18     -1.15   0.01  0.0300
  1.50      8     -477.49      1.00      2.11     -1.10   0.01  0.0300
  1.50      9     -477.28      1.19      2.31     -1.12   0.01  0.0300
  1.50      9     -477.14      1.41      2.53     -1.11   0.01  0.0300
  1.50      9     -477.11      1.63      2.74     -1.11   0.01  0.0300
  1.50      9     -477.20      1.83      3.00     -1.17   0.01  0.0300
  1.50      9     -477.27      1.99      3.21     -1.22   0.01  0.0300
  1.50      9     -477.26      2.32      3.52     -1.20   0.01  0.0300
  1.50      9     -477.16      2.53      3.71     -1.18   0.01  0.0300
  1.50      9     -477.22      2.69      3.83     -1.14   0.01  0.0300
  1.50      9     -477.11      2.70      3.78     -1.08   0.01  0.0300
  1.50      9     -476.96      2.62      3.70     -1.08   0.01  0.0300
  1.50     10     -476.84      2.58      3.73     -1.15   0.01  0.0300
  1.50     10     -476.76      2.53      3.70     -1.17   0.01  0.0300
  1.50     10     -476.87      2.49      3.67     -1.17   0.01  0.0300
  1.50     10     -477.04      2.42      3.59     -1.17   0.01  0.0300
  1.50     10     -477.10      2.38      3.59     -1.20   0.01  0.0300
  1.50     10     -476.92      2.40      3.61     -1.21   0.01  0.0300
  1.50     10     -476.90      2.40      3.55     -1.15   0.01  0.0300
  1.50     10     -476.73      2.43      3.53     -1.10   0.01  0.0300
  1.50     10     -476.73      2.39      3.47     -1.08   0.01  0.0300
  1.50     10     -476.88      2.33      3.38     -1.05   0.01  0.0300
  1.50     11     -476.96      2.32      3.38     -1.06   0.01  0.0300
  1.50     11     -477.00      2.46      3.50     -1.05   0.01  0.0300
  1.50     11     -477.07      2.48      3.54     -1.06   0.01  0.0300
  1.50     11     -477.04      2.29      3.37     -1.08   0.01  0.0300
  1.50     11     -477.09      2.08      3.13     -1.05   0.01  0.0300
  1.50     11     -477.12      1.86      2.86     -1.00   0.01  0.0300
  1.50     11     -477.10      1.61      2.60     -0.98   0.01  0.0300
  1.50     11     -477.20      1.42      2.38     -0.96   0.01  0.0300
  1.50     11     -477.14      1.28      2.28     -1.01   0.01  0.0300
  1.50     11     -477.32      1.27      2.34     -1.07   0.01  0.0300
  1.50     12     -477.52      1.26      2.39     -1.13   0.01  0.0300
  1.50     12     -477.51      1.31      2.49     -1.18   0.01  0.0300
  1.50     12     -477.63      1.38      2.60     -1.22   0.01  0.0300
  1.50     12     -477.63      1.50      2.73     -1.23   0.01  0.0300
  1.50     12     -477.56      1.66      2.87     -1.22   0.01  0.0300
  1.50     12     -477.62      1.80      3.00     -1.20   0.01  0.0300
  1.50     12     -477.73      1.87      3.05     -1.18   0.01  0.0300
  1.50     12     -477.80      1.81      3.02     -1.20   0.01  0.0300
  1.50     12     -477.80      1.72      2.93     -1.22   0.01  0.0300
  1.50     12     -477.83      1.77      3.03     -1.26   0.01  0.0300
  1.50     13     -477.87      1.75      3.00     -1.25   0.01  0.0300
  1.50     13     -477.96      1.69      2.96     -1.27   0.01  0.0300
  1.50     13     -478.04      1.67      2.93     -1.26   0.01  0.0300
  1.50     13     -478.14      1.70      2.92     -1.23   0.01  0.0300
  1.50     13     -478.26      1.77      2.96     -1.19   0.01  0.0300
  1.50     13     -478.29      1.77      2.95     -1.18   0.01  0.0300
  1.50     13     -478.36      1.83      3.02     -1.19   0.01  0.0300
  1.50     13     -478.43      1.86      3.04     -1.19   0.01  0.0300
  1.50     13     -478.54      1.89      3.07     -1.19   0.01  0.0300
  1.50     13     -478.65      1.96      3.18     -1.21   0.01  0.0300
  1.50     14     -478.75      2.06      3.29     -1.23   0.01  0.0300
  1.50     14     -478.68      2.12      3.40     -1.27   0.01  0.0300
  1.50     14     -478.73      2.15      3.43     -1.28   0.01  0.0300
  1.50     14     -478.82      2.23      3.52     -1.29   0.01  0.0300
  1.50     14     -478.80      2.35      3.65     -1.30   0.01  0.0300
  1.50     14     -478.84      2.36      3.68     -1.32   0.01  0.0300
  1.50     14     -478.74      2.40      3.71     -1.31   0.01  0.0300
  1.50     14     -478.67      2.46      3.76     -1.30   0.01  0.0300
  1.50     14     -478.61      2.58      3.85     -1.27   0.01  0.0300
  1.50     14     -478.54      2.64      3.86     -1.23   0.01  0.0300
  1.50     15     -478.41      2.65      3.88     -1.23   0.01  0.0300
  1.50     15     -478.33      2.63      3.89     -1.25   0.01  0.0300
  1.50     15     -478.22      2.65      3.90     -1.25   0.01  0.0300
  1.50     15     -478.21      2.64      3.88     -1.24   0.01  0.0300
  1.50     15     -478.12      2.56      3.82     -1.26   0.01  0.0300
  1.50     15     -478.04      2.45      3.74     -1.28   0.01  0.0300
  1.50     15     -477.98      2.42      3.71     -1.30   0.01  0.0300
  1.50     15     -477.95      2.37      3.65     -1.29   0.01  0.0300
  1.50     15     -477.83      2.30      3.60     -1.30   0.01  0.0300
  1.50     15     -477.84      2.28      3.61     -1.33   0.01  0.0300
  1.50     16     -477.92      2.29      3.62     -1.33   0.01  0.0300
  1.50     16     -477.91      2.29      3.63     -1.34   0.01  0.0300
  1.50     16     -478.05      2.26      3.58     -1.32   0.01  0.0300
  1.50     16     -478.10      2.23      3.54     -1.31   0.01  0.0300
  1.50     16     -478.15      2.19      3.49     -1.30   0.01  0.0300
  1.50     16     -478.20      2.14      3.40     -1.26   0.01  0.0300
  1.50     16     -478.25      2.03      3.28     -1.25   0.01  0.0300
  1.50     16     -478.35      1.91      3.13     -1.21   0.01  0.0300
  1.50     16     -478.37      1.73      2.94     -1.21   0.01  0.0300
  1.50     16     -478.43      1.52      2.72     -1.20   0.01  0.0300
  1.50     17     -478.50      1.32      2.51     -1.19   0.01  0.0300
  1.50     17     -478.50      1.15      2.33     -1.18   0.01  0.0300
  1.50     17     -478.46      1.04      2.21     -1.18   0.01  0.0300
  1.50     17     -478.48      0.98      2.14     -1.15   0.01  0.0300
  1.50     17     -478.51      0.92      2.04     -1.12   0.01  0.0300
  1.50     17     -478.54      0.82      1.91     -1.09   0.01  0.0300
  1.50     17     -478.57      0.86      1.93     -1.08   0.01  0.0300
  1.50     17     -478.58      0.93      2.02     -1.09   0.01  0.0300
  1.50     17     -478.60      1.00      2.06     -1.06   0.01  0.0300
  1.50     17     -478.55      0.99      2.06     -1.07   0.01  0.0300
  1.50     18     -478.46      0.90      1.97     -1.07   0.01  0.0300
  1.50     18     -478.51      0.81      1.84     -1.03   0.01  0.0300
  1.50     18     -478.50      0.72      1.74     -1.02   0.01  0.0300
  1.50     18     -478.43      0.61      1.64     -1.02   0.01  0.0300
  1.50     18     -478.43      0.52      1.54     -1.02   0.01  0.0300
  1.50     18     -478.41      0.44      1.43     -0.99   0.01  0.0300
  1.50     18     -478.48      0.30      1.27     -0.97   0.01  0.0300
  1.50     18     -478.64      0.18      1.15     -0.97   0.01  0.0300
  1.50     18     -478.65      0.09      1.07     -0.98   0.01  0.0300
  1.50     18     -478.66      0.00      1.00     -1.00   0.01  0.0300
  1.50     19     -478.56     -0.02      1.00     -1.02   0.01  0.0300
  1.50     19     -478.54      0.03      1.04     -1.02   0.01  0.0300
  1.50     19     -478.53      0.08      1.10     -1.03   0.01  0.0300
  1.50     19     -478.52      0.15      1.18     -1.03   0.01  0.0300
  1.50     19     -478.44      0.20      1.25     -1.05   0.01  0.0300
  1.50     19     -478.43      0.25      1.28     -1.04   0.01  0.0300
  1.50     19     -478.48      0.25      1.25     -1.00   0.01  0.0300
  1.50     19     -478.54      0.24      1.21     -0.97   0.01  0.0300
  1.50     19     -478.57      0.21      1.17     -0.95   0.01  0.0300
  1.50     19     -478.59      0.18      1.10     -0.92   0.01  0.0300
  1.50     20     -478.60      0.16      1.08     -0.92   0.01  0.0300
  1.50     20     -478.61      0.20      1.10     -0.90   0.01  0.0300
  1.50     20     -478.65      0.22      1.12     -0.90   0.01  0.0300
  1.50     20     -478.60      0.16      1.08     -0.92   0.01  0.0300
  1.50     20     -478.57      0.13      1.06     -0.94   0.01  0.0300
  1.50     20     -478.56      0.14      1.08     -0.94   0.01  0.0300
  1.50     20     -478.55      0.12      1.07     -0.94   0.01  0.0300
  1.50     20     -478.66      0.06      1.02     -0.97   0.01  0.0300
  1.50     20     -478.71     -0.01      0.96     -0.98   0.01  0.0300
  1.50     20     -478.69     -0.04      0.96     -1.00   0.01  0.0300
  1.50     21     -478.64      0.03      1.05     -1.01   0.01  0.0300
  1.50     21     -478.59      0.12      1.14     -1.02   0.01  0.0300
  1.50     21     -478.55      0.21      1.23     -1.02   0.01  0.0300
  1.50     21     -478.49      0.32      1.35     -1.03   0.01  0.0300
  1.50     21     -478.50      0.41      1.44     -1.03   0.01  0.0300
  1.50     21     -478.50      0.59      1.66     -1.07   0.01  0.0300
  1.50     21     -478.60      0.82      1.91     -1.10   0.01  0.0300
  1.50     21     -478.56      0.95      2.05     -1.10   0.02  0.0300
  1.50     21     -478.60      0.99      2.10     -1.11   0.02  0.0300
  1.50     21     -478.66      0.95      2.07     -1.12   0.02  0.0300
  1.50     22     -478.71      0.95      2.07     -1.12   0.02  0.0300
  1.50     22     -478.72      0.92      2.04     -1.12   0.02  0.0300
  1.50     22     -478.73      0.91      2.04     -1.13   0.02  0.0300
  1.50     22     -478.74      0.85      2.00     -1.16   0.02  0.0300
  1.50     22     -478.73      0.79      1.94     -1.16   0.02  0.0300
  1.50     22     -478.76      0.69      1.85     -1.16   0.02  0.0300
  1.50     22     -478.79      0.57      1.73     -1.15   0.02  0.0300
  1.50     22     -478.80      0.43      1.58     -1.15   0.02  0.0300
  1.50     22     -478.78      0.35      1.50     -1.15   0.02  0.0300
  1.50     22     -478.79      0.28      1.42     -1.14   0.02  0.0300
  1.50     23     -478.83      0.19      1.34     -1.14   0.02  0.0300
  1.50     23     -478.77      0.13      1.29     -1.16   0.02  0.0300
  1.50     23     -478.72      0.07      1.22     -1.15   0.02  0.0300
  1.50     23     -478.76     -0.04      1.10     -1.14   0.02  0.0300
  1.50     23     -478.81     -0.09      1.05     -1.14   0.02  0.0300
  1.50     23     -478.77     -0.12      0.99     -1.11   0.02  0.0300
  1.50     23     -478.73     -0.13      0.99     -1.12   0.02  0.0300
  1.50     23     -478.78     -0.12      1.03     -1.14   0.02  0.0300
  1.50     23     -478.74     -0.16      0.98     -1.14   0.02  0.0300
  1.50     23     -478.74     -0.23      0.88     -1.11   0.02  0.0300
  1.50     24     -478.72     -0.28      0.83     -1.10   0.02  0.0300
  1.50     24     -478.68     -0.30      0.81     -1.11   0.02  0.0300
  1.50     24     -478.66     -0.31      0.79     -1.10   0.02  0.0300
  1.50     24     -478.61     -0.34      0.76     -1.10   0.02  0.0300
  1.50     24     -478.61     -0.35      0.72     -1.07   0.02  0.0300
  1.50     24     -478.58     -0.37      0.67     -1.04   0.02  0.0300
  1.50     24     -478.58     -0.33      0.72     -1.04   0.02  0.0300
  1.50     24     -478.56     -0.23      0.80     -1.04   0.02  0.0300
  1.50     24     -478.64     -0.18      0.86     -1.05   0.02  0.0300
  1.50     24     -478.68     -0.15      0.92     -1.07   0.02  0.0300
  1.50     25     -478.66     -0.11      0.96     -1.07   0.02  0.0300
  1.50     25     -478.71     -0.03      1.03     -1.06   0.02  0.0300
  1.50     25     -478.76      0.09      1.15     -1.06   0.02  0.0300
  1.50     25     -478.80      0.17      1.24     -1.07   0.02  0.0300
  1.50     25     -478.78      0.18      1.27     -1.09   0.02  0.0300
  1.50     25     -478.75      0.16      1.26     -1.10   0.02  0.0300
  1.50     25     -478.71      0.12      1.23     -1.11   0.02  0.0300
  1.50     25     -478.75      0.10      1.20     -1.10   0.02  0.0300
  1.50     25     -478.81      0.06      1.15     -1.09   0.02  0.0300
  1.50     25     -478.77      0.06      1.15     -1.09   0.02  0.0300
  1.50     26     -478.72      0.06      1.15     -1.08   0.02  0.0300
  1.50     26     -478.69      0.08      1.16     -1.09   0.02  0.0300
  1.50     26     -478.67      0.11      1.21     -1.10   0.02  0.0300
  1.50     26     -478.70      0.14      1.25     -1.11   0.02  0.0300
  1.50     26     -478.70      0.08      1.18     -1.10   0.02  0.0300
  1.50     26     -478.70      0.03      1.13     -1.10   0.02  0.0300
  1.50     26     -478.66      0.02      1.11     -1.09   0.02  0.0300
  1.50     26     -478.64     -0.01      1.09     -1.10   0.02  0.0300
  1.50     26     -478.63     -0.03      1.07     -1.10   0.02  0.0300
  1.50     26     -478.68     -0.06      1.04     -1.10   0.02  0.0300
  1.50     27     -478.71     -0.04      1.07     -1.11   0.02  0.0300
  1.50     27     -478.78      0.04      1.15     -1.11   0.02  0.0300
  1.50     27     -478.78      0.13      1.26     -1.13   0.02  0.0300
  1.50     27     -478.72      0.20      1.34     -1.14   0.02  0.0300
  1.50     27     -478.70      0.27      1.41     -1.14   0.02  0.0300
  1.50     27     -478.66      0.30      1.43     -1.13   0.02  0.0300
  1.50     27     -478.59      0.32      1.45     -1.13   0.02  0.0300
  1.50     27     -478.56      0.33      1.48     -1.15   0.02  0.0300
  1.50     27     -478.57      0.37      1.51     -1.14   0.02  0.0300
  1.50     27     -478.59      0.37      1.53     -1.15   0.02  0.0300
  1.50     28     -478.62      0.38      1.53     -1.15   0.02  0.0300
  1.50     28     -478.65      0.35      1.50     -1.16   0.02  0.0300
  1.50     28     -478.71      0.33      1.49     -1.16   0.02  0.0300
  1.50     28     -478.70      0.30      1.46     -1.16   0.02  0.0300
  1.50     28     -478.73      0.27      1.44     -1.17   0.02  0.0300
  1.50     28     -478.84      0.24      1.42     -1.17   0.02  0.0300
  1.50     28     -478.84      0.23      1.40     -1.16   0.02  0.0300
  1.50     28     -478.83      0.24      1.39     -1.16   0.02  0.0300
  1.50     28     -478.86      0.24      1.40     -1.16   0.02  0.0300
  1.50     28     -478.86      0.21      1.38     -1.17   0.02  0.0300
  1.50     29     -478.85      0.21      1.38     -1.17   0.02  0.0300
  1.50     29     -478.82      0.27      1.43     -1.17   0.02  0.0300
  1.50     29     -478.78      0.38      1.55     -1.17   0.02  0.0300
  1.50     29     -478.77      0.48      1.67     -1.18   0.02  0.0300
  1.50     29     -478.76      0.53      1.74     -1.21   0.02  0.0300
  1.50     29     -478.74      0.58      1.80     -1.23   0.02  0.0300
  1.50     29     -478.63      0.62      1.87     -1.25   0.02  0.0300
  1.50     29     -478.65      0.68      1.94     -1.26   0.02  0.0300
  1.50     29     -478.67      0.70      1.95     -1.25   0.02  0.0300
  1.50     29     -478.67      0.74      1.97     -1.23   0.02  0.0300
  1.50     30     -478.70      0.82      2.04     -1.21   0.02  0.0300
  1.50     30     -478.68      0.91      2.12     -1.21   0.02  0.0300
  1.50     30     -478.69      0.97      2.16     -1.19   0.02  0.0300
  1.50     30     -478.67      0.98      2.17     -1.18   0.02  0.0300
  1.50     30     -478.69      0.95      2.14     -1.19   0.02  0.0300
  1.50     30     -478.68      0.99      2.18     -1.19   0.02  0.0300
  1.50     30     -478.64      1.04      2.25     -1.21   0.02  0.0300
  1.50     30     -478.66      1.12      2.33     -1.21   0.02  0.0300
  1.50     30     -478.63      1.21      2.41     -1.21   0.02  0.0300
  1.50     30     -478.65      1.29      2.49     -1.20   0.02  0.0300
  1.50     31     -478.64      1.36      2.56     -1.20   0.02  0.0300
