  2.00      0     -396.96     -3.34      2.01     -5.35   0.00  0.0300
  2.00      0     -394.22     -1.12      2.98     -4.10   0.00  0.0300
  2.00      0     -396.56     -0.08      3.36     -3.44   0.00  0.0300
  2.00      0     -396.52      0.42      4.54     -4.12   0.00  0.0300
  2.00      0     -399.28      1.00      4.87     -3.87   0.00  0.0300
  2.00      0     -403.19      0.96      4.50     -3.53   0.00  0.0300
  2.00      0     -404.97      1.09      4.15     -3.06   0.00  0.0300
  2.00      0     -406.06      1.13      3.86     -2.73   0.01  0.0300
  2.00      0     -409.77      1.34      4.10     -2.76   0.01  0.0300
  2.00      1     -415.12      1.50      3.86     -2.37   0.01  0.0300
  2.00      1     -418.82      1.43      3.51     -2.08   0.01  0.0300
  2.00      1     -421.72      1.12      3.32     -2.21   0.01  0.0300
  2.00      1     -424.13      1.38      3.47     -2.09   0.01  0.0300
  2.00      1     -427.12      1.51      3.36     -1.86   0.01  0.0300
  2.00      1     -430.75      1.52      3.24     -1.72   0.01  0.0300
  2.00      1     -434.80      1.34      3.08     -1.73   0.01  0.0300
  2.00      1     -438.27      1.23      2.87     -1.64   0.01  0.0300
  2.00      1     -439.78      1.07      2.62     -1.56   0.01  0.0300
  2.00      1     -441.08      0.92      2.28     -1.36   0.01  0.0300
  2.00      2     -443.26      0.96      2.13     -1.17   0.01  0.0300
  2.00      2     -445.02      0.91      1.90     -0.98   0.01  0.0300
  2.00      2     -446.11      0.95      1.88     -0.93   0.01  0.0300
  2.00      2     -447.28      0.89      1.74     -0.85   0.01  0.0300
  2.00      2     -448.85      0.78      1.56     -0.78   0.01  0.0300
  2.00      2     -449.36      0.86      1.51     -0.66   0.01  0.0300
  2.00      2     -450.14      0.92      1.63     -0.71   0.01  0.0300
  2.00      2     -451.17      0.91      1.59     -0.67   0.01  0.0300
  2.00      2     -451.55      0.82      1.43     -0.61   0.01  0.0300
  2.00      2     -451.92      0.76      1.45     -0.69   0.01  0.0300
  2.00      3     -451.94      0.77      1.51     -0.74   0.01  0.0300
  2.00      3     -452.67      0.78      1.49     -0.71   0.01  0.0300
  2.00      3     -453.45      0.65      1.36     -0.71   0.01  0.0300
  2.00      3     -453.95      0.63      1.37     -0.74   0.01  0.0300
  2.00      3     -454.53      0.78      1.52     -0.74   0.01  0.0300
  2.00      3     -455.08      0.56      1.28     -0.72   0.01  0.0300
  2.00      3     -454.97      0.69      1.47     -0.78   0.01  0.0300
  2.00      3     -455.54      0.53      1.26     -0.73   0.01  0.0300
  2.00      3     -455.47      0.64      1.31     -0.66   0.01  0.0300
  2.00      3     -456.18      0.46      1.19     -0.73   0.01  0.0300
  2.00      3     -455.93      0.49      1.14     -0.64   0.01  0.0300
  2.00      3     -456.22      0.52      1.24     -0.71   0.01  0.0300
  2.00      3     -456.18      0.43      1.06     -0.63   0.01  0.0300
  2.00      3     -456.61      0.51      1.21     -0.70   0.01  0.0300
  2.00      3     -456.71      0.59      1.23     -0.65   0.01  0.0300
  2.00      3     -456.92      0.57      1.30     -0.73   0.01  0.0300
  2.00      4     -457.40      0.65      1.29     -0.64   0.01  0.0300
  2.00      3     -457.18      0.51      1.22     -0.71   0.01  0.0300
  2.00      3     -457.42      0.44      1.16     -0.71   0.01  0.0300
  2.00      3     -457.65      0.59      1.29     -0.70   0.01  0.0300
  2.00      4     -458.15      0.45      1.13     -0.68   0.01  0.0300
  2.00      4     -458.46      0.45      1.09     -0.64   0.01  0.0300
  2.00      4     -459.17      0.45      1.10     -0.66   0.01  0.0300
  2.00      4     -459.81      0.47      1.08     -0.61   0.01  0.0300
  2.00      4     -460.22      0.57      1.23     -0.66   0.01  0.0300
  2.00      4     -460.50      0.45      1.05     -0.60   0.01  0.0300
  2.00      4     -460.55      0.32      0.90     -0.58   0.01  0.0300
  2.00      4     -460.83      0.33      0.92     -0.59   0.01  0.0300
  2.00      4     -460.92      0.39      0.96     -0.57   0.01  0.0300
  2.00      4     -461.22      0.06      0.58     -0.52   0.01  0.0300
  2.00      5     -461.62     -0.07      0.41     -0.48   0.01  0.0300
  2.00      5     -461.86      0.02      0.51     -0.49   0.01  0.0300
  2.00      5     -462.06      0.11      0.58     -0.48   0.01  0.0300
  2.00      5     -462.12      0.14      0.62     -0.48   0.01  0.0300
  2.00      5     -462.31      0.12      0.60     -0.48   0.01  0.0300
  2.00      5     -462.48      0.14      0.63     -0.48   0.01  0.0300
  2.00      5     -462.54      0.18      0.61     -0.43   0.01  0.0300
  2.00      5     -462.68      0.21      0.67     -0.46   0.01  0.0300
  2.00      5     -462.59      0.06      0.50     -0.44   0.01  0.0300
  2.00      5     -462.66      0.19      0.59     -0.40   0.01  0.0300
  2.00      6     -462.68      0.17      0.58     -0.41   0.01  0.0300
  2.00      6     -462.61      0.00      0.41     -0.41   0.01  0.0300
  2.00      6     -462.71      0.06      0.51     -0.45   0.01  0.0300
  2.00      6     -462.67      0.10      0.59     -0.49   0.01  0.0300
  2.00      6     -462.72     -0.08      0.40     -0.48   0.01  0.0300
  2.00      6     -463.25     -0.06      0.44     -0.50   0.01  0.0300
  2.00      6     -463.39      0.04      0.48     -0.44   0.01  0.0300
  2.00      6     -463.67      0.17      0.59     -0.42   0.01  0.0300
  2.00      6     -463.79      0.38      0.88     -0.50   0.01  0.0300
  2.00      6     -463.87      0.35      0.85     -0.50   0.01  0.0300
  2.00      7     -463.91      0.32      0.82     -0.49   0.01  0.0300
  2.00      7     -463.91      0.50      0.97     -0.47   0.01  0.0300
  2.00      7     -464.10      0.68      1.11     -0.44   0.01  0.0300
  2.00      7     -464.45      0.73      1.14     -0.41   0.01  0.0300
  2.00      7     -464.89      0.82      1.17     -0.34   0.01  0.0300
  2.00      7     -465.36      0.78      1.08     -0.30   0.01  0.0300
  2.00      7     -465.45      0.66      0.93     -0.27   0.01  0.0300
  2.00      7     -465.50      0.49      0.74     -0.25   0.01  0.0300
  2.00      7     -465.42      0.40      0.66     -0.26   0.01  0.0300
  2.00      7     -465.41      0.25      0.52     -0.27   0.01  0.0300
  2.00      8     -465.65      0.12      0.40     -0.28   0.01  0.0300
  2.00      8     -465.82      0.01      0.33     -0.32   0.01  0.0300
  2.00      8     -465.96      0.01      0.36     -0.35   0.01  0.0300
  2.00      8     -465.98      0.02      0.43     -0.40   0.01  0.0300
  2.00      8     -466.01      0.04      0.49     -0.44   0.01  0.0300
  2.00      8     -466.01      0.14      0.59     -0.46   0.01  0.0300
  2.00      8     -466.11      0.24      0.70     -0.46   0.01  0.0300
  2.00      8     -466.35      0.17      0.61     -0.44   0.01  0.0300
  2.00      8     -466.44      0.05      0.48     -0.43   0.01  0.0300
  2.00      8     -466.52     -0.19      0.28     -0.47   0.01  0.0300
  2.00      9     -466.56     -0.44     -0.03     -0.41   0.01  0.0300
  2.00      9     -466.70     -0.75     -0.36     -0.39   0.01  0.0300
  2.00      9     -466.73     -0.95     -0.54     -0.41   0.01  0.0300
  2.00      9     -466.68     -1.04     -0.64     -0.40   0.01  0.0300
  2.00      9     -466.73     -1.12     -0.74     -0.37   0.01  0.0300
  2.00      9     -466.82     -1.20     -0.83     -0.37   0.01  0.0300
  2.00      9     -466.96     -1.27     -0.93     -0.34   0.01  0.0300
  2.00      9     -466.90     -1.24     -0.94     -0.30   0.01  0.0300
  2.00      9     -466.91     -1.23     -0.99     -0.24   0.01  0.0300
  2.00      9     -466.90     -1.23     -0.98     -0.25   0.01  0.0300
  2.00     10     -466.87     -1.14     -0.95     -0.20   0.01  0.0300
  2.00     10     -466.93     -1.14     -0.94     -0.20   0.01  0.0300
  2.00     10     -466.90     -1.09     -0.88     -0.21   0.01  0.0300
  2.00     10     -466.97     -0.99     -0.74     -0.25   0.01  0.0300
  2.00     10     -467.14     -0.95     -0.65     -0.29   0.01  0.0300
  2.00     10     -467.14     -0.92     -0.61     -0.31   0.01  0.0300
  2.00     10     -467.08     -0.96     -0.61     -0.35   0.01  0.0300
  2.00     10     -467.03     -1.00     -0.61     -0.39   0.01  0.0300
  2.00     10     -467.19     -1.04     -0.67     -0.36   0.01  0.0300
  2.00     10     -467.32     -1.08     -0.72     -0.36   0.01  0.0300
  2.00     11     -467.36     -1.08     -0.73     -0.35   0.01  0.0300
  2.00     11     -467.44     -1.16     -0.79     -0.37   0.01  0.0300
  2.00     11     -467.51     -1.23     -0.88     -0.35   0.01  0.0300
  2.00     11     -467.48     -1.33     -1.03     -0.30   0.01  0.0300
  2.00     11     -467.64     -1.42     -1.12     -0.30   0.01  0.0300
  2.00     11     -467.77     -1.30     -1.00     -0.31   0.01  0.0300
  2.00     11     -467.83     -1.16     -0.84     -0.32   0.01  0.0300
  2.00     11     -467.88     -1.18     -0.87     -0.30   0.01  0.0300
  2.00     11     -467.93     -1.27     -1.01     -0.26   0.01  0.0300
  2.00     11     -468.06     -1.40     -1.17     -0.23   0.01  0.0300
  2.00     12     -468.25     -1.57     -1.34     -0.22   0.01  0.0300
  2.00     12     -468.28     -1.75     -1.53     -0.22   0.01  0.0300
  2.00     12     -468.30     -1.98     -1.79     -0.18   0.01  0.0300
  2.00     12     -468.38     -2.02     -1.83     -0.20   0.01  0.0300
  2.00     12     -468.47     -1.92     -1.72     -0.20   0.01  0.0300
  2.00     12     -468.49     -1.87     -1.65     -0.22   0.01  0.0300
  2.00     12     -468.47     -1.77     -1.58     -0.19   0.01  0.0300
  2.00     12     -468.49     -1.76     -1.55     -0.21   0.01  0.0300
  2.00     12     -468.58     -1.77     -1.56     -0.22   0.01  0.0300
  2.00     12     -468.72     -1.87     -1.66     -0.21   0.01  0.0300
  2.00     13     -468.84     -1.90     -1.71     -0.19   0.01  0.0300
  2.00     13     -468.89     -1.88     -1.71     -0.17   0.01  0.0300
  2.00     13     -469.03     -1.82     -1.66     -0.16   0.01  0.0300
  2.00     13     -469.19     -1.69     -1.50     -0.19   0.01  0.0300
  2.00     13     -469.28     -1.57     -1.36     -0.21   0.01  0.0300
  2.00     13     -469.21     -1.56     -1.33     -0.23   0.01  0.0300
  2.00     13     -469.21     -1.54     -1.31     -0.22   0.01  0.0300
  2.00     13     -469.17     -1.45     -1.25     -0.20   0.01  0.0300
  2.00     13     -469.12     -1.39     -1.17     -0.22   0.01  0.0300
  2.00     13     -468.95     -1.38     -1.12     -0.26   0.01  0.0300
  2.00     14     -468.95     -1.33     -1.09     -0.24   0.01  0.0300
  2.00     14     -469.01     -1.34     -1.10     -0.23   0.01  0.0300
  2.00     14     -469.07     -1.31     -1.05     -0.26   0.01  0.0300
  2.00     14     -469.09     -1.15     -0.88     -0.27   0.01  0.0300
  2.00     14     -469.05     -1.12     -0.83     -0.29   0.01  0.0300
  2.00     14     -469.10     -1.17     -0.85     -0.32   0.01  0.0300
  2.00     14     -469.04     -1.14     -0.83     -0.32   0.01  0.0300
  2.00     14     -469.08     -1.17     -0.86     -0.31   0.01  0.0300
  2.00     14     -469.19     -1.18     -0.89     -0.28   0.01  0.0300
  2.00     14     -469.34     -1.25     -1.02     -0.23   0.01  0.0300
  2.00     15     -469.45     -1.28     -1.10     -0.18   0.01  0.0300
  2.00     15     -469.49     -1.36     -1.17     -0.19   0.01  0.0300
  2.00     15     -469.56     -1.33     -1.16     -0.18   0.01  0.0300
  2.00     15     -469.66     -1.28     -1.12     -0.16   0.01  0.0300
  2.00     15     -469.78     -1.12     -0.97     -0.15   0.01  0.0300
  2.00     15     -469.78     -0.91     -0.75     -0.16   0.01  0.0300
  2.00     15     -469.77     -0.71     -0.57     -0.14   0.01  0.0300
  2.00     15     -469.74     -0.59     -0.47     -0.11   0.01  0.0300
  2.00     15     -469.68     -0.46     -0.37     -0.10   0.01  0.0300
  2.00     15     -469.73     -0.36     -0.26     -0.10   0.01  0.0300
  2.00     16     -469.80     -0.23     -0.12     -0.11   0.01  0.0300
  2.00     16     -469.80     -0.07      0.02     -0.09   0.01  0.0300
  2.00     16     -469.90     -0.05      0.05     -0.09   0.01  0.0300
  2.00     16     -469.99      0.02      0.08     -0.06   0.01  0.0300
  2.00     16     -470.05      0.12      0.17     -0.05   0.01  0.0300
  2.00     16     -470.16      0.18      0.22     -0.04   0.01  0.0300
  2.00     16     -470.15      0.15      0.21     -0.06   0.01  0.0300
  2.00     16     -470.12      0.12      0.19     -0.07   0.01  0.0300
  2.00     16     -470.05      0.11      0.19     -0.08   0.01  0.0300
  2.00     16     -470.03      0.13      0.23     -0.10   0.01  0.0300
  2.00     17     -470.03      0.10      0.24     -0.13   0.01  0.0300
  2.00     17     -469.95      0.08      0.24     -0.16   0.01  0.0300
  2.00     17     -469.88      0.08      0.24     -0.16   0.01  0.0300
  2.00     17     -469.87      0.11      0.26     -0.15   0.01  0.0300
  2.00     17     -469.83      0.10      0.26     -0.16   0.01  0.0300
  2.00     17     -469.91      0.07      0.21     -0.14   0.01  0.0300
  2.00     17     -469.91     -0.01      0.15     -0.16   0.01  0.0300
  2.00     17     -469.90     -0.06      0.11     -0.17   0.01  0.0300
  2.00     17     -469.90     -0.11      0.08     -0.20   0.01  0.0300
  2.00     17     -469.90     -0.11      0.07     -0.18   0.01  0.0300
  2.00     18     -469.98     -0.02      0.17     -0.18   0.01  0.0300
  2.00     18     -470.05      0.06      0.26     -0.20   0.01  0.0300
  2.00     18     -470.22      0.06      0.27     -0.20   0.01  0.0300
  2.00     18     -470.35      0.03      0.26     -0.23   0.01  0.0300
  2.00     18     -470.34     -0.02      0.24     -0.26   0.01  0.0300
  2.00     18     -470.34     -0.08      0.15     -0.23   0.01  0.0300
  2.00     18     -470.33     -0.18      0.02     -0.20   0.01  0.0300
  2.00     18     -470.43     -0.31     -0.11     -0.20   0.01  0.0300
  2.00     18     -470.48     -0.35     -0.18     -0.17   0.01  0.0300
  2.00     18     -470.61     -0.37     -0.21     -0.16   0.01  0.0300
  2.00     19     -470.64     -0.33     -0.17     -0.16   0.01  0.0300
  2.00     19     -470.77     -0.28     -0.11     -0.17   0.01  0.0300
  2.00     19     -470.77     -0.20     -0.02     -0.18   0.01  0.0300
  2.00     19     -470.90     -0.08      0.12     -0.20   0.01  0.0300
  2.00     19     -470.98      0.05      0.24     -0.19   0.01  0.0300
  2.00     19     -470.96      0.15      0.38     -0.23   0.01  0.0300
  2.00     19     -471.00      0.22      0.46     -0.25   0.01  0.0300
  2.00     19     -471.04      0.27      0.52     -0.25   0.01  0.0300
  2.00     19     -471.03      0.32      0.59     -0.26   0.01  0.0300
  2.00     19     -471.04      0.34      0.62     -0.27   0.01  0.0300
  2.00     20     -471.09      0.38      0.65     -0.27   0.01  0.0300
  2.00     20     -471.01      0.42      0.67     -0.24   0.01  0.0300
  2.00     20     -470.91      0.49      0.73     -0.23   0.01  0.0300
  2.00     20     -470.89      0.55      0.82     -0.26   0.01  0.0300
  2.00     20     -470.88      0.59      0.87     -0.27   0.01  0.0300
  2.00     20     -470.85      0.62      0.90     -0.27   0.01  0.0300
  2.00     20     -470.75      0.66      0.94     -0.28   0.01  0.0300
  2.00     20     -470.72      0.78      1.07     -0.30   0.01  0.0300
  2.00     20     -470.75      0.91      1.21     -0.31   0.01  0.0300
  2.00     20     -470.84      0.96      1.26     -0.29   0.01  0.0300
  2.00     21     -470.82      0.93      1.21     -0.28   0.02  0.0300
  2.00     21     -470.80      0.97      1.25     -0.28   0.02  0.0300
  2.00     21     -470.80      1.01      1.31     -0.30   0.02  0.0300
  2.00     21     -470.79      1.03      1.35     -0.31   0.02  0.0300
  2.00     21     -470.87      1.05      1.36     -0.31   0.02  0.0300
  2.00     21     -470.86      1.03      1.35     -0.32   0.02  0.0300
  2.00     21     -470.89      1.01      1.34     -0.33   0.02  0.0300
  2.00     21     -470.86      0.98      1.31     -0.34   0.02  0.0300
  2.00     21     -470.87      0.94      1.24     -0.30   0.02  0.0300
  2.00     21     -470.81      0.90      1.17     -0.27   0.02  0.0300
  2.00     22     -470.82      0.86      1.14     -0.28   0.02  0.0300
  2.00     22     -470.87      0.84      1.11     -0.26   0.02  0.0300
  2.00     22     -470.99      0.82      1.07     -0.25   0.02  0.0300
  2.00     22     -471.08      0.80      1.05     -0.24   0.02  0.0300
  2.00     22     -471.01      0.81      1.06     -0.25   0.02  0.0300
  2.00     22     -471.01      0.82      1.06     -0.23   0.02  0.0300
  2.00     22     -470.98      0.77      1.00     -0.23   0.02  0.0300
  2.00     22     -470.99      0.72      0.95     -0.24   0.02  0.0300
  2.00     22     -471.00      0.67      0.89     -0.22   0.02  0.0300
  2.00     22     -471.01      0.63      0.83     -0.20   0.02  0.0300
  2.00     23     -471.04      0.63      0.86     -0.23   0.02  0.0300
  2.00     23     -471.12      0.64      0.88     -0.24   0.01  0.0300
  2.00     23     -471.18      0.59      0.82     -0.23   0.01  0.0300
  2.00     23     -471.26      0.51      0.75     -0.24   0.01  0.0300
  2.00     23     -471.27      0.54      0.76     -0.21   0.01  0.0300
  2.00     23     -471.30      0.61      0.83     -0.22   0.01  0.0300
  2.00     23     -471.31      0.72      0.95     -0.23   0.01  0.0300
  2.00     23     -471.40      0.79      1.01     -0.22   0.01  0.0300
  2.00     23     -471.42      0.85      1.07     -0.22   0.01  0.0300
  2.00     23     -471.45      0.83      1.04     -0.21   0.01  0.0300
  2.00     24     -471.53      0.86      1.04     -0.18   0.01  0.0300
  2.00     24     -471.57      0.88      1.05     -0.17   0.01  0.0300
  2.00     24     -471.65      0.85      1.01     -0.16   0.01  0.0300
  2.00     24     -471.66      0.80      0.92     -0.13   0.01  0.0300
  2.00     24     -471.66      0.76      0.88     -0.11   0.01  0.0300
  2.00     24     -471.70      0.76      0.86     -0.11   0.01  0.0300
  2.00     24     -471.71      0.73      0.85     -0.12   0.01  0.0300
  2.00     24     -471.72      0.67      0.80     -0.13   0.01  0.0300
  2.00     24     -471.81      0.58      0.71     -0.13   0.01  0.0300
  2.00     24     -471.85      0.50      0.66     -0.16   0.01  0.0300
  2.00     25     -471.89      0.45      0.61     -0.16   0.01  0.0300
  2.00     25     -471.91      0.40      0.56     -0.16   0.01  0.0300
  2.00     25     -471.89      0.38      0.53     -0.16   0.01  0.0300
  2.00     25     -471.97      0.35      0.53     -0.18   0.01  0.0300
  2.00     25     -472.02      0.32      0.51     -0.19   0.01  0.0300
  2.00     25     -472.07      0.28      0.47     -0.20   0.01  0.0300
  2.00     25     -472.03      0.25      0.44     -0.19   0.01  0.0300
  2.00     25     -472.03      0.27      0.46     -0.19   0.01  0.0300
  2.00     25     -472.02      0.30      0.49     -0.19   0.01  0.0300
  2.00     25     -472.06      0.35      0.55     -0.20   0.01  0.0300
  2.00     26     -472.12      0.38      0.59     -0.21   0.01  0.0300
  2.00     26     -472.18      0.43      0.64     -0.21   0.01  0.0300
  2.00     26     -472.10      0.50      0.74     -0.24   0.01  0.0300
  2.00     26     -472.05      0.55      0.82     -0.26   0.01  0.0300
  2.00     26     -472.04      0.65      0.92     -0.27   0.01  0.0300
  2.00     26     -472.00      0.69      0.98     -0.28   0.01  0.0300
  2.00     26     -471.99      0.73      1.01     -0.28   0.01  0.0300
  2.00     26     -472.00      0.85      1.14     -0.29   0.01  0.0300
  2.00     26     -472.01      0.89      1.18     -0.29   0.01  0.0300
  2.00     26     -472.01      0.87      1.18     -0.30   0.01  0.0300
  2.00     27     -472.01      0.85      1.17     -0.32   0.01  0.0300
  2.00     27     -471.98      0.86      1.17     -0.31   0.01  0.0300
  2.00     27     -472.00      0.85      1.16     -0.31   0.01  0.0300
  2.00     27     -472.09      0.85      1.16     -0.31   0.01  0.0300
  2.00     27     -472.10      0.85      1.16     -0.31   0.01  0.0300
  2.00     27     -472.13      0.85      1.15     -0.30   0.01  0.0300
  2.00     27     -472.14      0.82      1.11     -0.29   0.01  0.0300
  2.00     27     -472.20      0.77      1.05     -0.28   0.01  0.0300
  2.00     27     -472.16      0.75      1.05     -0.30   0.01  0.0300
  2.00     27     -472.14      0.78      1.08     -0.30   0.01  0.0300
  2.00     28     -472.12      0.82      1.13     -0.31   0.01  0.0300
  2.00     28     -472.06      0.87      1.16     -0.29   0.01  0.0300
  2.00     28     -472.11      0.92      1.21     -0.29   0.01  0.0300
  2.00     28     -472.14      0.96      1.27     -0.30   0.01  0.0300
  2.00     28     -472.11      0.98      1.28     -0.31   0.01  0.0300
  2.00     28     -472.13      1.00      1.28     -0.29   0.01  0.0300
  2.00     28     -472.14      0.98      1.27     -0.28   0.01  0.0300
  2.00     28     -472.14      0.99      1.28     -0.29   0.01  0.0300
  2.00     28     -472.19      1.00      1.28     -0.28   0.01  0.0300
  2.00     28     -472.21      1.04      1.32     -0.28   0.01  0.0300
  2.00     29     -472.23      1.08      1.37     -0.29   0.01  0.0300
  2.00     29     -472.23      1.10      1.40     -0.30   0.01  0.0300
  2.00     29     -472.19      1.08      1.37     -0.29   0.01  0.0300
  2.00     29     -472.13      1.06      1.35     -0.29   0.01  0.0300
  2.00     29     -472.16      1.04      1.34     -0.30   0.01  0.0300
  2.00     29     -472.19      1.01      1.32     -0.31   0.01  0.0300
  2.00     29     -472.15      0.99      1.30     -0.31   0.01  0.0300
  2.00     29     -472.17      0.98      1.29     -0.31   0.01  0.0300
  2.00     29     -472.19      0.98      1.29     -0.31   0.01  0.0300
  2.00     29     -472.19      1.03      1.34     -0.32   0.01  0.0300
  2.00     30     -472.13      1.06      1.36     -0.29   0.01  0.0300
  2.00     30     -472.13      1.04      1.33     -0.29   0.01  0.0300
  2.00     30     -472.17      1.06      1.34     -0.28   0.01  0.0300
  2.00     30     -472.16      1.08      1.35     -0.27   0.01  0.0300
  2.00     30     -472.17      1.09      1.36     -0.27   0.01  0.0300
  2.00     30     -472.14      1.11      1.37     -0.27   0.01  0.0300
  2.00     30     -472.18      1.16      1.41     -0.25   0.01  0.0300
  2.00     30     -472.23      1.24      1.49     -0.24   0.01  0.0300
  2.00     30     -472.25      1.34      1.58     -0.25   0.01  0.0300
  2.00     30     -472.21      1.40      1.64     -0.25   0.01  0.0300
  2.00     31     -472.23      1.45      1.70     -0.26   0.01  0.0300
