  2.50      0     -425.48      2.14      1.27      0.87   0.01  0.0300
  2.50      0     -429.31      1.48     -0.28      1.75   0.01  0.0300
  2.50      0     -434.32      0.54     -0.38      0.92   0.02  0.0300
  2.50      0     -438.65      0.48     -0.48      0.96   0.01  0.0300
  2.50      0     -443.68      0.60      0.31      0.29   0.02  0.0300
  2.50      0     -443.61      0.60      0.69     -0.10   0.01  0.0300
  2.50      0     -446.87      0.68      0.50      0.18   0.01  0.0300
  2.50      0     -447.92      0.34      0.48     -0.14   0.01  0.0300
  2.50      0     -450.56      0.17      0.44     -0.28   0.01  0.0300
  2.50      1     -452.09      0.38      0.81     -0.43   0.01  0.0300
  2.50      1     -453.03      0.74      1.15     -0.41   0.01  0.0300
  2.50      1     -453.94      0.53      0.91     -0.38   0.01  0.0300
  2.50      1     -453.62      0.54      1.09     -0.54   0.01  0.0300
  2.50      1     -454.98      0.20      0.78     -0.58   0.02  0.0300
  2.50      1     -456.68      0.22      0.87     -0.64   0.02  0.0300
  2.50      1     -457.45      0.03      0.69     -0.67   0.02  0.0300
  2.50      1     -457.66      0.17      0.76     -0.59   0.02  0.0300
  2.50      1     -458.41      0.18      0.88     -0.71   0.02  0.0300
  2.50      1     -460.00      0.04      0.76     -0.72   0.02  0.0300
  2.50      2     -459.60      0.11      0.84     -0.73   0.02  0.0300
  2.50      2     -459.19     -0.14      0.50     -0.64   0.02  0.0300
  2.50      2     -459.65      0.05      0.61     -0.56   0.02  0.0300
  2.50      2     -460.77     -0.09      0.38     -0.47   0.02  0.0300
  2.50      2     -461.44     -0.37      0.22     -0.59   0.02  0.0300
  2.50      2     -461.90     -0.45      0.08     -0.52   0.02  0.0300
  2.50      2     -462.09     -0.54     -0.04     -0.50   0.02  0.0300
  2.50      2     -461.93     -0.22      0.32     -0.54   0.02  0.0300
  2.50      2     -462.38     -0.28      0.22     -0.50   0.02  0.0300
  2.50      2     -462.50     -0.30      0.24     -0.54   0.02  0.0300
  2.50      3     -462.38     -0.41      0.16     -0.57   0.02  0.0300
  2.50      3     -462.51     -0.12      0.47     -0.58   0.02  0.0300
  2.50      3     -462.59     -0.20      0.37     -0.58   0.02  0.0300
  2.50      3     -462.88     -0.13      0.41     -0.55   0.02  0.0300
  2.50      3     -463.20     -0.17      0.39     -0.57   0.02  0.0300
  2.50      3     -463.36     -0.13      0.47     -0.60   0.02  0.0300
  2.50      3     -463.16     -0.02      0.57     -0.58   0.02  0.0300
  2.50      3     -463.72     -0.05      0.55     -0.60   0.02  0.0300
  2.50      3     -463.47      0.15      0.78     -0.64   0.02  0.0300
  2.50      3     -464.08     -0.48      0.10     -0.58   0.02  0.0300
  2.50      3     -464.03      0.28      0.87     -0.59   0.02  0.0300
  2.50      3     -464.32     -0.36      0.21     -0.57   0.02  0.0300
  2.50      3     -464.33      0.28      0.87     -0.60   0.02  0.0300
  2.50      3     -464.39     -0.51      0.07     -0.58   0.02  0.0300
  2.50      3     -464.79      0.47      1.05     -0.58   0.02  0.0300
  2.50      3     -464.64     -0.50      0.06     -0.56   0.02  0.0300
  2.50      4     -464.93      0.56      1.14     -0.57   0.02  0.0300
  2.50      3     -465.18     -0.49      0.06     -0.55   0.02  0.0300
  2.50      3     -465.71     -0.39      0.09     -0.48   0.02  0.0300
  2.50      3     -465.69     -0.46     -0.03     -0.43   0.02  0.0300
  2.50      4     -465.85     -0.44     -0.01     -0.43   0.02  0.0300
  2.50      4     -465.90     -0.47     -0.06     -0.42   0.02  0.0300
  2.50      4     -465.75     -0.60     -0.21     -0.40   0.02  0.0300
  2.50      4     -465.89     -0.85     -0.50     -0.35   0.02  0.0300
  2.50      4     -466.00     -0.82     -0.49     -0.33   0.02  0.0300
  2.50      4     -466.30     -0.75     -0.37     -0.38   0.02  0.0300
  2.50      4     -466.57     -0.78     -0.40     -0.38   0.02  0.0300
  2.50      4     -466.83     -0.85     -0.44     -0.40   0.02  0.0300
  2.50      4     -466.98     -0.54     -0.17     -0.37   0.01  0.0300
  2.50      4     -467.04     -0.63     -0.21     -0.42   0.01  0.0300
  2.50      5     -466.98     -0.51     -0.11     -0.40   0.01  0.0300
  2.50      5     -467.02     -0.58     -0.18     -0.40   0.01  0.0300
  2.50      5     -467.19     -0.54     -0.15     -0.40   0.01  0.0300
  2.50      5     -467.40     -0.80     -0.42     -0.39   0.01  0.0300
  2.50      5     -467.37     -0.86     -0.47     -0.39   0.01  0.0300
  2.50      5     -467.64     -0.76     -0.37     -0.38   0.01  0.0300
  2.50      5     -467.58     -0.72     -0.31     -0.42   0.01  0.0300
  2.50      5     -467.50     -0.85     -0.45     -0.40   0.01  0.0300
  2.50      5     -467.78     -0.81     -0.39     -0.43   0.02  0.0300
  2.50      5     -467.95     -0.81     -0.40     -0.41   0.02  0.0300
  2.50      6     -468.13     -0.89     -0.42     -0.46   0.02  0.0300
  2.50      6     -467.94     -0.96     -0.49     -0.47   0.02  0.0300
  2.50      6     -467.98     -0.93     -0.41     -0.53   0.02  0.0300
  2.50      6     -468.29     -0.74     -0.17     -0.57   0.02  0.0300
  2.50      6     -468.36     -0.69     -0.09     -0.60   0.02  0.0300
  2.50      6     -468.43     -0.50      0.10     -0.60   0.02  0.0300
  2.50      6     -468.63     -0.42      0.18     -0.60   0.02  0.0300
  2.50      6     -468.71     -0.29      0.32     -0.61   0.02  0.0300
  2.50      6     -468.85     -0.08      0.51     -0.59   0.02  0.0300
  2.50      6     -468.82      0.05      0.67     -0.62   0.02  0.0300
  2.50      7     -468.95      0.25      0.89     -0.64   0.02  0.0300
  2.50      7     -469.18      0.33      0.99     -0.67   0.02  0.0300
  2.50      7     -469.23      0.26      0.95     -0.69   0.02  0.0300
  2.50      7     -469.26      0.12      0.83     -0.72   0.02  0.0300
  2.50      7     -469.46      0.02      0.74     -0.72   0.02  0.0300
  2.50      7     -469.66     -0.00      0.75     -0.75   0.02  0.0300
  2.50      7     -469.69      0.01      0.75     -0.74   0.02  0.0300
  2.50      7     -469.87     -0.22      0.50     -0.73   0.02  0.0300
  2.50      7     -470.00     -0.33      0.39     -0.72   0.02  0.0300
  2.50      7     -470.23     -0.45      0.27     -0.73   0.03  0.0300
  2.50      8     -470.50     -0.27      0.51     -0.78   0.03  0.0300
  2.50      8     -470.58     -0.01      0.83     -0.84   0.03  0.0300
  2.50      8     -470.88      0.14      0.98     -0.84   0.03  0.0300
  2.50      8     -471.02      0.21      1.07     -0.86   0.03  0.0300
  2.50      8     -471.09      0.14      1.00     -0.85   0.03  0.0300
  2.50      8     -471.12      0.22      1.04     -0.82   0.03  0.0300
  2.50      8     -471.05      0.40      1.19     -0.79   0.03  0.0300
  2.50      8     -470.86      0.60      1.44     -0.84   0.03  0.0300
  2.50      8     -470.70      0.73      1.61     -0.88   0.03  0.0300
  2.50      8     -470.75      0.62      1.53     -0.91   0.03  0.0300
  2.50      9     -470.73      0.63      1.61     -0.98   0.03  0.0300
  2.50      9     -470.78      0.70      1.72     -1.02   0.03  0.0300
  2.50      9     -470.85      0.81      1.82     -1.00   0.03  0.0300
  2.50      9     -470.64      0.98      1.99     -1.01   0.03  0.0300
  2.50      9     -470.59      1.19      2.25     -1.06   0.03  0.0300
  2.50      9     -470.38      1.33      2.42     -1.09   0.03  0.0300
  2.50      9     -470.20      1.55      2.70     -1.15   0.03  0.0300
  2.50      9     -470.14      1.72      2.89     -1.17   0.03  0.0300
  2.50      9     -470.17      1.94      3.08     -1.14   0.03  0.0300
  2.50      9     -470.04      2.07      3.18     -1.11   0.03  0.0300
  2.50     10     -470.00      2.02      3.18     -1.15   0.03  0.0300
  2.50     10     -469.99      2.14      3.28     -1.14   0.03  0.0300
  2.50     10     -470.21      2.41      3.58     -1.16   0.03  0.0300
  2.50     10     -470.25      2.66      3.78     -1.12   0.03  0.0300
  2.50     10     -470.34      2.81      3.95     -1.14   0.03  0.0300
  2.50     10     -470.39      2.84      3.98     -1.14   0.03  0.0300
  2.50     10     -470.23      2.82      3.93     -1.11   0.03  0.0300
  2.50     10     -470.24      2.75      3.85     -1.10   0.03  0.0300
  2.50     10     -470.22      2.67      3.74     -1.07   0.03  0.0300
  2.50     10     -470.20      2.66      3.69     -1.03   0.03  0.0300
  2.50     11     -470.30      2.67      3.66     -0.99   0.03  0.0300
  2.50     11     -470.41      2.70      3.67     -0.97   0.02  0.0300
  2.50     11     -470.36      2.53      3.45     -0.92   0.02  0.0300
  2.50     11     -470.19      2.40      3.29     -0.89   0.02  0.0300
  2.50     11     -470.18      2.20      3.06     -0.86   0.02  0.0300
  2.50     11     -470.13      2.01      2.89     -0.87   0.02  0.0300
  2.50     11     -470.18      1.85      2.67     -0.82   0.02  0.0300
  2.50     11     -470.05      1.71      2.53     -0.82   0.02  0.0300
  2.50     11     -469.94      1.53      2.35     -0.82   0.02  0.0300
  2.50     11     -469.86      1.35      2.10     -0.75   0.02  0.0300
  2.50     12     -469.85      1.12      1.86     -0.74   0.02  0.0300
  2.50     12     -469.72      0.97      1.71     -0.73   0.02  0.0300
  2.50     12     -469.70      0.88      1.61     -0.74   0.02  0.0300
  2.50     12     -469.62      0.76      1.53     -0.77   0.02  0.0300
  2.50     12     -469.61      0.74      1.53     -0.79   0.02  0.0300
  2.50     12     -469.56      0.69      1.50     -0.81   0.02  0.0300
  2.50     12     -469.53      0.63      1.47     -0.83   0.02  0.0300
  2.50     12     -469.53      0.64      1.48     -0.84   0.02  0.0300
  2.50     12     -469.67      0.67      1.50     -0.82   0.02  0.0300
  2.50     12     -469.63      0.70      1.52     -0.82   0.02  0.0300
  2.50     13     -469.65      0.66      1.48     -0.82   0.02  0.0300
  2.50     13     -469.47      0.56      1.39     -0.83   0.02  0.0300
  2.50     13     -469.39      0.49      1.32     -0.84   0.02  0.0300
  2.50     13     -469.38      0.42      1.26     -0.84   0.02  0.0300
  2.50     13     -469.36      0.34      1.18     -0.84   0.02  0.0300
  2.50     13     -469.38      0.32      1.13     -0.81   0.02  0.0300
  2.50     13     -469.30      0.41      1.21     -0.80   0.02  0.0300
  2.50     13     -469.24      0.39      1.18     -0.79   0.02  0.0300
  2.50     13     -469.34      0.38      1.14     -0.76   0.02  0.0300
  2.50     13     -469.29      0.44      1.16     -0.72   0.02  0.0300
  2.50     14     -469.41      0.44      1.16     -0.72   0.02  0.0300
  2.50     14     -469.43      0.35      1.07     -0.71   0.02  0.0300
  2.50     14     -469.36      0.29      1.01     -0.72   0.02  0.0300
  2.50     14     -469.35      0.30      1.00     -0.69   0.02  0.0300
  2.50     14     -469.36      0.38      1.04     -0.66   0.02  0.0300
  2.50     14     -469.39      0.32      0.99     -0.67   0.02  0.0300
  2.50     14     -469.44      0.33      1.00     -0.67   0.02  0.0300
  2.50     14     -469.60      0.22      0.88     -0.66   0.02  0.0300
  2.50     14     -469.70      0.10      0.77     -0.67   0.02  0.0300
  2.50     14     -469.57     -0.02      0.61     -0.64   0.02  0.0300
  2.50     15     -469.62     -0.17      0.41     -0.58   0.02  0.0300
  2.50     15     -469.73     -0.29      0.25     -0.54   0.02  0.0300
  2.50     15     -469.79     -0.30      0.18     -0.48   0.02  0.0300
  2.50     15     -469.72     -0.34      0.10     -0.44   0.02  0.0300
  2.50     15     -469.74     -0.48     -0.07     -0.41   0.02  0.0300
  2.50     15     -469.77     -0.50     -0.10     -0.40   0.02  0.0300
  2.50     15     -469.79     -0.59     -0.20     -0.39   0.02  0.0300
  2.50     15     -469.90     -0.61     -0.26     -0.35   0.02  0.0300
  2.50     15     -469.94     -0.66     -0.34     -0.32   0.02  0.0300
  2.50     15     -469.95     -0.77     -0.49     -0.28   0.02  0.0300
  2.50     16     -469.92     -0.90     -0.64     -0.26   0.02  0.0300
  2.50     16     -469.99     -1.01     -0.77     -0.24   0.02  0.0300
  2.50     16     -470.02     -1.14     -0.92     -0.21   0.02  0.0300
  2.50     16     -470.02     -1.26     -1.07     -0.19   0.02  0.0300
  2.50     16     -469.99     -1.41     -1.21     -0.19   0.02  0.0300
  2.50     16     -470.04     -1.55     -1.34     -0.21   0.02  0.0300
  2.50     16     -470.07     -1.65     -1.45     -0.20   0.02  0.0300
  2.50     16     -470.01     -1.76     -1.57     -0.20   0.02  0.0300
  2.50     16     -470.02     -1.88     -1.69     -0.19   0.02  0.0300
  2.50     16     -470.10     -1.93     -1.75     -0.19   0.02  0.0300
  2.50     17     -470.11     -1.93     -1.75     -0.18   0.02  0.0300
  2.50     17     -470.11     -1.90     -1.73     -0.18   0.02  0.0300
  2.50     17     -470.18     -1.91     -1.74     -0.17   0.02  0.0300
  2.50     17     -470.31     -1.87     -1.72     -0.16   0.02  0.0300
  2.50     17     -470.39     -1.87     -1.71     -0.16   0.02  0.0300
  2.50     17     -470.51     -1.90     -1.75     -0.15   0.02  0.0300
  2.50     17     -470.47     -1.91     -1.78     -0.14   0.02  0.0300
  2.50     17     -470.49     -1.97     -1.82     -0.15   0.02  0.0300
  2.50     17     -470.46     -1.93     -1.78     -0.15   0.02  0.0300
  2.50     17     -470.39     -1.89     -1.71     -0.18   0.02  0.0300
  2.50     18     -470.43     -1.89     -1.71     -0.18   0.01  0.0300
  2.50     18     -470.46     -1.86     -1.65     -0.21   0.01  0.0300
  2.50     18     -470.47     -1.81     -1.60     -0.21   0.01  0.0300
  2.50     18     -470.39     -1.78     -1.55     -0.23   0.01  0.0300
  2.50     18     -470.33     -1.81     -1.58     -0.23   0.01  0.0300
  2.50     18     -470.26     -1.84     -1.59     -0.25   0.01  0.0300
  2.50     18     -470.18     -1.91     -1.65     -0.25   0.01  0.0300
  2.50     18     -470.12     -1.97     -1.72     -0.25   0.01  0.0300
  2.50     18     -470.12     -2.09     -1.86     -0.23   0.01  0.0300
  2.50     18     -470.14     -2.20     -1.97     -0.23   0.01  0.0300
  2.50     19     -470.20     -2.29     -2.07     -0.22   0.01  0.0300
  2.50     19     -470.31     -2.35     -2.15     -0.21   0.01  0.0300
  2.50     19     -470.29     -2.33     -2.14     -0.19   0.01  0.0300
  2.50     19     -470.29     -2.26     -2.06     -0.20   0.01  0.0300
  2.50     19     -470.22     -2.23     -2.00     -0.23   0.01  0.0300
  2.50     19     -470.29     -2.24     -2.01     -0.23   0.01  0.0300
  2.50     19     -470.20     -2.28     -2.05     -0.23   0.01  0.0300
  2.50     19     -470.23     -2.27     -2.04     -0.22   0.01  0.0300
  2.50     19     -470.22     -2.24     -2.03     -0.22   0.01  0.0300
  2.50     19     -470.22     -2.23     -2.02     -0.20   0.01  0.0300
  2.50     20     -470.19     -2.22     -2.02     -0.20   0.01  0.0300
  2.50     20     -470.14     -2.24     -2.05     -0.20   0.01  0.0300
  2.50     20     -470.05     -2.25     -2.04     -0.21   0.01  0.0300
  2.50     20     -469.91     -2.22     -1.98     -0.24   0.01  0.0300
  2.50     20     -469.87     -2.23     -1.98     -0.25   0.01  0.0300
  2.50     20     -469.78     -2.23     -1.93     -0.30   0.01  0.0300
  2.50     20     -469.81     -2.15     -1.82     -0.32   0.01  0.0300
  2.50     20     -469.82     -2.05     -1.69     -0.35   0.01  0.0300
  2.50     20     -469.79     -1.95     -1.59     -0.36   0.01  0.0300
  2.50     20     -469.73     -1.90     -1.56     -0.34   0.01  0.0300
  2.50     21     -469.77     -1.88     -1.52     -0.35   0.01  0.0300
  2.50     21     -469.79     -1.83     -1.48     -0.35   0.01  0.0300
  2.50     21     -469.78     -1.86     -1.52     -0.35   0.01  0.0300
  2.50     21     -469.74     -1.87     -1.52     -0.34   0.01  0.0300
  2.50     21     -469.77     -1.85     -1.50     -0.35   0.01  0.0300
  2.50     21     -469.77     -1.78     -1.46     -0.33   0.01  0.0300
  2.50     21     -469.79     -1.71     -1.40     -0.31   0.01  0.0300
  2.50     21     -469.84     -1.69     -1.38     -0.31   0.01  0.0300
  2.50     21     -469.87     -1.67     -1.34     -0.33   0.01  0.0300
  2.50     21     -469.82     -1.61     -1.26     -0.35   0.01  0.0300
  2.50     22     -469.77     -1.56     -1.21     -0.35   0.01  0.0300
  2.50     22     -469.78     -1.59     -1.25     -0.34   0.01  0.0300
  2.50     22     -469.89     -1.63     -1.30     -0.33   0.01  0.0300
  2.50     22     -469.90     -1.65     -1.34     -0.30   0.01  0.0300
  2.50     22     -469.85     -1.61     -1.31     -0.29   0.01  0.0300
  2.50     22     -469.84     -1.58     -1.27     -0.31   0.01  0.0300
  2.50     22     -469.85     -1.56     -1.25     -0.31   0.01  0.0300
  2.50     22     -469.90     -1.55     -1.25     -0.29   0.01  0.0300
  2.50     22     -469.89     -1.54     -1.24     -0.30   0.01  0.0300
  2.50     22     -469.86     -1.56     -1.23     -0.33   0.01  0.0300
  2.50     23     -469.82     -1.57     -1.24     -0.34   0.01  0.0300
  2.50     23     -469.83     -1.56     -1.21     -0.35   0.01  0.0300
  2.50     23     -469.91     -1.54     -1.18     -0.36   0.01  0.0300
  2.50     23     -469.93     -1.54     -1.17     -0.36   0.01  0.0300
  2.50     23     -469.92     -1.56     -1.20     -0.36   0.01  0.0300
  2.50     23     -469.88     -1.60     -1.22     -0.38   0.01  0.0300
  2.50     23     -469.90     -1.59     -1.21     -0.38   0.01  0.0300
  2.50     23     -469.86     -1.57     -1.18     -0.38   0.01  0.0300
  2.50     23     -469.83     -1.57     -1.18     -0.39   0.01  0.0300
  2.50     23     -469.81     -1.57     -1.19     -0.38   0.01  0.0300
  2.50     24     -469.78     -1.63     -1.26     -0.38   0.01  0.0300
  2.50     24     -469.75     -1.70     -1.32     -0.38   0.01  0.0300
  2.50     24     -469.76     -1.75     -1.35     -0.40   0.01  0.0300
  2.50     24     -469.71     -1.74     -1.33     -0.41   0.01  0.0300
  2.50     24     -469.73     -1.71     -1.31     -0.41   0.01  0.0300
  2.50     24     -469.73     -1.65     -1.25     -0.40   0.01  0.0300
  2.50     24     -469.78     -1.58     -1.19     -0.39   0.01  0.0300
  2.50     24     -469.77     -1.53     -1.17     -0.37   0.01  0.0300
  2.50     24     -469.71     -1.49     -1.14     -0.35   0.01  0.0300
  2.50     24     -469.61     -1.45     -1.11     -0.34   0.01  0.0300
  2.50     25     -469.57     -1.41     -1.08     -0.33   0.01  0.0300
  2.50     25     -469.54     -1.39     -1.04     -0.35   0.01  0.0300
  2.50     25     -469.53     -1.41     -1.05     -0.35   0.01  0.0300
  2.50     25     -469.55     -1.42     -1.08     -0.35   0.01  0.0300
  2.50     25     -469.54     -1.45     -1.12     -0.33   0.01  0.0300
  2.50     25     -469.56     -1.46     -1.14     -0.33   0.01  0.0300
  2.50     25     -469.59     -1.45     -1.14     -0.31   0.01  0.0300
  2.50     25     -469.55     -1.39     -1.08     -0.31   0.01  0.0300
  2.50     25     -469.50     -1.34     -1.03     -0.31   0.01  0.0300
  2.50     25     -469.53     -1.28     -0.97     -0.31   0.01  0.0300
  2.50     26     -469.60     -1.27     -0.95     -0.32   0.01  0.0300
  2.50     26     -469.57     -1.25     -0.92     -0.33   0.01  0.0300
  2.50     26     -469.46     -1.21     -0.89     -0.32   0.01  0.0300
  2.50     26     -469.34     -1.23     -0.92     -0.31   0.01  0.0300
  2.50     26     -469.24     -1.23     -0.92     -0.30   0.01  0.0300
  2.50     26     -469.24     -1.21     -0.92     -0.30   0.01  0.0300
  2.50     26     -469.26     -1.18     -0.88     -0.30   0.01  0.0300
  2.50     26     -469.22     -1.10     -0.80     -0.31   0.01  0.0300
  2.50     26     -469.19     -1.02     -0.71     -0.31   0.01  0.0300
  2.50     26     -469.14     -0.97     -0.64     -0.33   0.01  0.0300
  2.50     27     -469.14     -0.94     -0.61     -0.33   0.01  0.0300
  2.50     27     -469.22     -0.91     -0.59     -0.32   0.01  0.0300
  2.50     27     -469.24     -0.89     -0.58     -0.30   0.01  0.0300
  2.50     27     -469.19     -0.88     -0.58     -0.30   0.01  0.0300
  2.50     27     -469.21     -0.90     -0.61     -0.29   0.01  0.0300
  2.50     27     -469.15     -0.93     -0.63     -0.30   0.01  0.0300
  2.50     27     -469.16     -0.97     -0.69     -0.28   0.01  0.0300
  2.50     27     -469.17     -1.01     -0.74     -0.27   0.01  0.0300
  2.50     27     -469.20     -1.04     -0.77     -0.27   0.01  0.0300
  2.50     27     -469.18     -0.99     -0.72     -0.27   0.01  0.0300
  2.50     28     -469.20     -0.92     -0.63     -0.29   0.01  0.0300
  2.50     28     -469.22     -0.81     -0.51     -0.30   0.01  0.0300
  2.50     28     -469.29     -0.67     -0.36     -0.32   0.01  0.0300
  2.50     28     -469.33     -0.56     -0.25     -0.31   0.01  0.0300
  2.50     28     -469.28     -0.46     -0.16     -0.30   0.01  0.0300
  2.50     28     -469.34     -0.43     -0.12     -0.31   0.01  0.0300
  2.50     28     -469.33     -0.44     -0.12     -0.32   0.01  0.0300
  2.50     28     -469.31     -0.42     -0.12     -0.30   0.01  0.0300
  2.50     28     -469.32     -0.39     -0.10     -0.29   0.01  0.0300
  2.50     28     -469.34     -0.33     -0.04     -0.29   0.01  0.0300
  2.50     29     -469.35     -0.30     -0.01     -0.29   0.01  0.0300
  2.50     29     -469.35     -0.29      0.01     -0.30   0.01  0.0300
  2.50     29     -469.36     -0.27      0.03     -0.30   0.01  0.0300
  2.50     29     -469.31     -0.24      0.07     -0.31   0.01  0.0300
  2.50     29     -469.32     -0.21      0.10     -0.32   0.01  0.0300
  2.50     29     -469.29     -0.19      0.14     -0.33   0.01  0.0300
  2.50     29     -469.29     -0.18      0.16     -0.34   0.01  0.0300
  2.50     29     -469.32     -0.19      0.16     -0.34   0.01  0.0300
  2.50     29     -469.31     -0.21      0.13     -0.34   0.01  0.0300
  2.50     29     -469.28     -0.23      0.10     -0.34   0.01  0.0300
  2.50     30     -469.33     -0.26      0.07     -0.33   0.01  0.0300
  2.50     30     -469.32     -0.26      0.07     -0.32   0.01  0.0300
  2.50     30     -469.29     -0.27      0.04     -0.31   0.01  0.0300
  2.50     30     -469.23     -0.35     -0.03     -0.32   0.01  0.0300
  2.50     30     -469.23     -0.46     -0.15     -0.31   0.01  0.0300
  2.50     30     -469.20     -0.50     -0.19     -0.30   0.01  0.0300
  2.50     30     -469.18     -0.48     -0.17     -0.30   0.01  0.0300
  2.50     30     -469.15     -0.38     -0.08     -0.30   0.01  0.0300
  2.50     30     -469.16     -0.36     -0.03     -0.32   0.01  0.0300
  2.50     30     -469.19     -0.36     -0.03     -0.34   0.01  0.0300
  2.50     31     -469.26     -0.34     -0.01     -0.34   0.01  0.0300
