 1.08  -0.481490E+03  0.184963E+02  0.166162E+02  0.188011E+01
 1.10  -0.493372E+03  0.146725E+02  0.151740E+02 -0.501432E+00
 1.03  -0.486216E+03  0.361923E+02  0.296825E+02  0.650972E+01
 1.05  -0.478748E+03  0.275689E+02  0.230561E+02  0.451286E+01
 1.01  -0.487188E+03  0.671372E+02  0.555218E+02  0.116154E+02
 1.20  -0.484228E+03  0.684597E+01  0.120018E+02 -0.515586E+01
 3.00  -0.464388E+03 -0.146930E+00  0.541686E+00 -0.688616E+00
 2.00  -0.457401E+03  0.647952E+00  0.129263E+01 -0.644680E+00
 1.50  -0.475006E+03  0.454794E-01  0.124318E+01 -0.119770E+01
 2.50  -0.464931E+03  0.561396E+00  0.113518E+01 -0.573785E+00
 3.00  -0.468244E+03 -0.151659E+01 -0.977397E+00 -0.539193E+00
 1.20  -0.488629E+03  0.554431E+01  0.103426E+02 -0.479828E+01
 1.03  -0.492094E+03  0.353700E+02  0.282142E+02  0.715578E+01
 1.08  -0.490039E+03  0.213488E+02  0.203709E+02  0.977998E+00
 1.50  -0.476971E+03 -0.658296E+00  0.817100E+00 -0.147540E+01
 1.05  -0.488431E+03  0.231224E+02  0.198514E+02  0.327103E+01
 1.10  -0.494069E+03  0.187255E+02  0.187984E+02 -0.728905E-01
 1.01  -0.490003E+03  0.707481E+02  0.595294E+02  0.112187E+02
 2.00  -0.463908E+03  0.322642E+00  0.816927E+00 -0.494286E+00
 2.50  -0.468948E+03  0.252043E+00  0.891892E+00 -0.639849E+00
 3.00  -0.466841E+03 -0.723954E+00 -0.611319E+00 -0.112636E+00
 1.50  -0.476964E+03  0.232109E+01  0.337707E+01 -0.105598E+01
 1.20  -0.489104E+03  0.283118E+01  0.781195E+01 -0.498076E+01
 2.00  -0.467358E+03 -0.108157E+01 -0.731898E+00 -0.349673E+00
 1.05  -0.493609E+03  0.246855E+02  0.225928E+02  0.209271E+01
 1.08  -0.493324E+03  0.205519E+02  0.192096E+02  0.134240E+01
 1.03  -0.494200E+03  0.379192E+02  0.314025E+02  0.651664E+01
 1.10  -0.495242E+03  0.128609E+02  0.120897E+02  0.771206E+00
 2.50  -0.470303E+03  0.267062E+01  0.366491E+01 -0.994297E+00
 1.01  -0.490680E+03  0.742107E+02  0.612354E+02  0.129752E+02
 3.00  -0.467089E+03 -0.228161E+01 -0.223638E+01 -0.452260E-01
 2.00  -0.469452E+03 -0.127565E+01 -0.109952E+01 -0.176133E+00
 1.03  -0.494739E+03  0.369823E+02  0.301223E+02  0.685998E+01
 1.50  -0.478407E+03  0.264855E+01  0.387503E+01 -0.122647E+01
 1.20  -0.490995E+03  0.166460E+01  0.572959E+01 -0.406499E+01
 1.05  -0.496660E+03  0.204181E+02  0.187824E+02  0.163575E+01
 2.50  -0.469621E+03 -0.169258E+00  0.414971E+00 -0.584234E+00
 1.08  -0.494533E+03  0.184828E+02  0.172352E+02  0.124768E+01
 1.01  -0.490981E+03  0.759999E+02  0.630541E+02  0.129457E+02
 1.10  -0.496340E+03  0.147730E+02  0.144286E+02  0.344356E+00
 3.00  -0.466993E+03 -0.166436E+01 -0.153202E+01 -0.132335E+00
 1.50  -0.478557E+03 -0.190421E-01  0.100178E+01 -0.102082E+01
 1.03  -0.495829E+03  0.368422E+02  0.307300E+02  0.611219E+01
 1.08  -0.495868E+03  0.195198E+02  0.178917E+02  0.162814E+01
 1.20  -0.491136E+03  0.740640E+00  0.506168E+01 -0.432104E+01
 2.00  -0.470635E+03 -0.331888E+00 -0.174268E+00 -0.157623E+00
 2.50  -0.470196E+03 -0.229020E+01 -0.207488E+01 -0.215323E+00
 1.05  -0.496855E+03  0.186710E+02  0.170977E+02  0.157334E+01
 1.10  -0.497231E+03  0.177339E+02  0.176399E+02  0.939926E-01
 1.01  -0.492143E+03  0.763373E+02  0.641661E+02  0.121711E+02
 2.00  -0.471041E+03  0.631541E+00  0.857645E+00 -0.226106E+00
 1.50  -0.478834E+03  0.192565E+00  0.133535E+01 -0.114279E+01
 2.50  -0.469823E+03 -0.157168E+01 -0.123660E+01 -0.335080E+00
 1.05  -0.497178E+03  0.166432E+02  0.150865E+02  0.155671E+01
 1.03  -0.496428E+03  0.388986E+02  0.332769E+02  0.562167E+01
 1.01  -0.492068E+03  0.745048E+02  0.624320E+02  0.120727E+02
 1.10  -0.496748E+03  0.189101E+02  0.184814E+02  0.428694E+00
 1.20  -0.490151E+03  0.167233E+01  0.588356E+01 -0.421123E+01
 3.00  -0.466929E+03 -0.122679E+01 -0.999399E+00 -0.227386E+00
 1.08  -0.495879E+03  0.202476E+02  0.185346E+02  0.171303E+01
 3.00  -0.467583E+03  0.207123E+00  0.435236E+00 -0.228109E+00
 1.50  -0.478711E+03 -0.359123E-01  0.107490E+01 -0.111082E+01
 1.20  -0.490649E+03  0.203290E+01  0.613236E+01 -0.409946E+01
 1.08  -0.496008E+03  0.194211E+02  0.177407E+02  0.168047E+01
 2.00  -0.472011E+03  0.851236E+00  0.117118E+01 -0.319950E+00
 1.05  -0.497630E+03  0.141541E+02  0.123796E+02  0.177454E+01
 1.03  -0.495338E+03  0.396314E+02  0.332469E+02  0.638450E+01
 2.50  -0.469145E+03 -0.939514E+00 -0.609727E+00 -0.329787E+00
 1.01  -0.492214E+03  0.724997E+02  0.603340E+02  0.121656E+02
 1.10  -0.496646E+03  0.205144E+02  0.200586E+02  0.455817E+00
 3.00  -0.468155E+03  0.373317E+00  0.660775E+00 -0.287455E+00
 1.50  -0.478638E+03  0.136073E+01  0.255937E+01 -0.119864E+01
 1.08  -0.496301E+03  0.194486E+02  0.177016E+02  0.174708E+01
 1.05  -0.498112E+03  0.125130E+02  0.103667E+02  0.214629E+01
 2.00  -0.472234E+03  0.144619E+01  0.170402E+01 -0.257834E+00
 1.01  -0.492372E+03  0.707338E+02  0.586123E+02  0.121213E+02
 1.20  -0.490673E+03  0.233766E+01  0.673366E+01 -0.439600E+01
 2.50  -0.469259E+03 -0.344372E+00 -0.703588E-02 -0.337336E+00
 1.03  -0.495486E+03  0.387886E+02  0.321773E+02  0.661129E+01
 1.10  -0.496731E+03  0.225202E+02  0.219093E+02  0.610951E+00
